19.1554;38.3946
18.7438;39.4162
18.7144;39.3483
18.6948;39.3143
18.6654;39.4162
18.6262;39.3823
18.5772;39.4162
18.5576;39.4162
18.5086;39.4162
18.4694;39.4162
18.44;39.4162
18.4008;39.4162
18.342;39.4842
18.3028;39.5521
18.2636;39.5521
18.2244;39.62
18.1852;39.5521
18.1656;39.5521
18.1166;39.586
18.0774;39.6539
18.048;39.6878
17.999;39.6878
17.95;39.7557
17.9108;39.7557
17.8716;39.7557
17.8324;39.8235
17.8128;39.7896
17.7932;39.7557
17.754;39.8574
17.705;39.8913
17.6756;39.8913
17.656;39.9591
17.6266;39.9252
17.5776;39.9591
17.5286;39.9591
17.509;39.8913
17.4796;39.8913
17.46;40.0268
17.4208;40.0607
17.362;40.0945
17.3424;40.1284
17.3032;40.1622
17.2542;40.0945
17.215;40.1622
17.1856;40.2299
17.1268;40.2299
17.1072;40.2299
17.068;40.1622
17.0288;40.0607
17.019;40.1622
16.9798;40.1622
16.9504;40.1284
16.9504;40.1622
16.9308;40.1622
16.9014;40.2299
16.8524;40.2299
16.823;40.2299
16.7936;40.3314
16.7544;40.3652
16.7348;40.3314
16.7152;40.399
16.7152;40.3652
16.7054;40.3652
16.6858;40.4328
16.6466;40.5004
16.6074;40.4328
16.5878;40.4666
16.578;40.5342
16.5682;40.5004
16.5584;40.5342
16.5584;40.5004
16.5584;40.5342
16.5584;40.568
16.6172;40.4328
16.7544;40.1961
17.068;39.6878
17.5286;38.8039
17.9696;38.0529
18.342;37.2307
18.7242;36.7495
19.1652;36.0603
19.5572;35.3687
20.008;34.4317
20.4392;33.9093
20.7724;33.2108
21.1252;32.5102
21.4192;31.948
21.7132;31.3844
21.9288;31.3139
22.2326;30.7486
22.556;30.5363
22.8206;29.9336
23.095;29.5072
23.2812;29.2581
23.4772;28.9375
23.683;28.6877
23.8692;28.4735
24.0848;28.259
24.3494;27.9011
24.4572;27.7578
24.6924;27.7219
24.7512;27.5426
24.8394;27.6144
24.9864;27.3632
25.0942;27.2914
25.202;27.2914
25.398;27.2555
25.398;27.2195
25.4862;27.1117
25.5548;27.1117
25.6724;26.9679
25.8194;27.0039
25.8194;27.0039
25.9272;26.896
25.986;26.824
26.0742;26.752
25.9468;27.0039
26.0448;26.896
26.0448;27.0398
26.1624;26.896
26.1722;26.896
26.0154;27.3273
25.9664;27.2914
25.839;27.4709
25.7508;27.7578
25.594;28.0801
25.5744;28.1159
25.5156;28.259
25.5744;28.259
25.7018;28.0801
25.7704;28.0801
25.6822;28.2232
25.79;28.1159
25.6626;28.3305
25.6724;28.402
25.8194;28.3305
25.8292;28.402
25.9272;28.259
25.9566;28.2232
25.8978;28.3305
25.8782;28.402
25.8488;28.4735
25.8194;28.6163
25.8194;28.6163
26.0252;28.259
26.084;28.1875
26.0644;28.1875
26.0938;28.1875
26.0448;28.259
26.084;28.1875
26.035;28.3305
26.2016;28.1159
26.231;28.1517
26.084;28.4735
26.1232;28.402
26.1036;28.402
25.8684;28.6877
25.8194;28.9018
25.545;29.2938
25.3098;29.5428
25.2608;29.7561
25.1824;29.7561
25.1236;29.8981
25.1824;29.8271
25.153;29.8271
25.1628;29.7561
25.153;29.8271
25.1628;29.9691
25.1824;29.8271
24.8884;30.2175
24.7512;30.3947
24.7316;30.4655
24.565;30.6425
24.467;30.6779
24.3494;30.8901
24.1338;31.2433
23.9868;31.4197
23.8986;31.5254
23.8496;31.5254
23.781;31.5254
23.5752;31.8776
23.4968;32.2995
23.4478;32.2995
23.3498;32.8958
23.2812;32.5803
23.1636;32.8608
23.0852;33.0709
23.0656;33.3507
23.0068;33.6651
22.9284;33.8396
22.8206;33.9093
22.7324;33.979
22.6834;34.188
22.5756;34.3969
22.5266;34.536
22.4678;34.9875
22.3502;34.7445
22.1934;35.0568
22.1346;35.1262
22.0268;35.2995
21.9092;35.4726
21.8112;35.7148
21.7132;35.7494
21.625;35.9567
21.5466;36.0948
21.4878;36.1293
21.4192;36.1983
21.3408;36.3707
21.2624;36.7495
21.2232;36.6118
21.1056;36.8871
21.0272;36.9215
20.9586;37.0246
20.9096;37.2307
20.9194;37.162
20.8802;37.162
20.8508;37.1963
20.8312;37.2993
20.7626;37.4022
20.7234;37.4365
20.743;37.4365
20.7136;37.4365
20.7136;37.8477
20.6744;37.5051
20.645;37.9503
20.6646;37.8477
20.6548;37.9161
20.6646;37.4365
20.6254;37.5737
20.5862;37.6422
20.5176;37.7107
20.4882;37.7792
20.4784;37.9161
20.449;37.9845
20.4294;37.8477
20.4392;37.9845
20.4098;38.1555
20.3804;37.8477
20.3314;37.9845
20.2922;37.9845
20.2432;38.258
20.2334;38.2239
20.204;38.3263
20.1844;38.258
20.1256;38.2922
20.106;38.3263
20.0864;38.3946
20.0668;38.3605
20.0178;38.3946
19.9688;38.497
19.8904;38.6334
19.8316;38.7357
19.7924;38.8039
19.7336;38.8379
19.6454;38.9742
19.3906;39.5521
19.2632;39.8235
19.1358;40.0945
19.0868;40.0945
18.9986;40.2638
18.93;40.399
18.8908;40.5004
18.832;40.568
18.7928;40.568
18.7536;40.6355
18.6752;40.7031
18.636;40.7031
18.6164;40.7706
18.5576;40.8043
18.489;40.9055
18.4596;40.973
18.4204;40.9055
18.3616;41.0404
18.2636;41.1414
18.1656;41.3435
18.1362;41.3771
18.1264;41.3771
18.1166;41.3435
18.1068;41.3771
18.0284;41.4444
18.0088;41.4444
18.0088;41.478
17.9696;41.5116
17.8814;41.5789
17.7344;41.8812
17.5776;42.25
17.46;42.5178
17.3424;42.7853
17.2444;42.9856
17.2052;43.0858
17.166;43.1858
17.1366;43.2191
17.0582;43.4524
16.9994;43.5855
16.9504;43.7851
16.872;43.9844
16.823;44.1172
16.8034;44.1836
16.774;44.2499
16.6858;44.5151
16.6368;44.5813
16.5976;44.8129
16.529;44.9121
16.5192;44.846
16.4506;45.1103
16.382;45.1763
16.284;45.5061
16.2644;45.6379
16.1664;46.0326
16.1174;46.0655
16.0684;46.2953
16.0586;46.3609
16.0488;46.4265
15.99;46.656
16.039;46.5577
16.0194;46.5577
16.0292;46.5577
16.0292;46.5577
15.9704;46.7542
15.892;47.0486
15.8528;47.1467
15.8136;47.3426
15.7842;47.5057
15.7548;47.6361
15.696;47.8641
15.696;47.9617
15.6568;48.0267
15.6372;48.0593
15.6176;48.1568
15.5882;48.3192
15.549;48.4815
15.5196;48.7408
15.5;48.5788
15.4314;48.9998
15.4412;48.9027
15.4608;48.9027
15.402;49.1615
15.3922;49.0969
15.3824;49.2262
15.2844;49.2908
15.2256;49.6135
15.1472;49.678
15.1178;49.8713
15.1178;49.8713
15.1178;50.0644
15.1178;50.4179
15.0786;50.6104
15.0884;50.45
15.0296;50.6425
15.01;50.6425
14.9414;50.9309
14.9512;50.8028
14.9806;50.8348
15.0884;50.7707
15.1178;50.6104
15.1178;50.6746
15.0884;50.7707
15.0786;50.8348
15.0198;51.0589
15.0002;50.9949
14.9904;51.1229
14.9806;51.1548
15.0786;50.9629
15.108;50.8988
15.1178;50.9629
15.1178;50.6104
15.1374;50.1287
15.2746;49.8713
15.3432;49.678
15.402;49.549
15.5;49.2908
15.7156;48.7732
15.794;49.1292
16.6172;47.0813
17.558;44.9121
18.4498;43.1858
19.1554;41.5116
19.8316;39.6878
20.449;37.9503
21.1056;36.1293
21.6446;35.3687
21.968;34.675
22.1052;34.1184
22.164;34.3969
22.262;33.9093
22.0954;34.2577
22.2032;34.188
22.3306;33.979
22.2326;34.2577
22.213;34.2925
21.9876;34.8139
21.6936;35.5072
21.38;36.1293
21.0762;36.8183
20.8116;37.5051
20.9978;37.1277
21.2036;36.6807
21.4094;36.3362
21.6152;35.9912
21.8406;35.5072
21.919;35.4726
22.1052;35.2302
22.066;35.2995
22.1248;35.2995
22.2032;35.1955
22.262;35.1609
22.2718;35.438
22.4972;34.9528
22.4384;35.0915
22.7226;34.675
22.752;34.536
22.7422;34.6403
22.8892;34.3969
22.9676;34.2577
23.0656;34.1184
23.0558;34.2229
22.8304;34.6055
22.801;34.7792
22.9382;34.536
23.0362;34.536
22.9774;34.536
23.0852;34.4664
23.0754;34.536
22.9284;34.8834
22.801;35.1609
22.7324;35.2995
22.6344;35.6456
22.5364;35.7148
22.4874;35.7839
22.4384;35.9567
22.458;36.1983
22.4972;35.9912
22.605;35.8876
22.7618;35.4726
22.7226;35.5764
22.7226;35.5072
22.752;35.5418
22.8108;35.6456
22.752;35.7839
22.7716;35.7839
22.7422;35.853
22.8206;35.7839
22.9872;35.438
22.8108;35.853
22.6932;36.0603
22.4286;36.4396
22.2718;36.5774
22.1444;36.8183
22.164;36.9215
22.213;36.8183
22.4482;36.3362
22.5658;36.1638
22.4384;36.3362
22.3404;36.6118
22.2032;36.8871
22.0562;37.1963
21.9386;37.4708
21.8112;37.6079
21.6838;37.8477
21.5466;38.3946
21.478;38.8039
21.3604;38.872
21.184;39.4842
21.0272;39.6878
20.8802;39.8913
20.792;39.9591
20.743;40.1622
20.645;40.2638
20.645;40.5004
20.5862;40.5004
20.6254;40.568
20.5078;40.3652
20.4196;40.4666
20.351;40.568
20.302;40.568
20.2432;40.7031
20.2432;40.7031
20.2138;40.6355
20.155;40.568
20.1452;40.6355
20.0962;40.7031
20.0668;40.8381
20.0276;40.7706
19.9982;40.9055
19.9786;40.8381
19.9296;40.8718
19.8904;40.9055
19.7728;41.0404
19.7532;41.1751
19.714;41.3098
19.6258;41.3435
19.5474;41.5789
19.4396;41.6461
19.371;41.7133
19.3024;41.7469
19.2632;41.7805
19.224;41.8476
19.1848;41.8476
19.1554;41.9483
19.1652;41.9483
19.1554;41.9818
19.1554;41.9483
19.1456;41.9147
19.126;41.9818
19.0966;41.9818
19.0868;41.9818
19.0574;42.0154
19.028;42.0489
19.0182;42.0824
18.9986;42.116
18.9692;42.116
18.9692;42.116
18.9398;42.116
18.9104;42.183
18.9104;42.2835
18.93;42.2165
18.8908;42.2165
18.8516;42.3505
18.8222;42.384
18.8124;42.4174
18.7634;42.4509
18.734;42.5847
18.734;42.5178
18.7242;42.5847
18.7046;42.6182
18.6948;42.6516
18.636;42.7185
18.636;42.7519
18.6066;42.8187
18.6164;42.8187
18.6066;42.8521
18.6164;42.8521
18.5968;42.8187
18.5968;42.8187
18.5772;42.8855
18.5772;42.9189
18.5968;42.8855
18.5968;42.8521
18.5772;42.8521
18.538;42.9523
18.5184;43.019
18.4988;43.019
18.4694;43.1191
18.44;43.2525
18.4302;43.1858
18.4204;43.2525
18.4204;43.2525
18.3812;43.2858
18.3714;43.3191
18.3714;43.3191
18.3518;43.3858
18.3224;43.4524
18.3224;43.4524
18.2636;43.5855
18.244;43.6853
18.2048;43.7186
18.2048;43.7186
18.1852;43.7851
18.1852;43.8515
18.146;43.918
18.1656;43.8515
18.1558;43.9512
18.1362;44.0508
18.1068;44.1172
18.1068;44.1504
18.097;44.2499
18.0284;44.5151
17.9696;44.846
17.9304;44.846
17.901;44.879
17.8716;45.0112
17.8226;45.2423
17.7932;45.3083
17.754;45.3413
17.7148;45.572
17.6854;45.6049
17.6756;45.572
17.6168;45.7695
17.5776;45.7366
17.5384;46.0655
17.5384;46.0655
17.5188;46.0655
17.509;46.0655
17.4796;46.0655
17.46;46.1312
17.4208;46.2297
17.3914;46.3937
17.3816;46.2953
17.3424;46.4265
17.3522;46.3937
17.3424;46.2953
17.3032;46.4265
17.2836;46.4265
17.264;46.4265
17.2444;46.5577
17.2346;46.6232
17.215;46.5577
17.1954;46.656
17.1856;46.5905
17.166;46.7542
17.1562;46.5249
17.166;46.6887
17.1366;46.7542
17.1268;46.656
17.0974;46.7542
17.0778;46.7542
17.0386;47.0159
16.9896;46.9832
16.9798;47.212
16.97;47.1467
16.9406;47.212
16.8916;47.2773
16.872;47.4079
16.8426;47.2447
16.8034;47.4079
16.7936;47.5383
16.7642;47.4731
16.7544;47.4405
16.7348;47.5057
16.6956;47.5709
16.5878;47.8641
16.578;47.799
16.5584;47.8966
16.5192;47.9617
16.4604;48.1893
16.4212;48.2543
16.3526;48.4815
16.3232;48.7084
16.284;48.7408
16.2448;49.1615
16.186;49.1938
16.1664;49.3554
16.1566;49.4845
16.1076;49.8069
16.0684;49.8391
16.0096;50.0322
15.9606;50.4179
15.8822;50.4821
15.843;50.6104
15.794;50.7707
15.7254;51.0909
15.7548;50.8348
15.7058;50.9629
15.696;51.0269
15.696;50.9949
15.647;51.0589
15.5588;51.2188
15.5686;51.2508
20.939;38.5993
23.2322;34.536
23.6928;33.7
23.8496;33.5604
24.0554;33.2458
24.1142;33.0009
24.0456;33.1759
24.0064;32.9659
23.8888;33.2108
24.026;33.0709
23.8104;33.4556
23.83;33.4206
23.6928;33.6651
23.8888;33.4556
24.0946;33.1409
24.2906;32.8608
24.3592;33.0009
24.4572;32.7907
24.5846;32.5102
24.7414;32.4049
24.663;32.5102
24.712;32.3698
24.6336;32.5102
24.4376;32.7907
24.2808;33.1759
24.3788;33.0709
24.712;32.6154
24.9766;32.44
25.153;32.2995
25.2314;32.3346
25.3;32.4049
25.3588;32.1941
25.2804;32.2995
25.251;32.6154
25.4666;32.44
25.6528;32.2293
25.8194;31.8776
25.7508;32.159
25.9468;31.8776
25.8292;32.0535
25.9174;32.0183
26.0056;31.948
25.9762;31.948
25.937;32.0183
26.0448;31.9128
26.1036;31.8072
26.1036;31.8072
26.3682;31.4549
26.5642;31.3139
26.5446;31.3139
26.77;31.1727
27.0836;30.9254
27.26;30.8901
27.456;30.6779
27.5148;30.7486
27.8284;30.2529
27.995;30.2529
28.2694;29.8271
28.6908;29.4005
29.024;28.9018
29.024;28.9731
29.22;28.7591
29.612;27.9727
29.5238;28.0443
29.0044;28.8305
28.73;29.1869
28.3576;29.8981
28.3968;29.8981
28.6516;29.5428
29.024;28.9018
29.3082;28.6163
29.8668;27.7578
30.2588;27.2914
29.8864;27.8294
29.8374;28.0085
29.906;27.8653
30.3764;27.3991
29.906;28.1159
29.4846;28.6877
29.759;28.3305
30.6704;27.1477
29.9452;28.0801
29.8276;28.3305
30.2588;27.6144
30.3666;27.3273
30.7292;26.896
29.514;28.6163
30.1804;27.6144
29.8472;28.0443
29.71;28.2232
29.6316;28.2948
29.416;28.6163
29.9942;27.6144
30.5332;26.824
30.4058;26.752
30.1608;27.0398
30.0334;27.1117
30.151;26.824
29.9354;27.1117
30.3274;26.5359
30.3764;26.5359
29.8472;27.1836
29.8276;27.1477
29.8374;27.1117
29.8962;26.896
30.2098;26.5359
30.0432;26.716
29.9256;26.824
29.9158;26.752
30.1608;26.3197
30.3568;25.9587
30.0236;26.3197
29.71;26.68
29.8374;26.4999
29.9746;26.2475
29.9844;26.1754
29.8962;26.2475
30.0628;26.031
29.8668;26.2475
30.0138;26.031
29.8668;26.1754
30.102;25.7781
30.298;25.5972
30.7782;25.0177
30.1804;25.7419
30.1118;25.8142
29.9942;25.9587
30.1216;25.6696
29.3474;26.788
30.1902;25.5972
29.7786;25.8865
29.5434;26.1032
25.5744;32.7206
24.369;34.8834
23.879;35.9221
23.487;36.8871
23.2812;37.2307
23.144;37.5394
22.948;37.7107
22.8696;38.0187
22.752;38.1897
22.703;38.1213
22.5266;38.5311
22.4188;38.7357
22.3502;38.9401
22.2816;39.0763
22.2032;39.1443
22.0954;39.3143
22.0366;39.2803
21.9778;39.1443
21.9288;39.3483
21.87;39.4842
21.7916;39.5521
21.7524;39.4162
21.6838;39.4162
21.576;39.5521
21.5368;39.8913
21.4878;39.4162
21.4192;39.5521
21.3604;39.5521
21.2918;39.586
21.2428;39.5521
21.1938;39.5521
21.1448;39.62
21.1056;39.5521
21.0566;39.9252
21.0076;40.1622
20.988;39.9591
20.9684;39.9591
20.939;40.0268
20.939;39.8235
20.8998;39.9929
20.8704;40.0607
20.8508;40.0607
20.8214;39.8913
20.8018;39.8235
20.7332;40.0268
20.6548;40.1284
20.6156;40.2976
20.5372;40.3652
20.4588;40.4328
20.4098;40.3652
20.2628;40.5004
20.1354;40.7706
20.0766;40.6355
20.0178;40.4328
19.9688;40.5342
19.8904;40.568
19.8512;40.7031
19.812;40.7031
19.7826;40.7031
19.7826;40.8718
19.7336;40.6355
19.6944;40.8381
19.7042;41.0404
19.6846;40.7031
19.616;40.7706
19.616;40.973
19.6062;40.8381
19.5572;41.0404
19.518;41.1414
19.4788;41.1078
19.4298;41.1414
