76.0;0.0262;69.5
81.0;0.0255;68.8
80.0;0.0243;69.0
76.0;0.0255;68.4
70.0;0.0224;68.1
61.0;0.0207;67.7
60.0;0.0209;67.9
62.0;0.0202;68.0
61.0;0.02;67.5
57.0;0.0199;67.7
53.0;0.0177;67.6
49.0;0.0171;68.1
51.0;0.0176;68.2
55.0;0.0188;68.2
48.0;0.0167;67.7
53.0;0.0171;68.5
49.0;0.0164;68.5
49.0;0.0167;67.8
46.0;0.0159;67.5
47.0;0.0162;67.8
49.0;0.0159;67.9
46.0;0.0165;67.8
43.0;0.0157;67.5
42.0;0.0153;67.4
42.0;0.0146;67.7
40.0;0.016;68.0
42.0;0.0152;67.8
40.0;0.0163;68.3
48.0;0.0171;67.9
42.0;0.0158;67.6
40.0;0.0174;67.5
44.0;0.0186;67.7
40.0;0.0171;67.4
40.0;0.0159;67.5
40.0;0.0155;67.5
36.0;0.0167;67.4
36.0;0.0163;67.3
40.0;0.0194;66.9
40.0;0.0181;67.3
51.0;0.0211;67.4
45.0;0.0192;68.0
44.0;0.0175;67.8
44.0;0.018000000000000002;67.6
47.0;0.0205;67.6
52.0;0.0207;67.5
55.0;0.0205;67.9
53.0;0.0204;68.0
53.0;0.0205;67.8
55.0;0.021;67.6
57.0;0.0223;67.7
65.0;0.0235;67.6
70.0;0.026000000000000002;67.8
77.0;0.0277;67.9
87.0;0.0301;68.0
93.0;0.035;68.4
106.0;0.0384;68.2
106.0;0.0365;68.2
121.0;0.040999999999999995;68.9
121.0;0.0397;68.7
119.0;0.0404;68.7
120.0;0.0399;68.4
123.0;0.0423;68.5
143.0;0.0476;68.6
154.0;0.0525;68.5
161.0;0.0564;68.6
174.0;0.0618;68.6
183.0;0.0629;68.9
194.0;0.0681;68.5
205.0;0.0705;68.5
216.0;0.0719;68.8
209.0;0.0716;68.9
196.0;0.0693;68.8
197.0;0.0703;66.3
203.0;0.0728;65.0
213.0;0.0755;64.6
226.0;0.0799;64.5
236.0;0.0826;64.1
239.0;0.0845;64.4
247.0;0.0855;64.5
249.0;0.0876;64.5
251.0;0.0919;64.1
266.0;0.0921;64.3
258.0;0.0909;64.3
247.0;0.0855;64.3
243.0;0.0833;64.6
247.0;0.0869;64.2
257.0;0.08900000000000001;64.0
264.0;0.0911;64.8
262.0;0.0923;64.3
269.0;0.09300000000000001;64.3
275.0;0.0962;64.2
275.0;0.096;64.2
277.0;0.0972;63.9
275.0;0.0984;64.1
266.0;0.0955;64.1
262.0;0.0924;63.9
250.0;0.0898;63.6
245.0;0.0861;64.0
245.0;0.0877;63.8
250.0;0.0874;63.8
245.0;0.087;64.0
245.0;0.0875;63.8
243.0;0.0849;63.8
243.0;0.0865;63.7
249.0;0.0874;63.5
249.0;0.0899;63.4
245.0;0.0877;63.4
243.0;0.0864;63.5
234.0;0.0847;63.1
231.0;0.084;63.1
230.0;0.0843;62.5
233.0;0.0834;62.4
236.0;0.0849;62.4
237.0;0.0858;62.4
239.0;0.0855;62.5
241.0;0.0865;62.4
243.0;0.0888;62.3
245.0;0.0875;62.1
243.0;0.0878;62.1
238.0;0.0871;62.0
234.0;0.0856;62.0
237.0;0.0852;62.1
241.0;0.0866;61.9
245.0;0.0882;61.6
245.0;0.08800000000000001;61.9
243.0;0.0872;61.7
241.0;0.0867;61.8
243.0;0.08800000000000001;61.7
250.0;0.0927;61.7
250.0;0.0913;61.3
251.0;0.0912;61.4
247.0;0.091;61.0
247.0;0.0918;61.2
249.0;0.0922;61.2
257.0;0.0928;61.2
251.0;0.094;61.1
264.0;0.0936;60.9
268.0;0.09699999999999999;60.9
253.0;0.1076;61.0
254.0;0.0996;60.6
256.0;0.1012;60.7
252.0;0.0977;60.8
258.0;0.098;60.8
253.0;0.0995;60.7
257.0;0.1002;61.1
254.0;0.0947;61.4
258.0;0.0971;61.3
260.0;0.099;61.1
260.0;0.0993;61.1
262.0;0.0992;60.9
257.0;0.0983;61.2
258.0;0.0991;61.1
264.0;0.1022;60.6
262.0;0.1002;59.9
262.0;0.1011;59.4
257.0;0.0983;59.8
260.0;0.1005;60.0
258.0;0.1002;59.6
262.0;0.1032;59.9
268.0;0.1078;59.9
269.0;0.1146;59.8
266.0;0.1149;60.0
266.0;0.11599999999999999;60.0
270.0;0.1195;59.9
272.0;0.1193;60.1
272.0;0.1212;59.6
273.0;0.1225;59.8
271.0;0.1213;59.5
266.0;0.1211;59.0
270.0;0.1207;58.6
273.0;0.1211;58.6
273.0;0.1204;58.2
273.0;0.1226;57.8
275.0;0.1283;57.3
275.0;0.1237;57.3
272.0;0.1252;56.4
275.0;0.1283;56.9
279.0;0.1263;56.2
279.0;0.1269;52.6
277.0;0.1329;53.9
275.0;0.1288;53.8
277.0;0.1295;53.1
279.0;0.1313;53.7
281.0;0.1318;53.2
277.0;0.1268;53.3
277.0;0.1348;53.1
275.0;0.139;50.8
273.0;0.1384;53.3
279.0;0.1355;50.3
279.0;0.1342;47.9
277.0;0.1364;49.4
271.0;0.1294;51.3
271.0;0.1314;53.4
275.0;0.138;52.9
275.0;0.1333;53.2
277.0;0.133;53.9
275.0;0.131;55.4
275.0;0.1256;55.9
266.0;0.1239;56.1
275.0;0.1318;56.3
275.0;0.1212;56.5
277.0;0.1249;56.8
277.0;0.1241;57.0
271.0;0.1275;57.2
268.0;0.1226;57.5
273.0;0.12300000000000001;57.7
280.0;0.127;57.9
283.0;0.1333;58.2
281.0;0.1261;58.0
275.0;0.1222;57.6
273.0;0.1156;57.7
265.0;0.114;57.8
265.0;0.1124;58.1
264.0;0.1057;58.6
268.0;0.1071;58.6
254.0;0.1012;58.7
262.0;0.1007;59.8
260.0;0.0987;61.5
267.0;0.1014;63.9
262.0;0.0998;64.7
256.0;0.0977;65.5
262.0;0.0943;65.8
247.0;0.09300000000000001;65.9
256.0;0.0941;66.1
262.0;0.0919;65.9
260.0;0.0928;66.3
247.0;0.0917;66.7
245.0;0.0892;66.6
252.0;0.078;67.0
257.0;0.0762;67.0
254.0;0.0747;66.7
254.0;0.0755;67.1
252.0;0.073;66.9
241.0;0.0716;67.0
235.0;0.0714;66.8
237.0;0.0715;66.7
229.0;0.0712;66.6
239.0;0.0696;66.2
230.0;0.0699;66.3
225.0;0.0674;66.2
230.0;0.0679;66.3
236.0;0.0716;66.3
239.0;0.0691;66.5
214.0;0.0681;66.5
231.0;0.066;66.5
237.0;0.0657;66.5
226.0;0.0693;66.6
220.0;0.0622;66.7
222.0;0.0665;66.8
205.0;0.0634;66.9
213.0;0.0622;67.0
214.0;0.0601;67.2
201.0;0.0646;67.3
207.0;0.057999999999999996;67.4
224.0;0.0609;67.6
213.0;0.0608;67.8
209.0;0.0594;68.3
197.0;0.0601;68.1
196.0;0.0576;68.0
192.0;0.0568;68.1
194.0;0.0586;68.4
196.0;0.0586;68.4
205.0;0.055999999999999994;68.5
182.0;0.0535;68.8
174.0;0.0562;68.7
184.0;0.0551;68.8
190.0;0.0517;68.8
186.0;0.0516;68.3
173.0;0.0541;68.4
171.0;0.049;68.3
165.0;0.0533;68.4
165.0;0.0513;68.5
146.0;0.0473;68.7
153.0;0.0447;68.8
148.0;0.0454;68.9
145.0;0.0464;68.8
135.0;0.043;68.8
141.0;0.0448;68.5
133.0;0.0412;68.9
131.0;0.0406;68.3
127.0;0.0403;68.3
127.0;0.0403;68.6
129.0;0.0362;68.4
116.0;0.0362;68.5
118.0;0.0389;68.8
123.0;0.0398;68.6
114.0;0.0356;68.7
114.0;0.0353;68.7
106.0;0.0332;69.0
105.0;0.0329;68.5
100.0;0.0301;68.8
110.0;0.0331;68.5
95.0;0.0279;68.2
93.0;0.0296;68.1
84.0;0.0261;68.1
81.0;0.0267;68.2
82.0;0.026000000000000002;68.0
80.0;0.0251;68.6
74.0;0.0235;68.3
70.0;0.0231;68.5
72.0;0.0252;68.8
72.0;0.0222;68.5
72.0;0.021;68.5
70.0;0.0213;68.3
63.0;0.0203;68.3
63.0;0.019;68.7
61.0;0.0188;68.6
61.0;0.0207;68.5
60.0;0.0188;68.3
57.0;0.0194;68.3
57.0;0.0176;68.8
57.0;0.0179;68.4
60.0;0.0179;68.8
57.0;0.0176;68.8
50.0;0.0176;68.6
55.0;0.0178;68.4
55.0;0.0172;68.3
49.0;0.0163;68.8
50.0;0.0154;68.5
48.0;0.018000000000000002;67.9
51.0;0.0178;68.2
47.0;0.0163;67.9
44.0;0.0156;68.0
46.0;0.0147;67.9
44.0;0.0146;68.2
45.0;0.0161;68.3
43.0;0.0161;68.2
46.0;0.017;67.9
49.0;0.0166;68.2
48.0;0.0188;68.0
44.0;0.0163;67.9
44.0;0.0167;68.1
40.0;0.0163;68.2
44.0;0.015;67.9
52.0;0.0166;68.0
45.0;0.0161;68.0
43.0;0.016;68.1
42.0;0.0162;67.8
46.0;0.0156;67.8
46.0;0.0161;67.6
45.0;0.0167;68.0
49.0;0.0169;68.1
48.0;0.017;68.2
52.0;0.0183;68.1
57.0;0.0195;68.4
57.0;0.0196;68.4
59.0;0.0197;68.3
64.0;0.0205;68.1
57.0;0.0198;68.1
59.0;0.0223;68.3
63.0;0.024;67.9
78.0;0.0264;68.0
89.0;0.0275;68.0
78.0;0.026000000000000002;68.3
83.0;0.0279;68.1
87.0;0.0295;68.4
95.0;0.0328;68.4
112.0;0.0356;68.7
106.0;0.0326;68.7
112.0;0.0344;68.8
116.0;0.0371;68.0
125.0;0.0377;67.5
129.0;0.04;67.3
129.0;0.0395;67.2
148.0;0.043;67.5
136.0;0.0456;67.3
144.0;0.0459;67.5
146.0;0.0442;67.6
143.0;0.0465;67.8
154.0;0.0473;67.9
165.0;0.0499;68.2
163.0;0.0498;68.0
171.0;0.0509;67.4
172.0;0.0521;66.5
175.0;0.0522;66.2
169.0;0.053;65.8
188.0;0.0563;65.9
198.0;0.0586;65.7
194.0;0.0577;66.0
197.0;0.0603;66.0
198.0;0.0632;66.1
197.0;0.0624;66.1
203.0;0.0645;65.9
226.0;0.0664;65.9
196.0;0.0608;65.6
203.0;0.0634;65.8
203.0;0.0641;65.7
216.0;0.067;65.3
209.0;0.0637;65.6
227.0;0.0667;65.9
215.0;0.0682;65.8
228.0;0.0687;65.7
215.0;0.0696;65.9
220.0;0.0703;65.7
220.0;0.0712;65.5
218.0;0.0696;66.0
212.0;0.0685;66.1
211.0;0.0678;65.7
215.0;0.0687;65.5
220.0;0.0712;65.4
222.0;0.0718;65.5
225.0;0.0732;65.3
228.0;0.0739;65.4
230.0;0.0744;65.5
237.0;0.0771;64.9
239.0;0.0765;65.0
237.0;0.078;65.1
231.0;0.0756;65.1
231.0;0.0746;65.2
224.0;0.0743;65.1
231.0;0.075;65.0
233.0;0.0765;64.9
237.0;0.0772;65.0
240.0;0.0781;64.8
243.0;0.0793;64.8
245.0;0.0809;64.7
249.0;0.0813;64.5
248.0;0.0809;64.6
247.0;0.08;64.6
247.0;0.0803;64.5
251.0;0.0812;64.1
250.0;0.0814;64.6
250.0;0.0828;64.7
251.0;0.0806;64.7
252.0;0.0822;64.8
252.0;0.0817;65.2
254.0;0.0809;65.1
250.0;0.08199999999999999;65.0
254.0;0.0835;64.9
255.0;0.0833;64.9
254.0;0.0834;65.0
256.0;0.0826;65.0
255.0;0.083;65.1
256.0;0.0834;65.2
260.0;0.086;65.3
262.0;0.0866;64.7
260.0;0.0848;64.7
258.0;0.0852;64.8
260.0;0.0852;64.8
262.0;0.0852;64.9
258.0;0.0847;64.3
258.0;0.0856;65.0
262.0;0.0847;64.9
257.0;0.0839;64.9
258.0;0.0833;65.2
257.0;0.0826;65.1
262.0;0.084;65.4
262.0;0.0846;64.9
260.0;0.0851;65.2
262.0;0.0851;65.4
262.0;0.0849;65.4
262.0;0.0845;65.3
264.0;0.0856;65.3
264.0;0.0855;65.2
258.0;0.0843;65.4
257.0;0.0839;65.1
257.0;0.0837;65.2
256.0;0.0835;65.5
257.0;0.0832;65.5
260.0;0.0842;65.3
262.0;0.0831;65.5
262.0;0.0832;65.5
260.0;0.0826;65.5
255.0;0.0822;65.6
262.0;0.0833;65.6
262.0;0.0841;65.7
262.0;0.0839;65.7
264.0;0.0853;65.4
255.0;0.0826;65.5
258.0;0.083;65.7
262.0;0.0846;65.8
264.0;0.0847;65.7
262.0;0.0844;65.5
262.0;0.0825;65.7
258.0;0.0831;65.8
258.0;0.0825;65.9
260.0;0.0842;65.8
262.0;0.0849;65.8
260.0;0.0842;66.2
256.0;0.0824;65.9
251.0;0.0806;65.9
254.0;0.0815;65.9
260.0;0.0831;65.9
262.0;0.0834;66.0
258.0;0.0839;66.1
260.0;0.0833;66.1
260.0;0.0825;66.4
260.0;0.0832;66.3
258.0;0.0833;66.4
262.0;0.0834;66.1
266.0;0.08199999999999999;66.1
250.0;0.0809;66.2
251.0;0.0802;66.3
251.0;0.0809;66.3
254.0;0.0818;66.2
251.0;0.0814;66.3
257.0;0.08199999999999999;66.8
252.0;0.0807;66.6
250.0;0.0793;66.5
249.0;0.0793;66.5
247.0;0.0788;66.6
247.0;0.0776;66.8
243.0;0.0768;66.8
240.0;0.0767;66.9
238.0;0.0762;66.7
238.0;0.0746;66.8
239.0;0.075;66.9
238.0;0.0747;67.1
245.0;0.0748;67.1
245.0;0.0736;67.4
233.0;0.0732;67.2
231.0;0.0711;67.3
228.0;0.0719;67.5
224.0;0.0701;67.3
218.0;0.0693;67.1
216.0;0.0685;67.3
225.0;0.0671;67.3
214.0;0.0672;67.3
214.0;0.0669;67.4
212.0;0.0663;67.7
215.0;0.0654;67.5
207.0;0.0645;67.3
201.0;0.064;67.4
203.0;0.0648;67.3
203.0;0.0653;66.9
207.0;0.0627;66.7
200.0;0.064;66.5
195.0;0.0631;66.2
195.0;0.0617;66.4
194.0;0.0619;66.4
194.0;0.0622;66.6
197.0;0.062;66.7
195.0;0.0604;66.7
190.0;0.0603;66.8
185.0;0.0591;66.8
188.0;0.0584;66.9
194.0;0.0583;67.1
188.0;0.0584;67.2
180.0;0.0569;67.2
190.0;0.057;67.3
186.0;0.0566;67.8
188.0;0.0564;68.4
176.0;0.0562;68.5
188.0;0.0564;68.6
188.0;0.0561;68.7
196.0;0.0555;68.7
188.0;0.0542;68.8
176.0;0.0556;68.7
179.0;0.0542;68.7
171.0;0.0543;68.8
173.0;0.0536;68.7
188.0;0.0527;68.8
167.0;0.0513;68.5
169.0;0.0528;68.3
169.0;0.052000000000000005;68.5
165.0;0.0527;68.3
163.0;0.0511;68.5
177.0;0.0497;68.8
175.0;0.0489;68.9
160.0;0.0479;68.9
159.0;0.048;68.9
150.0;0.0462;69.2
160.0;0.045;69.0
158.0;0.0446;69.2
154.0;0.0432;68.8
146.0;0.0425;68.7
139.0;0.0418;68.5
141.0;0.0413;68.6
146.0;0.0403;68.5
123.0;0.0384;68.6
124.0;0.0379;68.5
119.0;0.037000000000000005;68.6
119.0;0.0359;68.5
112.0;0.035;68.7
118.0;0.0335;68.5
114.0;0.0315;68.8
100.0;0.0302;68.9
106.0;0.0301;68.7
103.0;0.0293;68.5
97.0;0.0286;68.4
101.0;0.0301;68.5
95.0;0.0267;68.6
83.0;0.0251;68.7
87.0;0.024;68.7
84.0;0.024;68.8
76.0;0.0229;68.5
74.0;0.0218;68.7
74.0;0.0213;68.9
70.0;0.021;68.8
65.0;0.0204;68.6
67.0;0.0199;68.6
67.0;0.019;68.4
62.0;0.0187;68.4
60.0;0.0187;68.7
55.0;0.0171;68.8
55.0;0.0169;68.4
52.0;0.0165;68.7
51.0;0.0164;68.4
52.0;0.0162;68.7
51.0;0.0163;68.7
50.0;0.0161;68.7
50.0;0.0156;68.6
49.0;0.0156;68.7
47.0;0.0146;68.8
46.0;0.0143;68.7
42.0;0.0135;68.6
42.0;0.0133;68.7
42.0;0.0131;68.8
40.0;0.0127;68.8
38.0;0.0119;68.4
36.0;0.0118;68.6
36.0;0.0116;68.5
34.0;0.0111;68.8
34.0;0.0109;68.9
34.0;0.0105;68.8
35.0;0.0105;68.5
33.0;0.0102;68.6
32.0;0.0103;68.7
31.0;0.0098;68.8
31.0;0.01;68.6
30.0;0.0095;68.6
30.0;0.0097;68.8
29.0;0.0094;68.5
27.0;0.0094;68.1
28.0;0.0091;68.4
28.0;0.009000000000000001;68.4
29.0;0.0095;68.4
29.0;0.0092;68.3
29.0;0.0092;68.4
29.0;0.0095;68.4
29.0;0.0097;68.3
32.0;0.01;68.4
33.0;0.0106;68.5
34.0;0.0108;68.7
32.0;0.0105;68.6
34.0;0.0106;68.4
32.0;0.0103;68.5
34.0;0.0109;68.4
34.0;0.0105;68.6
38.0;0.0119;68.6
38.0;0.0126;68.5
40.0;0.0134;68.4
42.0;0.0141;68.2
45.0;0.0148;68.6
49.0;0.0154;68.5
49.0;0.0158;68.4
48.0;0.0155;68.4
57.0;0.016;68.5
48.0;0.0156;68.2
52.0;0.0161;68.3
55.0;0.0176;68.3
59.0;0.0187;68.5
74.0;0.0202;68.5
72.0;0.021;68.5
67.0;0.0212;68.6
74.0;0.0221;69.0
74.0;0.0232;69.0
82.0;0.0244;69.0
80.0;0.0242;69.1
84.0;0.0237;69.1
87.0;0.0247;68.8
95.0;0.0264;68.9
97.0;0.0281;68.8
104.0;0.0286;68.7
105.0;0.0298;68.5
107.0;0.031;68.8
101.0;0.0302;69.0
102.0;0.0311;68.9
106.0;0.0327;69.1
112.0;0.0332;68.9
108.0;0.0339;69.1
116.0;0.0337;69.1
112.0;0.0328;68.5
119.0;0.0341;68.2
127.0;0.0355;68.1
142.0;0.038;68.5
131.0;0.0374;68.4
125.0;0.0394;68.4
137.0;0.0404;68.3
137.0;0.0416;68.4
150.0;0.0437;68.2
148.0;0.0453;68.2
163.0;0.0455;68.0
150.0;0.0453;68.1
153.0;0.0465;67.7
154.0;0.0469;67.8
160.0;0.0484;67.6
167.0;0.0514;67.7
171.0;0.0527;67.5
175.0;0.0538;67.5
179.0;0.0548;67.5
184.0;0.0561;67.5
188.0;0.0575;67.4
193.0;0.0592;67.3
196.0;0.0603;67.3
194.0;0.0601;67.6
194.0;0.0603;67.0
192.0;0.0597;67.0
205.0;0.0611;66.8
201.0;0.0627;66.8
207.0;0.0638;66.7
209.0;0.0646;66.6
211.0;0.0648;66.5
215.0;0.0659;66.7
222.0;0.0686;66.6
222.0;0.0683;66.6
224.0;0.069;66.6
222.0;0.0687;66.7
220.0;0.0682;66.6
216.0;0.0674;66.3
222.0;0.0688;66.2
227.0;0.0701;66.3
225.0;0.0694;66.0
228.0;0.0711;66.2
236.0;0.071;65.9
236.0;0.0733;65.9
238.0;0.07400000000000001;65.7
239.0;0.0749;65.8
238.0;0.0749;65.7
243.0;0.0754;65.6
243.0;0.0751;65.6
239.0;0.0753;65.8
243.0;0.0772;65.7
243.0;0.0784;65.8
247.0;0.0779;65.4
248.0;0.0785;65.2
251.0;0.0796;65.5
254.0;0.0798;65.1
256.0;0.0813;65.1
255.0;0.0828;65.0
254.0;0.0818;65.0
253.0;0.0802;65.2
251.0;0.0809;65.3
249.0;0.0803;65.3
251.0;0.0794;65.2
253.0;0.081;65.1
255.0;0.0826;64.8
257.0;0.0803;64.7
254.0;0.0808;64.6
254.0;0.08199999999999999;64.8
254.0;0.0816;64.8
254.0;0.0808;64.4
253.0;0.0807;64.8
250.0;0.0806;64.6
245.0;0.0777;64.8
247.0;0.0789;64.9
245.0;0.0786;65.0
249.0;0.0786;65.1
249.0;0.0796;65.2
247.0;0.0782;65.2
247.0;0.0775;65.0
243.0;0.0762;65.1
247.0;0.078;65.2
245.0;0.0778;65.3
243.0;0.0761;65.2
240.0;0.0763;65.3
245.0;0.0767;65.5
240.0;0.0744;65.3
245.0;0.0783;65.2
245.0;0.0773;65.5
243.0;0.0773;65.1
241.0;0.0769;65.2
249.0;0.0775;65.2
249.0;0.0788;65.2
249.0;0.0785;65.2
247.0;0.0774;65.7
250.0;0.0778;65.5
245.0;0.077;65.3
243.0;0.077;65.5
243.0;0.0767;65.4
247.0;0.0768;65.7
245.0;0.0776;65.8
253.0;0.0791;65.2
245.0;0.0776;65.3
245.0;0.0766;65.4
243.0;0.0773;65.7
243.0;0.0766;65.6
241.0;0.076;65.6
240.0;0.0752;65.6
234.0;0.0744;66.0
232.0;0.0738;65.9
238.0;0.0745;65.9
234.0;0.0738;66.1
237.0;0.0742;66.0
234.0;0.0734;66.6
233.0;0.0732;66.5
228.0;0.0719;66.8
228.0;0.0724;66.7
228.0;0.0713;66.5
226.0;0.0716;66.4
228.0;0.0716;66.6
224.0;0.0703;66.8
224.0;0.0707;66.6
226.0;0.0713;66.7
226.0;0.0712;66.7
227.0;0.0723;66.5
236.0;0.0699;66.2
220.0;0.0692;66.6
241.0;0.0679;66.5
222.0;0.068;66.4
217.0;0.0674;66.4
216.0;0.0669;66.3
213.0;0.0666;66.3
211.0;0.0664;66.4
211.0;0.0656;66.2
209.0;0.067;66.2
213.0;0.0676;66.0
214.0;0.067;65.8
215.0;0.0677;65.8
210.0;0.0671;65.6
209.0;0.0664;65.3
205.0;0.0663;65.1
207.0;0.0667;64.8
213.0;0.067;64.5
205.0;0.0659;64.4
205.0;0.0672;64.3
203.0;0.0662;64.0
203.0;0.0655;64.2
209.0;0.0679;64.4
205.0;0.0679;64.1
207.0;0.0674;64.5
205.0;0.0659;64.0
199.0;0.0648;64.0
198.0;0.0637;64.1
198.0;0.0645;63.9
192.0;0.0628;64.6
188.0;0.0608;64.5
185.0;0.0597;64.6
182.0;0.0596;66.6
183.0;0.0588;67.3
180.0;0.0577;67.9
178.0;0.057;68.2
186.0;0.0568;68.5
177.0;0.0559;68.4
169.0;0.0544;68.7
167.0;0.0534;68.7
163.0;0.053;68.7
165.0;0.0526;68.8
157.0;0.0508;68.9
159.0;0.0496;69.1
150.0;0.0484;68.8
148.0;0.0466;68.7
146.0;0.0459;68.8
141.0;0.0456;68.7
137.0;0.0436;68.6
131.0;0.0418;68.8
131.0;0.0403;68.6
121.0;0.0387;68.6
127.0;0.0376;68.8
114.0;0.0371;68.5
108.0;0.0344;68.8
107.0;0.0328;68.8
97.0;0.0311;68.9
97.0;0.0302;68.6
93.0;0.0302;68.8
91.0;0.0293;68.7
95.0;0.0288;68.5
89.0;0.0273;68.8
83.0;0.026000000000000002;68.8
78.0;0.0253;68.7
76.0;0.0245;69.0
76.0;0.0232;68.6
70.0;0.0224;68.2
68.0;0.0217;68.4
61.0;0.0205;69.7
59.0;0.0189;69.0
60.0;0.0198;68.8
55.0;0.0178;69.0
57.0;0.0175;68.6
52.0;0.0172;68.5
49.0;0.0165;68.8
46.0;0.016;68.8
44.0;0.0154;68.4
46.0;0.0146;68.3
42.0;0.0139;68.1
38.0;0.0133;68.2
38.0;0.0136;68.6
40.0;0.0129;68.6
40.0;0.0136;68.7
36.0;0.0129;68.5
35.0;0.0128;68.4
34.0;0.0122;68.2
32.0;0.0115;68.1
36.0;0.0123;68.1
31.0;0.0112;67.9
31.0;0.0113;68.0
32.0;0.0112;67.9
29.0;0.0111;67.9
31.0;0.0116;67.9
30.0;0.0113;67.9
29.0;0.0109;67.9
30.0;0.0109;68.1
29.0;0.0108;67.9
30.0;0.0109;68.0
29.0;0.0108;67.9
29.0;0.0114;67.7
30.0;0.0117;67.9
30.0;0.0111;67.9
29.0;0.0101;67.8
31.0;0.0119;67.4
31.0;0.0125;67.8
30.0;0.0117;67.6
33.0;0.012;67.7
32.0;0.0125;67.9
35.0;0.0131;67.6
38.0;0.0135;67.7
40.0;0.0143;67.9
44.0;0.0153;67.9
47.0;0.0169;68.2
51.0;0.018000000000000002;67.8
49.0;0.0178;68.0
48.0;0.0177;67.7
49.0;0.0182;67.8
51.0;0.0188;68.1
57.0;0.021;68.1
63.0;0.0232;68.0
74.0;0.0248;68.2
76.0;0.0256;68.1
85.0;0.0317;68.4
97.0;0.0332;68.6
104.0;0.0353;68.8
116.0;0.0398;69.3
108.0;0.0373;68.9
108.0;0.0388;68.7
118.0;0.0407;68.9
125.0;0.0451;68.6
135.0;0.0449;68.7
153.0;0.0484;68.8
161.0;0.0551;69.6
163.0;0.0582;69.7
188.0;0.0608;69.4
194.0;0.0666;69.3
207.0;0.0709;69.6
215.0;0.0736;69.8
209.0;0.073;69.7
198.0;0.0712;69.4
195.0;0.0698;66.3
199.0;0.0724;65.2
213.0;0.0777;64.9
226.0;0.0792;65.0
234.0;0.0811;64.9
220.0;0.0868;65.0
213.0;0.0914;64.9
207.0;0.0944;65.0
205.0;0.0964;65.2
238.0;0.0958;65.0
220.0;0.0938;65.0
228.0;0.0891;64.9
211.0;0.0867;65.0
226.0;0.0896;64.9
228.0;0.0922;65.1
220.0;0.0972;65.0
237.0;0.0964;65.0
245.0;0.0992;65.0
212.0;0.0993;65.0
258.0;0.0998;64.8
267.0;0.0974;64.7
252.0;0.0998;64.5
236.0;0.0978;64.2
267.0;0.0947;64.5
249.0;0.0909;64.4
243.0;0.0898;64.6
256.0;0.0903;64.6
255.0;0.0893;64.6
250.0;0.08800000000000001;64.4
250.0;0.0862;64.2
251.0;0.0862;64.3
251.0;0.0888;64.1
253.0;0.0884;64.0
254.0;0.0878;64.1
249.0;0.0881;63.8
241.0;0.0846;64.1
233.0;0.0811;63.8
228.0;0.081;63.9
231.0;0.08199999999999999;63.2
237.0;0.0825;63.1
234.0;0.0815;63.1
238.0;0.0822;63.3
232.0;0.0819;62.9
236.0;0.0825;63.2
239.0;0.0827;63.1
237.0;0.0837;63.2
235.0;0.0827;62.5
232.0;0.083;62.7
228.0;0.081;62.7
226.0;0.0802;62.8
232.0;0.0818;62.9
232.0;0.0817;62.2
234.0;0.0823;62.2
237.0;0.0838;62.2
234.0;0.0827;62.2
239.0;0.0829;62.7
240.0;0.0838;62.2
239.0;0.0849;62.5
235.0;0.0842;62.8
234.0;0.0831;62.2
231.0;0.084;62.5
236.0;0.0845;62.5
243.0;0.0848;61.8
239.0;0.0853;62.2
