160.0;0.0528;63.8
157.0;0.0526;63.7
163.0;0.0536;63.7
179.0;0.0589;63.5
160.0;0.0532;63.6
153.0;0.0513;63.7
148.0;0.049;64.4
148.0;0.0499;63.9
142.0;0.0479;64.0
155.0;0.0514;64.1
134.0;0.0461;64.1
137.0;0.0464;64.4
147.0;0.0493;64.0
139.0;0.0467;64.3
144.0;0.0482;64.2
133.0;0.0459;63.6
139.0;0.0471;63.8
131.0;0.0457;63.4
125.0;0.0433;63.8
123.0;0.0432;63.6
113.0;0.0401;63.7
113.0;0.0394;64.2
113.0;0.0406;63.8
125.0;0.0437;63.7
130.0;0.044000000000000004;63.9
113.0;0.0403;63.8
113.0;0.0398;64.0
121.0;0.0419;64.1
110.0;0.0394;64.0
116.0;0.0408;64.0
119.0;0.0426;63.6
110.0;0.0402;63.4
106.0;0.0391;63.3
111.0;0.04;63.4
121.0;0.0426;63.7
99.0;0.0365;63.8
110.0;0.0396;63.7
127.0;0.0445;63.4
107.0;0.0388;63.6
113.0;0.0414;63.3
116.0;0.0407;63.6
111.0;0.0399;63.8
106.0;0.0387;63.7
116.0;0.0416;63.6
113.0;0.040999999999999995;63.4
110.0;0.0395;63.7
118.0;0.0413;63.8
124.0;0.0431;64.0
116.0;0.042;63.4
118.0;0.0418;63.5
117.0;0.0413;63.7
110.0;0.0401;63.5
110.0;0.0394;63.7
111.0;0.04;63.7
121.0;0.0428;63.5
137.0;0.0469;63.5
128.0;0.0444;63.7
138.0;0.0468;63.8
148.0;0.0506;63.0
130.0;0.0453;63.1
125.0;0.0439;63.3
130.0;0.0448;63.5
137.0;0.0479;62.9
131.0;0.0447;63.5
143.0;0.0483;63.7
152.0;0.0506;63.7
153.0;0.0511;63.7
178.0;0.0574;64.0
178.0;0.0581;63.8
181.0;0.059000000000000004;63.8
189.0;0.0608;63.6
184.0;0.06;63.2
166.0;0.0545;63.5
165.0;0.055;63.1
170.0;0.0556;63.6
193.0;0.0609;64.2
181.0;0.0582;64.1
206.0;0.0655;63.8
201.0;0.0655;63.0
209.0;0.0662;63.4
222.0;0.0693;63.8
236.0;0.0735;63.9
229.0;0.0727;63.4
217.0;0.0682;63.6
214.0;0.0679;64.4
204.0;0.0648;64.8
204.0;0.0639;65.3
236.0;0.07400000000000001;65.1
241.0;0.0753;65.0
257.0;0.0797;64.7
264.0;0.0835;64.0
261.0;0.0816;64.0
276.0;0.0876;63.4
275.0;0.0856;63.7
270.0;0.0842;63.8
269.0;0.0841;63.9
254.0;0.0784;63.7
230.0;0.0738;62.7
231.0;0.0731;62.7
264.0;0.0823;62.7
260.0;0.0823;62.1
272.0;0.084;62.4
266.0;0.0834;62.3
240.0;0.0751;62.8
290.0;0.0905;62.4
280.0;0.0885;61.9
273.0;0.0844;62.4
283.0;0.0908;61.5
268.0;0.0846;61.6
272.0;0.0851;61.8
277.0;0.0854;62.3
293.0;0.0913;62.2
272.0;0.085;62.1
282.0;0.08800000000000001;62.1
261.0;0.0818;62.3
278.0;0.0876;61.9
295.0;0.0929;61.6
275.0;0.0864;61.7
295.0;0.0922;61.7
275.0;0.0859;62.0
276.0;0.087;61.9
283.0;0.0899;61.5
260.0;0.0826;61.5
278.0;0.0874;61.6
280.0;0.0889;61.5
287.0;0.0898;61.6
304.0;0.0962;61.2
290.0;0.0906;61.5
291.0;0.0916;61.5
286.0;0.0911;61.2
280.0;0.0878;61.6
283.0;0.0891;61.5
315.0;0.0983;61.4
319.0;0.1017;60.9
303.0;0.0994;59.9
301.0;0.0993;59.4
301.0;0.0937;60.6
283.0;0.0896;60.9
306.0;0.0969;60.7
325.0;0.1014;61.0
315.0;0.1013;60.4
325.0;0.1048;60.0
300.0;0.0959;60.1
301.0;0.0955;60.4
298.0;0.0959;60.2
282.0;0.0893;60.7
304.0;0.0943;61.3
301.0;0.0967;60.7
325.0;0.1044;60.2
324.0;0.1028;60.3
300.0;0.0961;60.3
305.0;0.1013;59.4
304.0;0.0979;59.5
306.0;0.0963;60.3
304.0;0.0995;59.6
316.0;0.1017;59.7
304.0;0.0965;60.2
304.0;0.0953;60.8
319.0;0.1028;60.3
331.0;0.1055;60.2
322.0;0.1024;60.3
211.0;0.1482;47.7
102.0;0.1645;35.9
128.0;0.228;30.3
154.0;0.2375;28.2
168.0;0.2156;27.9
159.0;0.2018;27.6
163.0;0.2242;27.2
157.0;0.2031;27.1
157.0;0.2373;26.6
145.0;0.198;26.5
152.0;0.2267;26.2
231.0;0.2207;28.7
283.0;0.2044;32.1
265.0;0.2003;33.4
319.0;0.1858;36.4
320.0;0.1707;39.0
316.0;0.1984;38.5
323.0;0.1663;40.5
307.0;0.1672;40.9
284.0;0.2087;38.0
287.0;0.2107;36.5
290.0;0.1893;36.7
319.0;0.1595;40.0
344.0;0.1554;43.0
333.0;0.1778;42.4
348.0;0.1681;43.3
314.0;0.1518;43.7
320.0;0.1514;44.3
316.0;0.1552;44.0
355.0;0.1713;44.2
307.0;0.1714;42.3
334.0;0.1587;43.5
334.0;0.1339;46.8
333.0;0.1102;52.4
369.0;0.1257;54.5
340.0;0.1105;56.7
338.0;0.1114;57.5
333.0;0.1049;59.0
345.0;0.1098;59.5
347.0;0.1101;59.7
348.0;0.1116;59.6
343.0;0.114;58.7
336.0;0.1126;58.1
316.0;0.1013;59.0
330.0;0.1079;58.9
334.0;0.1088;59.0
340.0;0.111;58.8
337.0;0.1108;58.6
339.0;0.1125;58.3
340.0;0.1148;57.7
344.0;0.115;57.6
343.0;0.1117;58.3
322.0;0.1056;58.5
324.0;0.1068;58.5
348.0;0.11599999999999999;58.0
341.0;0.11800000000000001;57.1
327.0;0.1065;58.0
361.0;0.1234;57.2
343.0;0.1183;56.6
351.0;0.1348;54.1
308.0;0.1605;48.2
354.0;0.1128;54.0
322.0;0.10800000000000001;55.8
322.0;0.1033;57.9
347.0;0.1144;58.1
337.0;0.1092;58.7
316.0;0.0995;59.8
319.0;0.1035;59.6
325.0;0.1031;60.0
295.0;0.0928;60.6
345.0;0.1129;59.7
319.0;0.1013;60.1
322.0;0.1028;60.1
337.0;0.1069;60.3
331.0;0.1073;59.9
312.0;0.0988;60.2
301.0;0.095;60.6
322.0;0.1043;59.9
314.0;0.1007;60.0
298.0;0.096;60.0
320.0;0.1066;59.1
316.0;0.1021;59.4
301.0;0.0957;59.9
287.0;0.0917;60.3
293.0;0.0935;60.4
301.0;0.098;59.9
299.0;0.1021;58.6
296.0;0.0994;58.2
275.0;0.094;57.7
304.0;0.1008;58.0
287.0;0.0972;57.9
269.0;0.0865;61.5
301.0;0.1007;61.8
322.0;0.109;61.5
296.0;0.0961;62.8
280.0;0.0901;63.6
269.0;0.0889;63.5
243.0;0.0803;63.8
257.0;0.0836;64.0
254.0;0.0829;64.1
280.0;0.0907;64.0
236.0;0.0779;64.1
264.0;0.0872;63.7
272.0;0.0885;63.4
248.0;0.0809;63.4
271.0;0.0859;63.8
254.0;0.08199999999999999;63.7
272.0;0.0895;63.1
275.0;0.0898;62.8
322.0;0.111;61.0
307.0;0.107;60.0
283.0;0.0911;61.8
262.0;0.0826;63.5
265.0;0.0857;63.6
257.0;0.0798;64.8
257.0;0.0805;64.3
257.0;0.0801;64.4
244.0;0.0788;63.6
254.0;0.0802;63.8
239.0;0.0762;63.6
207.0;0.0666;63.8
246.0;0.0783;63.6
224.0;0.0716;63.9
207.0;0.067;64.0
243.0;0.0783;63.5
239.0;0.076;63.6
202.0;0.0646;64.3
216.0;0.0691;63.2
199.0;0.0644;63.0
195.0;0.0624;63.5
186.0;0.0599;63.8
200.0;0.0638;63.8
171.0;0.055;64.5
181.0;0.0588;64.3
195.0;0.0628;63.9
178.0;0.0578;64.0
157.0;0.0514;64.4
166.0;0.0549;63.9
175.0;0.0573;64.0
160.0;0.053;63.7
149.0;0.0497;63.8
153.0;0.0508;63.9
145.0;0.0497;63.4
152.0;0.0506;63.7
166.0;0.0542;63.7
168.0;0.0552;63.7
153.0;0.0509;63.6
146.0;0.0494;63.5
144.0;0.0482;64.0
150.0;0.0503;63.8
126.0;0.0441;63.4
142.0;0.0479;63.6
145.0;0.0485;63.8
130.0;0.044000000000000004;64.2
121.0;0.0417;64.3
116.0;0.0411;64.1
127.0;0.0438;64.1
136.0;0.0472;63.4
138.0;0.0463;63.9
126.0;0.0432;64.0
136.0;0.0458;64.2
121.0;0.042;64.1
116.0;0.0413;64.0
121.0;0.0423;63.8
119.0;0.0418;63.9
112.0;0.0401;63.6
132.0;0.045;64.0
121.0;0.0425;63.9
134.0;0.046;63.8
116.0;0.0412;63.6
123.0;0.0426;63.9
106.0;0.0377;64.1
108.0;0.0387;64.0
105.0;0.038;64.0
119.0;0.042;63.7
107.0;0.0389;63.7
112.0;0.0398;63.8
112.0;0.04;63.7
108.0;0.0392;63.6
102.0;0.0374;63.6
113.0;0.0403;63.8
106.0;0.0387;63.6
112.0;0.0408;63.2
127.0;0.0439;63.6
124.0;0.043;63.8
132.0;0.0456;63.7
121.0;0.0428;63.4
113.0;0.0404;63.7
116.0;0.0407;63.9
118.0;0.0416;63.8
130.0;0.0445;63.8
112.0;0.0399;63.7
127.0;0.0441;63.7
131.0;0.0446;64.0
136.0;0.046;64.1
154.0;0.0514;63.9
144.0;0.0478;64.3
155.0;0.0508;64.3
131.0;0.0443;64.6
152.0;0.0513;63.7
153.0;0.0508;63.7
166.0;0.0539;64.0
164.0;0.0535;64.2
173.0;0.0564;64.0
170.0;0.0552;64.1
175.0;0.0566;64.1
160.0;0.0526;64.0
186.0;0.0596;64.0
196.0;0.0623;63.9
181.0;0.0582;64.0
191.0;0.0603;64.2
166.0;0.054000000000000006;63.9
167.0;0.0541;63.9
193.0;0.0615;63.7
204.0;0.0648;63.4
185.0;0.0585;63.9
189.0;0.0599;64.1
210.0;0.0657;63.9
200.0;0.0639;63.3
228.0;0.0712;63.1
220.0;0.0696;62.9
207.0;0.0661;62.8
223.0;0.0693;63.2
207.0;0.0663;62.7
222.0;0.0702;62.5
196.0;0.0626;62.6
225.0;0.0696;63.1
250.0;0.0775;62.9
258.0;0.079;63.1
225.0;0.0705;62.9
246.0;0.0775;62.4
262.0;0.0825;62.0
268.0;0.084;61.8
262.0;0.0825;61.6
269.0;0.0832;62.0
231.0;0.07200000000000001;62.4
285.0;0.08900000000000001;62.0
269.0;0.0833;62.2
289.0;0.0906;61.6
271.0;0.0839;61.8
283.0;0.0875;61.9
279.0;0.087;61.8
285.0;0.0878;62.0
308.0;0.0964;61.5
298.0;0.0929;61.4
298.0;0.0923;61.5
327.0;0.1038;60.7
308.0;0.096;60.9
296.0;0.0949;60.3
322.0;0.1007;60.5
285.0;0.08900000000000001;60.9
309.0;0.0989;60.4
308.0;0.0958;60.7
311.0;0.0981;60.5
313.0;0.0978;60.7
289.0;0.0909;60.7
295.0;0.0919;61.0
311.0;0.1004;60.0
319.0;0.1025;59.6
304.0;0.0942;60.4
300.0;0.0932;60.9
314.0;0.0995;60.5
319.0;0.1022;59.9
305.0;0.0987;59.5
337.0;0.1075;59.4
293.0;0.0941;59.6
319.0;0.1021;59.4
316.0;0.1028;59.1
318.0;0.1028;59.1
311.0;0.0999;59.3
297.0;0.0976;58.8
298.0;0.0955;59.2
340.0;0.1098;58.9
293.0;0.0921;59.8
311.0;0.0972;60.3
322.0;0.1004;60.4
319.0;0.1019;59.9
315.0;0.0997;59.9
295.0;0.0934;60.1
314.0;0.099;60.1
319.0;0.1022;59.9
320.0;0.1015;59.8
306.0;0.0971;60.0
318.0;0.1021;59.5
327.0;0.1027;59.9
313.0;0.0991;60.0
328.0;0.1076;59.0
307.0;0.0964;59.8
301.0;0.0963;59.8
304.0;0.0963;59.9
307.0;0.0975;59.9
323.0;0.1032;59.6
293.0;0.0935;59.8
319.0;0.1031;59.4
305.0;0.0999;59.0
336.0;0.1076;59.0
333.0;0.1088;58.6
307.0;0.0983;59.1
337.0;0.1079;59.1
311.0;0.1009;59.0
289.0;0.091;59.8
290.0;0.0899;60.7
329.0;0.1034;60.4
287.0;0.0898;60.9
305.0;0.0996;59.9
322.0;0.102;59.8
312.0;0.0998;59.7
338.0;0.1118;58.7
327.0;0.1085;58.1
314.0;0.1014;58.6
340.0;0.1107;58.4
322.0;0.102;59.0
312.0;0.1041;58.3
314.0;0.1032;58.2
319.0;0.1072;57.7
319.0;0.1057;57.8
337.0;0.1124;57.6
348.0;0.1125;58.2
320.0;0.1004;59.4
304.0;0.0952;60.2
316.0;0.1033;59.4
317.0;0.1025;59.2
330.0;0.10300000000000001;59.9
313.0;0.0975;60.4
330.0;0.1041;60.2
307.0;0.0975;60.0
358.0;0.1132;59.8
326.0;0.1026;60.0
327.0;0.1054;59.5
295.0;0.0921;60.4
296.0;0.0955;60.0
281.0;0.0912;59.6
307.0;0.0965;60.1
293.0;0.09300000000000001;60.2
332.0;0.1096;59.0
307.0;0.0976;59.4
327.0;0.1054;59.1
311.0;0.098;59.8
299.0;0.102;58.3
322.0;0.1096;57.5
325.0;0.1058;57.9
316.0;0.1039;58.1
308.0;0.1043;57.5
308.0;0.1086;56.4
197.0;0.067;57.6
221.0;0.0702;59.7
145.0;0.0496;60.9
59.0;0.0257;60.4
175.0;0.0584;61.1
228.0;0.07400000000000001;61.0
59.0;0.0257;60.2
343.0;0.0719;67.4
252.0;0.0802;61.0
136.0;0.0481;60.9
155.0;0.0519;61.5
338.0;0.0671;67.2
320.0;0.0672;67.2
320.0;0.0669;67.3
59.0;0.0257;63.4
323.0;0.0654;67.4
59.0;0.0257;63.4
59.0;0.0257;63.4
281.0;0.0879;62.8
284.0;0.0885;62.2
301.0;0.0928;61.9
301.0;0.0955;61.1
278.0;0.0884;60.8
260.0;0.0826;60.8
255.0;0.0808;61.0
278.0;0.0903;60.1
293.0;0.0939;60.0
290.0;0.0929;60.0
278.0;0.0896;59.9
276.0;0.0896;59.6
293.0;0.0959;59.1
268.0;0.0875;59.1
298.0;0.0986;58.5
304.0;0.1028;57.8
283.0;0.0904;58.9
286.0;0.0948;60.5
277.0;0.0888;62.3
325.0;0.1276;58.1
286.0;0.0931;60.6
301.0;0.098;61.9
291.0;0.0947;62.5
296.0;0.0973;62.4
265.0;0.0849;63.5
286.0;0.0909;64.0
251.0;0.0822;64.0
305.0;0.0978;63.8
297.0;0.1018;61.9
307.0;0.1396;55.1
298.0;0.0975;58.7
265.0;0.0876;60.6
298.0;0.0974;61.7
280.0;0.0908;62.5
296.0;0.095;63.1
274.0;0.0869;63.9
301.0;0.099;63.0
265.0;0.0847;63.7
272.0;0.0878;63.8
278.0;0.0898;63.5
262.0;0.0844;63.7
272.0;0.0846;64.1
257.0;0.0812;64.1
254.0;0.0812;63.8
271.0;0.0851;63.9
243.0;0.0774;63.9
238.0;0.0757;64.1
222.0;0.0715;64.2
260.0;0.0821;64.1
223.0;0.0697;65.1
225.0;0.0714;64.8
233.0;0.0743;64.5
210.0;0.0684;64.3
230.0;0.0738;62.8
220.0;0.0716;62.5
208.0;0.0676;62.8
192.0;0.0619;63.6
197.0;0.0637;63.7
186.0;0.06;64.2
202.0;0.0659;63.6
192.0;0.0621;63.8
184.0;0.0598;64.0
178.0;0.0582;64.1
171.0;0.0566;63.9
168.0;0.0563;63.5
160.0;0.0525;63.8
149.0;0.05;63.9
171.0;0.0566;63.5
145.0;0.049;63.6
150.0;0.0497;63.9
135.0;0.0463;63.8
130.0;0.0444;63.9
140.0;0.0477;63.8
128.0;0.0441;63.9
142.0;0.0485;63.7
134.0;0.0457;63.9
116.0;0.0409;64.0
130.0;0.0449;63.7
139.0;0.0462;64.1
116.0;0.0405;64.0
134.0;0.0462;63.6
124.0;0.0433;63.6
124.0;0.0426;63.9
124.0;0.0426;64.0
137.0;0.0468;63.7
104.0;0.0374;63.7
121.0;0.0413;64.2
98.0;0.0359;64.0
116.0;0.0401;64.2
116.0;0.0411;63.8
112.0;0.0397;63.7
121.0;0.0423;63.7
110.0;0.0396;63.7
107.0;0.0386;63.7
101.0;0.0369;63.6
105.0;0.0379;63.8
103.0;0.0374;63.8
98.0;0.0357;63.8
113.0;0.0402;63.7
109.0;0.039;63.7
109.0;0.0386;63.8
110.0;0.0394;63.8
95.0;0.0353;63.7
98.0;0.0363;63.7
107.0;0.0384;63.8
90.0;0.0339;63.7
87.0;0.0333;63.7
91.0;0.0342;63.7
95.0;0.0357;63.7
113.0;0.0397;63.9
106.0;0.0379;63.9
101.0;0.0366;63.8
103.0;0.0374;63.8
88.0;0.0338;63.6
113.0;0.0402;63.8
112.0;0.0397;63.7
109.0;0.039;63.6
104.0;0.0384;63.2
121.0;0.0416;63.7
123.0;0.0422;63.9
119.0;0.0415;63.8
124.0;0.0426;63.9
131.0;0.0446;63.9
113.0;0.0394;64.0
128.0;0.0432;64.3
137.0;0.0456;64.3
124.0;0.0428;63.9
131.0;0.0449;63.9
136.0;0.0447;64.6
131.0;0.0443;64.5
145.0;0.0471;64.8
142.0;0.0472;64.4
147.0;0.0485;64.3
134.0;0.0458;63.8
139.0;0.0463;63.9
149.0;0.049;64.1
134.0;0.0452;64.0
121.0;0.0425;63.6
135.0;0.0458;63.6
146.0;0.0487;63.7
160.0;0.0526;63.5
169.0;0.0542;63.8
175.0;0.0558;64.1
169.0;0.0549;63.7
192.0;0.0601;64.2
196.0;0.0615;64.1
195.0;0.0618;63.7
177.0;0.0566;63.8
181.0;0.0579;63.6
178.0;0.0577;63.4
174.0;0.0554;63.9
204.0;0.0641;63.8
186.0;0.0588;63.9
195.0;0.0602;64.6
186.0;0.0594;63.9
192.0;0.061;63.6
210.0;0.0655;63.5
196.0;0.0628;63.1
246.0;0.0778;62.3
221.0;0.07;62.1
240.0;0.0755;62.2
228.0;0.0719;61.7
246.0;0.0765;61.6
254.0;0.0797;61.3
204.0;0.0646;61.7
240.0;0.0762;61.3
230.0;0.07200000000000001;61.5
257.0;0.0801;61.4
262.0;0.0817;61.3
265.0;0.0835;61.0
275.0;0.0849;61.1
251.0;0.0766;61.9
254.0;0.0791;61.6
249.0;0.0781;61.4
285.0;0.0885;61.1
266.0;0.0825;61.2
261.0;0.0808;61.3
249.0;0.0777;61.4
309.0;0.0943;61.3
296.0;0.0915;61.0
322.0;0.1021;60.0
282.0;0.0875;60.4
300.0;0.0913;60.9
316.0;0.0991;60.4
316.0;0.0974;60.6
309.0;0.0961;60.5
296.0;0.0913;60.7
319.0;0.0971;60.9
291.0;0.0904;60.8
305.0;0.0926;61.3
316.0;0.0978;60.8
305.0;0.09300000000000001;61.1
309.0;0.096;60.7
309.0;0.09699999999999999;60.3
312.0;0.0953;60.7
309.0;0.0992;59.7
316.0;0.0986;59.8
311.0;0.0973;59.9
309.0;0.096;60.1
301.0;0.0936;60.2
352.0;0.1133;59.1
319.0;0.0986;59.7
293.0;0.0911;60.1
336.0;0.1096;58.8
300.0;0.0941;59.3
334.0;0.1053;59.3
316.0;0.0986;59.6
336.0;0.1053;59.5
336.0;0.1067;59.1
322.0;0.1005;59.4
313.0;0.0984;59.5
358.0;0.1171;58.4
334.0;0.1062;58.6
312.0;0.0986;59.0
364.0;0.1163;58.6
314.0;0.0994;58.8
354.0;0.1145;58.4
269.0;0.084;59.5
295.0;0.0926;59.7
312.0;0.10099999999999999;59.0
328.0;0.1075;58.2
290.0;0.0924;58.7
340.0;0.1087;58.6
298.0;0.0916;59.8
308.0;0.0991;59.2
307.0;0.0961;59.5
325.0;0.1015;59.6
297.0;0.0939;59.6
330.0;0.1064;58.8
316.0;0.1024;58.4
322.0;0.1039;58.2
331.0;0.1068;58.1
325.0;0.1024;58.8
338.0;0.1064;59.0
305.0;0.0938;60.0
280.0;0.0866;60.5
329.0;0.1053;59.5
319.0;0.1008;59.4
309.0;0.0975;59.5
322.0;0.1013;59.4
330.0;0.1026;59.8
303.0;0.0957;59.6
293.0;0.0931;59.5
312.0;0.0973;59.8
330.0;0.1022;60.1
311.0;0.0966;60.0
322.0;0.1004;60.0
308.0;0.0939;60.7
286.0;0.0874;61.2
309.0;0.09699999999999999;60.5
293.0;0.0904;60.6
301.0;0.0925;60.7
298.0;0.0934;60.4
311.0;0.0964;60.4
289.0;0.094;59.4
283.0;0.0863;60.6
282.0;0.0862;61.1
301.0;0.0944;60.7
285.0;0.0889;60.6
291.0;0.0936;59.7
301.0;0.094;59.9
312.0;0.0982;59.8
299.0;0.0934;59.9
298.0;0.0934;60.0
289.0;0.0893;60.4
299.0;0.0929;60.5
299.0;0.0928;60.5
278.0;0.0843;61.4
280.0;0.0857;61.6
269.0;0.0834;61.5
275.0;0.0852;61.3
295.0;0.0895;61.6
265.0;0.0813;61.8
251.0;0.0768;62.1
301.0;0.0959;60.5
254.0;0.0785;61.1
304.0;0.0939;60.8
264.0;0.0816;61.1
293.0;0.0913;60.7
286.0;0.0935;59.5
281.0;0.0857;60.6
260.0;0.0813;60.8
286.0;0.086;61.6
280.0;0.0855;61.7
268.0;0.0827;61.6
242.0;0.0758;61.5
257.0;0.0801;61.3
269.0;0.0846;61.0
296.0;0.0938;60.3
272.0;0.0855;60.5
275.0;0.0864;60.4
251.0;0.0782;60.8
272.0;0.0842;61.0
275.0;0.0856;61.0
260.0;0.0813;61.0
260.0;0.0825;60.4
278.0;0.0876;60.3
243.0;0.0796;59.5
270.0;0.0882;59.0
272.0;0.0878;58.9
286.0;0.0933;58.5
289.0;0.0918;58.8
271.0;0.0904;58.0
260.0;0.0844;58.3
290.0;0.0937;58.4
266.0;0.0849;61.1
265.0;0.0857;61.9
282.0;0.0891;63.0
259.0;0.0843;62.9
269.0;0.0864;63.2
297.0;0.0967;62.7
291.0;0.0918;63.4
259.0;0.0815;64.0
267.0;0.0866;63.4
249.0;0.0812;63.1
286.0;0.0913;63.1
283.0;0.0917;62.9
254.0;0.0809;62.8
251.0;0.0804;62.6
276.0;0.0872;62.7
271.0;0.0856;62.8
269.0;0.0844;63.2
260.0;0.0832;62.8
262.0;0.0835;62.7
289.0;0.092;62.5
254.0;0.0811;62.8
268.0;0.086;62.5
286.0;0.0923;62.0
273.0;0.0861;62.6
257.0;0.0816;62.3
228.0;0.0738;62.1
224.0;0.07200000000000001;62.3
224.0;0.0723;62.2
239.0;0.076;62.4
236.0;0.0762;62.2
207.0;0.0661;62.8
216.0;0.0705;62.4
239.0;0.0753;62.9
207.0;0.0656;63.5
203.0;0.0648;63.7
201.0;0.0646;63.6
194.0;0.0629;62.6
192.0;0.062;62.5
187.0;0.0612;62.5
198.0;0.0651;62.2
186.0;0.059000000000000004;63.4
163.0;0.0537;63.5
159.0;0.0524;63.6
194.0;0.0622;63.6
168.0;0.0547;63.8
160.0;0.0539;63.1
158.0;0.0515;63.8
157.0;0.0524;63.6
148.0;0.049;64.0
153.0;0.0508;63.9
137.0;0.0468;63.5
124.0;0.0432;63.4
137.0;0.0464;63.8
127.0;0.044000000000000004;63.7
137.0;0.0457;64.4
128.0;0.0441;64.2
146.0;0.0494;63.9
119.0;0.0413;64.1
135.0;0.0463;63.8
131.0;0.044000000000000004;64.5
139.0;0.0467;64.2
127.0;0.0436;64.1
119.0;0.0424;63.7
122.0;0.0427;63.7
101.0;0.0367;63.7
118.0;0.0408;64.2
116.0;0.040999999999999995;64.0
110.0;0.0391;64.1
116.0;0.0402;64.3
102.0;0.0369;64.2
101.0;0.037000000000000005;63.9
98.0;0.0357;63.9
106.0;0.0381;64.1
101.0;0.0368;64.0
110.0;0.0394;63.9
103.0;0.0377;63.8
95.0;0.0354;63.8
113.0;0.0403;63.9
95.0;0.0361;63.6
88.0;0.0335;63.7
108.0;0.0392;63.8
91.0;0.0338;63.8
105.0;0.0378;63.9
87.0;0.0333;63.8
98.0;0.0358;63.9
92.0;0.0347;63.7
95.0;0.0353;63.8
95.0;0.0355;63.9
90.0;0.0337;63.8
100.0;0.0367;63.9
90.0;0.0342;63.7
101.0;0.0369;63.9
109.0;0.0388;64.0
106.0;0.0386;63.9
109.0;0.0392;63.8
103.0;0.0372;64.0
110.0;0.0388;64.3
104.0;0.0374;64.2
107.0;0.0386;64.2
113.0;0.0404;63.9
108.0;0.0385;64.1
99.0;0.0363;64.0
127.0;0.0431;64.5
116.0;0.0408;64.5
121.0;0.0416;64.8
127.0;0.0431;65.0
130.0;0.0444;64.7
116.0;0.0403;64.8
113.0;0.0399;64.5
127.0;0.0433;64.7
141.0;0.0465;65.1
139.0;0.0464;65.2
145.0;0.0475;65.2
142.0;0.0475;65.0
147.0;0.0495;64.3
121.0;0.0415;64.5
145.0;0.0483;64.6
150.0;0.05;64.5
143.0;0.048;64.5
147.0;0.0488;64.6
148.0;0.0483;64.5
145.0;0.0482;64.2
148.0;0.0491;63.7
150.0;0.0494;63.7
154.0;0.0504;64.0
163.0;0.0528;63.8
145.0;0.0488;63.4
159.0;0.0524;63.1
173.0;0.0561;63.0
166.0;0.0545;62.9
150.0;0.0497;63.2
188.0;0.0597;63.5
169.0;0.0546;63.5
152.0;0.0502;63.6
156.0;0.0516;63.3
178.0;0.0577;63.0
163.0;0.0536;63.1
188.0;0.0601;63.2
199.0;0.0642;62.7
191.0;0.0604;63.1
196.0;0.0622;63.1
192.0;0.0602;63.4
189.0;0.0604;63.4
181.0;0.0589;63.0
193.0;0.063;62.4
198.0;0.0617;63.3
200.0;0.0629;63.4
205.0;0.0655;62.9
226.0;0.0709;62.8
201.0;0.0637;62.9
225.0;0.0699;63.0
237.0;0.0748;62.4
236.0;0.0741;62.1
240.0;0.0751;62.1
240.0;0.07400000000000001;62.5
219.0;0.0692;62.4
213.0;0.066;63.0
239.0;0.0758;62.2
233.0;0.07200000000000001;62.8
266.0;0.0822;62.5
246.0;0.0768;62.2
231.0;0.0724;62.3
253.0;0.0806;61.5
251.0;0.0786;61.6
178.0;0.0587;61.5
264.0;0.0806;62.2
243.0;0.0758;62.2
261.0;0.0795;62.6
240.0;0.0761;62.0
266.0;0.0819;62.2
275.0;0.0842;62.3
251.0;0.0789;61.8
