45
45
45
45
45
43
42
43
42
42
42
41
41
42
41
42
42
43
43
44
43
43
43
43
43
42
43
42
42
42
41
41
41
42
42
41
41
41
41
41
42
42
42
44
44
43
43
42
42
42
42
43
43
42
42
41
41
41
42
41
42
42
43
43
43
43
45
45
45
45
46
47
46
45
46
46
46
46
46
46
45
44
45
45
44
45
44
44
44
44
45
43
43
42
42
43
43
43
43
44
43
43
44
45
45
46
46
46
46
46
46
46
46
46
47
47
46
46
46
45
46
46
46
46
46
46
46
46
46
47
48
47
47
46
47
47
48
48
47
47
47
47
47
47
48
48
48
48
49
49
49
49
49
49
53
51
52
52
52
52
52
51
51
52
52
51
51
51
50
50
51
51
51
51
51
53
53
52
51
51
51
52
52
52
51
51
51
51
51
51
50
51
51
51
51
54
54
54
54
54
54
54
53
54
54
53
53
53
53
54
55
55
55
55
55
55
56
56
58
57
57
58
57
57
57
57
57
56
57
57
57
58
59
59
59
60
60
61
61
61
60
59
58
58
58
58
59
58
56
58
58
58
59
59
60
59
57
55
55
56
57
56
57
57
57
56
56
57
58
58
59
58
58
57
57
56
56
56
57
57
57
56
56
55
56
55
55
56
56
57
57
56
54
55
56
54
53
53
54
54
55
55
55
55
55
55
53
53
54
54
54
55
55
55
55
56
57
57
55
54
55
55
55
55
56
56
56
57
57
57
57
57
57
59
59
59
58
59
59
59
58
59
59
58
59
58
58
58
58
58
58
58
58
58
58
57
56
56
57
57
57
56
55
56
57
58
58
57
56
56
56
56
56
56
56
55
56
55
55
55
54
55
59
58
59
58
58
58
58
58
58
57
57
57
58
58
58
58
58
58
58
58
58
58
58
59
59
58
57
57
58
57
56
57
57
56
56
57
56
55
56
55
54
53
51
51
52
52
53
54
54
54
54
54
55
54
55
40
40
41
40
41
41
42
41
42
41
42
40
41
41
42
42
42
43
43
43
42
42
42
42
42
41
41
40
40
40
38
38
40
41
41
42
41
41
41
41
41
41
40
40
40
40
41
41
40
39
39
38
38
38
39
40
39
39
39
38
38
38
39
39
39
40
39
39
40
40
40
40
41
41
41
42
42
42
42
42
42
42
42
42
42
42
41
41
41
41
41
42
41
42
42
42
42
41
41
41
42
41
41
41
42
42
42
42
43
44
43
43
43
43
43
43
43
42
43
43
42
42
42
41
42
42
42
42
42
42
42
42
42
42
42
42
42
43
42
42
42
42
42
41
41
41
41
41
40
40
40
41
40
40
40
40
40
40
40
40
39
40
40
40
39
39
39
39
40
39
39
39
40
40
40
40
40
40
40
39
40
40
39
40
40
40
41
41
41
41
41
40
40
40
39
39
39
38
39
39
38
37
34
36
35
36
36
36
35
35
36
35
36
36
36
36
36
36
36
37
36
36
35
35
35
35
34
33
34
34
33
35
35
35
35
36
36
36
36
35
36
36
36
37
36
36
37
37
37
37
38
38
38
38
38
38
38
38
38
37
37
37
36
38
39
39
39
40
41
41
42
42
41
41
40
41
41
41
41
41
40
41
41
42
41
41
41
42
42
42
42
42
42
41
41
40
40
39
39
38
38
37
37
38
37
37
38
37
38
37
37
36
37
37
37
37
37
36
34
36
35
36
37
35
38
37
38
38
37
38
38
38
38
38
39
39
39
39
38
38
38
39
39
38
39
39
40
40
40
39
40
39
40
40
40
40
40
39
40
40
40
39
40
41
41
41
41
41
42
42
42
42
41
41
41
41
41
41
41
41
42
42
42
43
43
43
45
44
44
45
45
45
45
46
46
46
46
46
46
46
46
46
46
46
45
45
45
45
45
46
46
46
46
45
44
43
44
44
44
44
44
44
45
46
46
47
47
47
47
47
47
47
47
46
46
47
47
47
48
48
47
47
47
48
47
48
48
48
48
48
49
47
47
48
48
48
47
47
47
48
47
47
47
47
47
47
47
45
45
45
45
45
45
45
46
46
46
46
47
47
47
46
47
47
47
47
47
48
47
46
45
45
45
46
45
46
46
46
45
43
44
43
43
44
43
43
44
45
45
45
47
47
47
45
46
46
46
45
45
44
45
45
44
45
44
43
44
45
45
45
46
46
46
46
46
47
46
46
46
46
46
46
47
46
46
46
47
47
47
48
48
48
49
49
48
49
48
48
48
48
48
48
48
48
48
49
49
49
49
49
49
50
51
51
50
51
52
51
52
51
51
51
52
52
52
52
51
52
51
51
51
52
52
52
53
53
53
53
53
53
53
54
53
53
53
53
53
53
53
53
53
53
53
53
53
52
53
53
53
53
53
54
55
55
55
55
56
56
56
56
57
57
56
57
56
56
56
58
56
56
56
57
60
58
60
59
60
59
60
61
61
60
60
61
60
59
59
60
59
59
60
61
60
60
61
60
59
59
59
59
60
59
59
60
59
60
60
61
61
62
61
61
61
61
61
62
61
60
60
60
60
60
60
61
60
61
60
59
59
60
60
62
62
61
61
62
63
63
63
63
63
63
64
65
64
65
65
65
66
66
66
65
66
66
66
66
66
66
66
65
64
64
64
64
65
65
66
66
66
67
67
67
68
67
67
66
66
67
67
67
68
68
68
68
68
68
68
68
68
68
68
68
69
66
67
67
68
69
69
70
69
69
69
70
70
69
69
69
66
66
66
67
67
67
67
67
67
68
68
68
68
67
67
67
67
68
67
68
70
69
70
71
71
71
71
72
72
72
72
73
74
74
74
74
74
74
74
73
72
71
67
68
