78
79
78
79
79
79
79
80
79
79
79
78
77
77
76
76
77
77
76
76
77
77
78
79
78
79
81
80
80
80
80
81
81
81
83
82
83
82
82
81
80
79
81
83
82
81
80
80
79
80
80
80
83
83
83
83
84
84
85
85
85
86
85
85
85
85
86
86
86
86
87
87
85
84
84
83
82
82
82
82
82
82
83
84
83
83
82
83
83
82
83
84
83
80
81
81
80
80
82
82
81
83
83
84
83
84
83
83
83
83
82
82
82
83
83
82
83
83
83
82
83
83
83
83
83
83
81
83
83
84
83
82
81
81
82
82
82
83
82
81
81
81
81
80
80
80
79
80
81
81
81
80
80
80
80
81
81
80
80
82
81
81
83
83
82
82
83
82
81
81
82
82
83
97
97
97
99
99
99
99
101
103
101
100
100
98
100
99
100
99
97
97
99
99
100
99
100
98
98
100
100
100
100
102
102
101
102
106
105
107
105
105
110
107
111
110
110
109
109
109
110
110
110
110
110
110
110
111
113
112
112
113
114
115
115
118
117
118
120
118
117
116
116
115
115
115
115
115
111
110
122
126
125
123
126
125
127
127
127
126
127
128
127
126
126
125
126
128
126
126
127
127
127
126
127
124
126
126
126
124
126
126
125
124
122
125
125
127
127
127
125
121
118
120
123
117
117
117
118
119
121
122
121
122
122
122
121
120
124
121
121
121
121
120
122
125
126
124
128
124
121
123
122
122
123
124
121
122
122
124
124
125
127
128
128
127
127
126
125
124
125
127
130
129
130
131
131
130
130
134
136
134
135
134
134
133
133
133
134
134
134
131
130
130
128
125
125
126
125
125
123
124
122
122
124
124
124
122
126
125
125
129
132
132
133
134
135
135
136
136
136
138
137
137
138
138
138
137
136
136
135
135
134
133
135
134
134
131
131
130
131
129
128
131
130
130
134
136
134
134
136
133
133
131
132
132
134
136
141
142
141
141
142
145
146
145
147
148
147
149
138
146
142
145
145
146
147
145
145
146
144
146
146
146
146
146
146
147
148
152
154
155
152
158
157
159
162
161
157
161
161
160
161
161
160
160
161
161
161
158
157
158
163
160
160
160
152
151
148
150
152
154
157
156
158
159
160
160
159
157
157
158
160
162
161
164
155
151
150
150
153
153
156
157
156
156
156
155
155
154
152
152
149
147
147
147
149
150
151
150
149
149
151
149
151
148
150
152
152
148
144
144
146
147
148
149
150
149
149
149
149
150
153
152
154
145
149
145
144
144
143
145
145
144
144
145
145
145
147
150
150
151
153
153
144
157
160
158
157
155
154
153
156
156
156
157
156
159
160
160
160
158
159
160
160
161
164
164
163
165
163
160
161
164
161
165
163
161
164
165
169
167
169
169
170
169
167
169
169
168
169
171
173
173
175
174
176
176
173
175
173
171
174
188
187
186
185
187
182
173
177
174
173
176
176
173
174
175
172
175
176
174
174
175
175
176
178
176
174
174
174
175
176
177
171
183
190
190
194
191
191
190
187
190
191
190
188
192
191
192
194
193
194
193
192
194
195
198
199
200
199
200
201
199
194
194
174
163
161
165
164
164
163
163
161
164
165
165
163
162
158
155
156
151
150
153
149
149
148
159
161
151
151
150
148
148
148
152
152
151
149
152
150
145
149
146
148
148
142
138
145
143
143
145
145
145
151
153
150
152
154
152
147
148
143
141
141
137
140
142
147
142
144
145
148
147
151
151
150
150
152
151
154
151
151
151
154
157
158
158
158
158
158
157
158
158
161
161
162
162
162
160
161
158
161
159
157
156
155
158
160
161
160
162
161
158
157
158
158
158
158
156
156
155
154
153
150
150
152
152
149
150
146
147
144
134
143
146
145
149
155
157
157
154
151
152
151
150
152
154
155
152
153
153
152
154
156
156
155
154
151
154
155
158
161
162
162
161
162
162
165
164
164
163
165
165
163
165
163
165
166
167
167
165
170
169
168
166
168
170
170
169
167
168
166
167
162
160
158
157
159
159
159
160
160
157
158
157
158
159
159
160
161
157
153
153
152
150
148
148
149
146
148
149
149
152
151
149
147
149
147
148
149
149
149
148
147
147
148
146
144
142
142
141
143
140
144
143
138
140
140
140
139
139
138
137
135
141
145
145
164
163
163
166
163
168
170
172
171
172
169
169
170
171
170
172
176
176
174
173
173
172
173
172
174
175
173
171
171
172
170
171
171
170
171
171
170
169
174
172
174
174
173
174
172
167
169
169
168
166
165
164
164
160
163
162
161
158
162
165
165
162
163
164
161
164
161
159
156
157
156
159
157
157
155
154
154
155
156
153
154
154
153
152
153
153
152
151
151
148
147
148
149
148
148
145
144
144
143
142
142
143
142
141
140
142
144
146
148
147
146
146
143
143
140
142
143
145
145
147
146
145
146
145
147
144
145
149
151
139
132
133
132
135
134
134
137
137
135
132
130
126
128
131
132
131
130
130
128
124
120
121
120
121
120
116
116
117
110
104
103
102
101
101
101
104
102
102
100
101
103
105
104
106
108
110
112
114
114
114
111
111
110
109
108
106
108
92
87
91
93
94
95
95
94
93
96
94
95
97
98
98
97
96
94
94
92
97
100
100
100
99
94
95
94
96
98
98
99
100
100
99
95
95
94
94
91
92
89
87
86
86
88
86
87
87
86
84
83
85
82
82
82
81
81
82
81
79
80
80
81
95
94
92
91
89
91
89
90
90
90
94
100
101
101
107
101
98
98
100
102
104
104
101
102
103
101
99
101
101
102
100
100
101
106
108
112
112
112
110
111
114
117
115
116
116
117
118
119
121
123
124
122
120
116
116
113
108
112
