68
68
69
67
66
67
66
65
64
64
65
63
64
63
63
61
60
62
61
61
61
62
61
62
63
63
66
65
64
65
66
66
65
64
63
61
62
62
61
61
61
61
62
62
61
60
60
58
55
56
58
56
59
59
60
62
63
63
64
65
66
66
66
65
65
65
63
60
63
62
63
63
62
63
64
63
64
65
64
65
64
64
62
64
62
63
62
62
62
62
62
60
60
58
58
58
57
56
58
59
60
60
60
59
60
60
61
61
61
61
62
62
61
61
63
63
62
63
64
65
65
65
66
67
66
66
66
65
67
71
71
71
72
73
72
72
72
72
71
69
70
70
70
71
71
71
72
72
67
67
67
66
64
66
67
68
71
71
70
69
69
68
68
69
70
69
70
70
69
70
70
70
71
72
71
72
73
75
74
75
76
76
77
74
75
75
74
75
75
74
74
74
74
74
75
75
75
74
74
74
74
74
75
77
78
80
80
81
82
81
80
81
81
80
80
79
79
79
78
78
81
81
81
81
80
79
79
79
77
78
77
78
77
76
77
79
79
79
77
79
79
79
79
73
72
72
71
72
72
72
73
74
74
76
77
76
77
78
78
76
76
75
76
75
74
76
75
76
76
76
76
75
76
76
77
76
75
75
76
76
76
77
77
78
77
77
77
77
77
77
77
75
75
75
76
74
75
74
74
74
75
75
76
81
81
82
85
85
85
85
84
86
85
84
84
84
85
85
85
84
85
86
86
87
87
88
89
90
91
91
90
91
92
93
93
95
94
94
92
92
92
92
92
92
91
91
90
90
91
92
94
94
94
94
96
95
94
95
96
97
97
95
94
95
95
95
97
97
98
99
98
97
95
96
95
95
95
94
95
96
96
97
98
98
99
100
101
100
102
101
101
102
103
103
103
99
99
99
99
98
100
101
103
100
101
102
102
102
101
102
101
99
99
101
101
99
99
100
99
99
102
101
101
100
98
96
98
98
103
103
104
105
105
105
107
107
108
108
109
109
109
109
109
109
109
112
113
114
114
115
115
118
117
119
118
119
119
114
116
116
116
114
110
114
112
110
111
106
107
112
112
112
113
113
112
114
114
113
111
108
107
107
109
113
113
111
109
110
107
108
109
110
112
114
112
118
116
118
118
118
118
120
120
119
120
123
126
127
127
128
128
129
130
133
132
129
130
129
129
129
129
128
128
126
125
122
124
124
126
127
129
128
127
127
127
123
125
124
126
125
125
124
128
126
126
126
128
127
126
126
126
126
128
127
128
130
132
134
130
128
126
130
128
127
125
127
127
126
126
127
129
128
131
130
130
132
133
130
132
131
131
130
131
130
130
129
127
128
129
128
126
127
128
127
128
127
127
127
129
128
125
126
127
126
125
126
124
124
122
125
126
126
128
129
131
133
122
126
125
123
123
123
122
123
122
117
113
116
115
117
118
113
116
114
116
116
116
114
110
95
111
107
112
112
112
110
110
112
109
112
114
110
112
117
116
116
116
112
114
113
114
113
116
114
113
110
109
108
110
111
112
110
110
113
111
111
111
112
111
111
114
114
117
118
115
117
119
121
120
121
123
122
121
121
117
116
116
115
111
115
116
118
119
119
117
119
118
118
119
117
117
115
119
118
118
116
115
112
112
111
112
109
107
107
107
109
108
107
109
107
103
106
101
99
99
99
101
100
98
96
98
95
97
99
102
100
96
94
95
96
95
95
96
97
93
94
96
94
94
95
97
99
96
96
96
94
96
97
97
98
101
101
102
102
101
101
101
102
102
104
105
106
106
106
105
106
105
106
105
109
110
109
110
110
110
110
109
109
109
111
112
112
109
108
107
107
105
105
104
96
98
94
94
94
95
94
93
93
93
93
93
90
92
95
94
95
95
96
97
99
100
99
100
99
98
98
98
99
99
98
99
99
97
98
96
97
96
95
96
96
93
93
93
94
94
95
95
95
96
96
97
97
97
97
99
99
100
100
100
99
98
97
104
103
104
104
106
105
106
106
108
108
109
109
108
108
110
109
109
109
109
109
109
107
107
107
106
106
106
108
108
108
107
105
103
108
109
114
115
115
113
114
114
114
112
113
114
113
112
113
113
113
114
114
115
118
117
117
118
117
118
117
117
117
117
118
114
115
114
114
113
111
111
109
110
110
110
111
107
108
107
107
110
110
110
112
111
111
111
111
112
110
109
110
110
109
111
112
113
114
115
115
116
116
117
117
116
116
117
118
116
117
116
116
116
117
118
119
119
119
119
118
120
119
120
120
120
120
122
122
121
121
127
128
128
129
131
131
132
132
133
133
136
136
135
136
136
137
136
137
137
138
140
139
139
139
139
139
139
139
139
139
141
141
140
142
140
141
142
139
141
144
144
144
144
143
144
144
144
144
143
142
142
141
141
142
141
142
144
144
144
144
144
145
148
146
147
147
149
154
154
152
155
156
156
154
151
153
154
155
154
154
154
153
154
153
154
154
154
155
155
155
146
147
148
143
144
144
147
146
146
145
147
145
144
145
144
145
144
143
143
144
145
146
146
148
149
149
150
152
150
151
152
153
154
150
150
157
159
157
156
157
159
159
160
157
159
161
162
161
158
158
158
159
160
160
160
160
164
164
165
164
163
162
161
160
163
160
159
158
160
160
158
156
152
150
152
154
154
153
154
154
154
154
155
156
156
156
156
157
158
160
160
157
157
157
156
157
157
159
164
168
170
168
174
172
174
175
175
175
174
173
170
171
171
170
171
173
175
175
174
173
170
170
172
169
168
169
170
169
172
172
172
174
175
175
175
174
175
171
170
171
171
170
173
173
173
174
175
173
175
176
178
176
179
179
177
177
177
175
172
170
166
167
167
166
159
155
163
