47
47
47
47
47
47
47
47
46
46
47
46
47
47
47
48
48
48
48
48
48
49
49
49
49
48
51
50
50
50
50
51
51
51
51
52
53
52
51
52
53
54
53
54
54
54
55
55
56
56
56
56
56
53
53
54
54
54
55
54
55
55
55
55
55
54
55
55
54
55
55
55
54
54
55
54
54
54
54
53
53
53
53
53
54
55
55
54
55
56
56
55
54
54
54
54
55
56
56
55
54
56
56
56
56
57
58
59
58
58
59
58
59
59
58
56
57
58
59
59
58
59
58
59
58
59
59
59
59
58
58
57
57
57
57
57
57
57
57
57
57
57
57
58
58
58
58
59
59
60
61
61
61
62
62
62
62
62
61
61
61
61
61
62
62
62
62
62
61
62
62
62
63
63
64
65
65
64
64
64
65
65
65
66
65
66
66
67
67
67
67
68
68
68
68
69
70
69
69
69
70
70
71
71
71
71
71
70
69
70
70
70
70
69
69
69
69
69
69
70
70
70
70
70
70
71
70
70
70
70
70
71
71
71
71
71
71
71
71
71
70
69
67
67
67
68
67
67
65
65
65
66
66
66
68
67
68
68
68
68
68
68
68
69
68
68
67
68
69
69
69
69
69
68
68
68
68
68
68
67
67
65
65
65
65
64
65
66
66
66
66
65
64
65
66
65
64
65
65
65
64
65
65
66
65
63
64
64
65
65
64
65
65
64
65
66
67
67
67
67
69
69
70
71
72
72
72
73
73
73
73
73
74
73
72
72
72
72
71
72
71
72
72
72
72
72
73
73
73
73
73
73
73
73
73
73
73
73
73
73
73
73
73
73
73
74
77
76
77
77
78
78
77
77
77
77
76
75
76
76
76
76
77
77
77
77
77
77
77
77
77
76
77
78
78
77
77
78
78
78
78
77
77
76
77
77
77
77
77
77
78
77
77
78
78
77
77
78
77
76
78
77
77
76
76
75
75
76
76
77
77
78
78
80
80
88
85
86
87
89
88
88
87
88
88
89
89
89
89
89
89
89
89
90
90
90
91
91
92
92
92
92
91
92
92
92
92
90
90
91
92
92
92
92
92
91
91
92
91
90
90
91
92
92
94
92
91
92
91
93
92
93
94
95
95
99
97
96
96
96
96
96
97
97
96
97
99
100
100
100
101
101
102
103
103
103
103
103
103
103
104
103
102
103
103
104
105
108
110
110
112
113
114
114
114
112
112
114
113
114
112
112
113
113
113
113
115
114
114
113
113
113
114
114
114
115
116
114
114
117
115
115
116
115
114
115
115
114
115
114
115
113
114
115
114
114
114
113
113
113
113
113
112
111
111
111
111
109
109
111
110
111
111
112
112
113
112
112
109
108
107
106
107
108
106
109
108
109
110
111
110
111
111
112
113
115
114
111
110
108
108
108
107
105
106
106
107
107
105
105
104
104
105
104
104
104
105
105
102
93
101
99
101
101
101
98
101
101
101
101
101
101
102
105
105
106
106
106
107
104
103
102
102
99
96
96
95
92
95
95
93
93
93
93
94
94
93
95
95
95
93
93
94
93
94
98
97
97
98
97
98
98
98
97
98
99
96
97
97
98
99
100
100
99
98
99
99
99
99
100
99
99
100
100
100
101
101
102
103
102
102
102
102
103
103
104
104
105
105
104
102
102
101
101
99
96
94
94
93
93
93
92
91
92
92
91
91
90
88
89
89
88
81
84
84
83
85
84
85
86
86
87
87
87
88
87
88
88
87
87
87
88
88
87
88
88
88
87
89
88
86
87
86
88
87
88
87
87
87
86
87
87
87
86
86
87
87
85
85
85
85
87
88
89
90
92
92
92
92
91
90
86
85
85
85
78
78
76
78
76
76
75
74
74
74
74
75
75
74
75
74
74
74
75
76
77
76
76
76
76
76
76
76
76
76
76
76
76
77
78
75
75
74
76
78
79
80
80
81
82
82
82
85
85
86
86
86
86
86
86
86
85
86
85
84
85
89
89
90
89
90
89
89
88
89
89
89
89
89
89
89
89
89
88
86
86
86
86
87
88
87
88
87
87
85
86
85
84
84
84
84
82
83
84
83
83
83
83
81
81
81
81
80
80
79
80
80
80
80
80
80
81
80
80
80
80
80
80
69
70
70
70
76
72
72
71
73
77
79
82
82
79
78
80
79
79
78
79
79
79
78
78
78
79
80
78
76
77
78
78
79
77
77
78
79
79
79
78
78
79
79
79
79
83
84
84
85
85
85
82
84
85
86
85
86
84
85
85
81
84
83
87
88
88
89
89
90
90
91
92
92
90
91
91
90
91
91
91
92
92
92
92
92
92
92
89
88
89
89
89
89
89
90
88
88
87
86
86
86
86
87
87
89
89
88
87
87
87
88
88
88
87
87
87
83
83
82
82
82
81
82
81
82
82
83
82
84
87
86
87
88
88
89
88
90
87
86
88
89
90
89
90
91
91
91
92
94
93
93
92
92
91
92
93
93
94
95
93
94
94
96
96
96
96
96
97
95
95
95
95
93
94
93
93
94
93
93
93
92
91
92
92
93
94
93
93
94
92
92
84
82
81
81
80
79
79
80
80
80
80
80
78
78
79
78
78
78
78
78
79
80
80
80
81
83
83
84
84
82
80
82
81
79
79
81
80
81
82
82
82
83
83
83
84
84
80
79
79
80
80
79
79
80
81
83
83
83
82
84
79
76
77
77
77
73
75
75
75
75
75
75
75
75
78
80
78
78
80
82
81
81
84
85
84
86
87
86
86
86
87
87
88
89
91
92
93
94
94
93
92
93
93
93
92
93
95
94
95
97
97
97
98
99
100
102
101
100
103
103
105
105
105
102
103
98
99
96
93
92
