34
34
34
34
34
35
35
35
34
34
35
34
34
34
34
34
34
35
34
34
35
35
35
35
35
34
34
34
34
34
34
34
34
35
35
35
36
37
36
36
37
37
37
37
37
36
37
37
37
37
37
37
37
36
36
37
37
37
37
37
36
36
36
36
36
36
37
37
37
37
38
38
37
37
38
38
38
37
37
37
37
36
37
37
37
37
36
37
37
37
37
36
35
35
35
35
36
35
35
35
35
35
35
35
35
35
35
35
35
36
36
36
36
36
37
36
37
37
37
37
37
37
37
36
36
36
36
36
36
36
36
35
35
35
35
35
35
35
34
34
34
34
34
33
34
34
34
34
34
35
35
35
35
35
36
35
35
35
34
34
33
33
33
33
34
33
33
34
33
33
34
34
34
34
36
37
37
37
37
37
37
37
37
37
37
37
37
37
37
38
38
38
38
37
38
38
38
38
39
38
38
38
38
39
38
38
38
37
37
37
38
37
37
37
36
36
36
37
38
38
38
38
38
39
38
38
38
38
39
39
39
39
39
39
39
40
40
40
40
38
38
37
37
37
36
36
36
37
36
36
36
37
37
37
38
38
39
39
39
39
39
39
39
39
39
40
40
40
40
40
40
40
40
39
40
39
39
40
40
39
39
39
38
39
39
39
38
38
38
39
39
39
38
38
38
37
37
38
39
38
39
39
39
39
38
38
38
39
39
39
38
39
39
39
39
39
39
40
39
40
40
40
40
39
40
40
40
40
40
40
40
40
40
40
40
40
40
40
40
40
40
40
41
41
41
41
41
41
41
41
41
41
42
42
41
41
41
41
42
42
42
42
42
42
43
43
43
43
43
43
43
43
42
42
42
42
42
41
42
42
42
42
42
43
42
42
42
42
42
42
43
42
42
42
42
43
43
43
43
43
43
43
43
43
43
43
44
44
43
42
42
42
42
42
42
41
41
42
42
41
42
41
41
41
40
39
40
41
42
42
42
42
42
42
44
43
44
44
43
44
44
44
43
44
44
44
45
44
44
44
43
44
44
44
44
44
44
45
45
46
45
45
45
45
45
44
44
43
43
45
46
46
46
46
46
46
46
46
45
45
45
45
45
46
45
45
44
44
44
45
44
44
44
44
44
44
44
45
45
45
46
45
46
45
45
45
45
45
46
46
46
47
47
47
48
47
47
47
47
47
47
47
46
46
46
46
47
47
47
47
47
48
47
47
47
46
47
47
47
46
46
46
46
46
46
47
47
47
47
47
46
46
47
47
48
48
48
48
47
47
47
47
47
47
46
47
47
47
47
47
49
49
49
49
49
49
49
49
49
49
49
49
49
49
49
48
49
48
49
49
48
48
48
49
50
50
50
50
50
49
50
50
49
50
49
50
50
50
50
50
50
50
50
50
50
50
50
51
51
51
51
51
51
51
51
51
51
51
50
50
50
50
50
50
50
50
50
49
48
45
45
44
46
46
46
44
44
45
44
44
44
43
43
44
43
44
44
44
44
43
42
42
42
41
39
40
40
40
42
41
41
40
41
42
41
41
41
42
42
42
43
42
44
44
44
44
45
45
45
45
46
45
45
45
45
46
45
43
44
45
45
46
46
46
45
45
45
45
45
45
45
44
46
45
45
45
45
44
45
46
46
45
44
44
45
45
45
45
46
45
44
43
42
42
42
41
41
41
40
40
41
40
40
40
40
40
40
38
37
36
38
38
38
38
37
37
38
36
37
37
38
38
38
39
39
38
39
39
39
39
39
39
39
39
39
39
39
39
40
40
40
40
40
41
40
41
41
41
41
42
42
42
42
42
42
43
43
42
42
43
43
44
43
44
44
44
44
44
44
44
40
40
39
39
38
38
38
38
38
38
38
38
38
38
38
38
38
38
37
38
39
39
39
39
40
40
39
39
39
39
39
38
38
38
37
37
38
38
38
39
38
38
37
38
39
39
39
39
41
42
42
42
42
42
42
42
42
43
43
43
43
43
44
44
44
45
46
45
45
45
45
45
45
45
45
45
45
45
45
44
44
44
44
43
43
43
43
43
42
42
42
42
42
42
41
41
41
41
41
42
42
42
42
42
42
42
42
42
42
42
42
42
43
43
43
43
41
41
41
41
41
41
40
40
41
40
40
40
40
39
39
39
39
38
40
40
42
41
40
40
39
40
40
40
40
39
38
39
39
39
39
38
38
38
38
38
38
39
39
39
39
39
39
38
38
38
38
38
38
39
38
38
39
39
39
40
41
41
41
41
41
41
41
41
41
40
40
40
40
41
41
41
42
42
43
43
43
43
42
43
43
43
44
44
44
45
45
45
45
46
45
45
46
45
45
45
45
45
46
46
45
45
45
45
45
45
45
45
45
45
45
45
45
44
44
45
44
44
44
44
43
43
42
43
43
44
44
44
44
44
44
44
44
44
44
44
44
45
45
45
45
44
44
44
45
43
43
43
43
44
44
44
44
44
45
46
46
47
47
46
46
47
47
47
47
48
48
48
49
49
49
49
49
49
49
49
49
49
49
49
48
48
48
48
48
48
49
49
49
50
51
51
51
51
50
50
50
49
49
49
49
49
49
49
49
48
49
49
49
50
49
49
49
50
50
50
50
50
50
50
51
51
51
51
51
52
52
52
52
52
52
52
51
52
52
52
53
53
55
54
54
54
54
54
55
55
55
55
54
55
55
55
55
56
56
56
56
55
55
55
55
54
54
54
55
55
55
55
55
55
55
55
55
55
55
56
55
56
56
56
56
56
56
56
56
55
55
55
55
55
55
56
55
55
56
57
57
57
57
57
57
57
58
58
59
60
59
59
59
59
59
59
59
59
59
59
59
60
61
63
63
63
62
63
62
62
62
58
59
