73
73
73
73
73
73
74
75
75
74
75
74
74
75
74
75
76
77
77
78
78
78
78
78
78
76
77
76
76
74
74
74
74
74
76
76
77
77
76
76
77
76
77
77
77
76
77
77
75
75
75
76
78
79
79
81
81
80
80
79
79
79
80
80
80
80
80
81
81
83
83
83
82
82
83
83
83
82
82
82
81
80
81
81
81
81
80
81
81
83
83
81
80
79
80
80
80
72
72
72
72
73
74
75
74
75
76
76
76
76
75
76
76
75
75
74
73
73
73
74
74
74
74
74
73
73
73
73
73
73
71
71
72
72
72
73
75
74
73
72
72
73
73
73
73
74
74
74
75
75
74
75
76
77
78
78
77
76
75
76
74
74
74
73
73
73
73
73
71
71
72
72
72
72
72
73
73
74
74
74
74
74
74
75
74
74
73
73
73
74
75
75
75
76
77
77
78
79
78
78
78
78
77
77
78
77
76
76
76
76
76
75
76
74
74
74
75
74
78
80
81
81
81
82
82
82
82
81
81
81
81
82
83
83
81
82
84
84
84
84
85
83
81
82
81
81
80
80
78
78
78
79
80
81
81
81
82
82
82
83
84
84
84
84
82
83
83
83
84
84
84
84
84
83
83
82
82
84
84
82
83
83
83
84
80
80
79
80
79
80
80
78
78
78
79
76
77
78
80
79
79
80
79
79
79
79
79
78
80
80
79
79
79
78
79
79
79
79
79
79
79
79
78
79
80
80
80
80
80
81
81
82
84
84
83
84
83
83
83
82
83
83
83
83
83
83
82
83
81
81
81
81
81
81
81
81
80
80
80
79
80
80
79
80
80
80
80
80
80
81
81
80
79
79
79
77
78
78
79
79
79
79
79
79
80
80
81
81
81
81
81
81
81
81
82
82
82
82
82
81
81
81
81
80
80
80
81
80
79
78
80
79
78
80
81
79
80
80
81
78
80
78
77
77
74
75
77
76
77
78
78
78
78
79
79
84
81
81
81
82
82
83
83
84
84
84
84
84
85
84
83
84
84
85
85
85
86
86
86
86
86
84
84
85
84
83
82
82
83
88
90
90
91
91
91
91
90
90
90
88
88
87
89
90
89
90
90
89
88
89
88
89
90
89
88
87
85
85
84
86
89
88
89
88
88
88
88
89
90
89
90
90
91
90
91
91
90
90
91
91
91
92
91
90
88
87
88
88
88
89
91
91
91
91
89
92
94
94
94
94
94
93
96
95
95
95
94
94
94
94
93
93
94
93
93
93
94
94
94
93
93
94
94
94
93
96
96
95
96
96
97
97
98
97
97
96
97
96
97
97
96
96
97
96
96
95
95
95
97
96
95
96
97
97
97
98
99
98
100
100
98
98
98
98
96
98
99
99
99
99
100
101
101
102
101
100
100
102
102
101
101
102
102
103
103
103
105
104
103
104
105
103
104
103
103
104
104
102
99
91
95
94
96
95
95
92
94
95
94
96
97
95
97
97
97
98
99
95
98
97
98
96
98
97
96
98
98
97
100
102
102
103
105
105
103
102
103
103
103
103
104
103
107
108
108
108
109
108
107
107
107
107
105
105
105
105
105
104
104
106
107
108
108
108
107
108
107
108
107
108
108
106
109
107
109
107
106
106
107
107
107
103
103
103
104
104
104
104
105
105
103
102
101
100
99
98
100
101
99
99
100
99
99
100
102
102
103
103
103
105
105
104
102
102
97
94
94
93
94
96
98
100
98
100
100
99
100
101
101
101
103
102
103
102
102
103
104
104
105
106
107
108
109
107
108
107
109
114
114
115
115
115
116
114
114
114
113
113
113
114
115
115
114
116
116
115
114
114
114
114
115
114
113
113
112
114
114
115
116
117
116
116
116
117
116
116
116
117
117
119
119
119
119
118
119
119
119
120
120
118
118
118
117
118
117
118
119
120
120
119
113
110
111
112
112
114
114
113
114
114
116
116
117
118
116
115
114
114
115
113
113
113
114
114
112
113
113
113
113
113
115
113
113
114
113
113
113
113
113
112
113
114
115
114
115
115
115
115
115
116
116
115
114
112
110
112
111
110
110
111
111
111
112
111
112
114
116
121
122
122
121
118
118
119
116
117
117
117
118
118
118
117
117
116
116
116
115
116
116
116
116
116
118
117
118
120
116
117
120
119
118
116
118
118
119
120
119
120
121
121
121
120
118
118
118
119
122
121
123
124
125
123
125
123
124
119
118
117
117
118
117
118
117
117
117
115
116
115
115
116
115
116
117
116
116
115
115
117
117
116
115
114
114
113
114
114
115
116
116
117
118
118
120
120
121
121
122
123
122
123
123
123
124
124
123
124
124
124
124
124
124
123
125
125
125
125
125
123
121
119
120
122
121
121
118
117
118
118
117
118
116
116
115
115
116
116
118
120
120
119
119
119
120
121
121
120
121
121
121
121
121
121
120
121
123
122
121
121
122
123
120
123
123
123
124
125
125
126
126
126
127
126
126
126
128
126
128
128
127
127
123
122
123
122
123
124
123
124
124
123
124
124
124
124
126
126
127
126
128
128
129
128
128
129
130
128
128
130
130
129
130
130
129
129
129
129
129
129
130
130
128
127
129
129
128
129
130
128
130
130
131
130
130
132
134
135
137
136
134
135
135
137
136
138
137
138
138
137
133
137
135
135
135
136
136
136
137
137
137
140
139
139
138
137
139
140
139
139
142
143
143
143
142
142
143
143
144
144
145
144
144
143
144
145
146
145
147
148
148
148
148
149
147
148
148
147
148
148
149
151
151
152
152
152
154
152
152
156
155
153
153
153
154
154
153
155
157
157
158
159
159
160
160
159
160
162
161
161
161
161
161
162
161
160
160
160
156
150
154
