38
39
39
39
39
39
39
39
39
39
39
38
38
40
39
40
41
41
41
42
41
42
42
42
41
41
41
43
42
42
43
43
43
43
43
44
44
44
43
43
44
44
45
45
45
45
45
45
45
45
45
45
45
45
45
45
45
45
46
47
46
46
45
44
44
44
44
45
45
45
44
44
43
42
43
43
43
43
43
44
44
44
44
44
44
43
43
43
43
44
46
45
45
44
44
45
46
46
45
46
46
47
47
47
47
48
48
48
48
48
48
48
49
48
48
48
48
48
47
48
48
47
47
48
47
47
47
47
47
47
46
46
45
45
45
45
46
46
46
46
46
46
46
46
47
47
47
48
48
48
48
48
48
52
52
52
52
52
51
52
52
52
52
52
52
50
51
51
50
50
51
52
52
52
52
52
53
53
53
53
54
54
54
55
54
55
55
55
55
55
53
55
56
56
58
58
57
57
56
56
56
57
57
57
57
57
57
56
56
56
56
55
55
54
58
61
58
58
59
58
60
60
60
60
60
60
59
59
58
58
59
59
59
59
59
60
62
61
62
61
61
60
58
58
59
59
58
59
58
60
61
62
63
64
64
65
67
69
68
68
68
69
69
68
68
70
68
69
69
69
69
69
68
67
68
68
68
68
69
68
69
67
66
66
64
65
65
66
66
66
63
61
61
62
63
61
61
62
62
63
64
64
64
65
63
62
61
61
62
63
61
61
60
58
59
60
61
60
61
61
61
62
62
62
63
65
65
65
66
65
64
64
64
66
67
67
67
67
67
67
67
74
73
73
73
73
72
72
73
72
72
73
73
73
73
71
70
72
73
73
73
72
72
72
72
72
72
73
72
73
72
71
69
69
68
69
69
68
68
69
69
70
71
70
71
72
71
72
72
72
72
71
72
72
73
73
73
73
74
72
72
72
71
70
68
67
68
67
67
68
69
67
68
69
69
68
68
69
67
66
68
65
63
62
60
61
63
64
65
66
66
66
67
67
68
67
70
70
70
72
72
72
72
72
71
72
72
71
70
71
70
72
72
71
72
73
74
74
74
73
73
72
71
72
70
74
76
73
72
75
75
74
75
74
75
75
74
73
73
72
72
71
71
73
72
72
70
72
70
72
71
72
73
73
72
72
70
71
70
72
72
72
73
72
73
73
74
75
77
77
77
78
79
78
78
78
79
79
80
79
78
78
78
77
76
76
77
78
78
76
76
78
77
76
76
72
73
74
73
74
75
75
76
76
76
76
76
76
76
75
74
73
74
75
75
76
77
76
76
76
76
76
75
75
74
75
76
76
77
78
80
79
80
80
80
80
80
80
80
80
80
80
80
80
79
79
78
78
80
79
79
79
80
78
79
80
82
83
84
84
81
82
82
81
80
81
80
81
82
81
82
82
83
82
82
82
81
81
81
81
80
80
80
82
82
81
83
83
82
83
84
83
84
84
86
87
86
85
82
75
77
76
78
78
79
77
77
78
77
79
81
79
78
79
79
80
80
79
81
82
85
85
85
83
81
81
82
82
85
86
82
80
82
84
83
84
84
87
88
88
87
87
89
88
89
88
88
88
89
90
90
92
90
90
90
91
91
91
90
90
90
92
92
92
91
92
92
92
92
93
92
90
93
89
91
90
93
92
94
94
96
94
92
92
94
94
94
95
95
95
92
92
91
89
90
88
90
91
89
87
90
88
89
90
88
87
87
86
86
88
89
89
88
86
77
75
75
74
76
77
79
82
80
82
83
82
85
87
86
86
88
88
88
86
84
85
85
85
86
86
87
89
98
93
92
93
92
93
92
94
94
93
95
93
94
95
94
94
93
94
94
95
95
97
97
96
96
94
96
96
95
93
94
94
93
93
93
94
95
96
96
96
96
97
96
96
96
97
97
100
100
100
100
99
100
100
99
100
98
98
97
97
97
97
96
97
97
99
96
95
92
91
91
93
94
95
95
95
95
96
97
97
98
98
98
98
97
98
98
97
98
98
98
98
98
98
97
96
96
97
99
99
99
101
101
101
101
101
100
100
100
100
101
101
102
102
102
102
102
103
103
103
103
101
99
100
99
99
99
99
100
107
107
107
107
107
109
110
108
108
109
109
109
109
109
109
108
107
108
108
108
109
108
109
110
111
109
108
107
108
108
107
107
106
108
109
106
108
104
104
103
104
104
106
106
106
105
104
105
104
105
103
100
100
102
101
103
104
105
106
106
106
108
104
106
106
105
105
105
105
104
104
103
104
104
106
108
109
108
108
109
108
108
109
110
111
111
114
114
113
113
113
113
113
114
115
115
115
116
117
117
118
117
119
119
120
120
120
118
119
119
119
120
120
120
120
120
120
121
121
122
122
123
128
127
127
125
126
128
127
128
128
130
130
130
129
131
130
130
130
130
130
130
130
130
130
131
132
133
133
134
133
133
134
136
135
135
135
135
135
136
136
136
137
138
137
133
135
137
139
140
142
143
142
143
142
142
144
143
143
144
143
134
139
139
137
137
139
141
145
145
144
146
144
143
143
142
142
139
140
141
142
143
144
146
146
146
146
148
149
149
149
150
149
150
146
146
148
148
147
148
148
148
147
147
145
148
150
151
152
148
148
150
152
151
152
152
151
152
154
156
155
155
154
155
157
157
156
155
155
155
156
152
150
149
148
146
146
146
147
150
148
148
148
150
151
152
152
154
154
151
151
150
166
172
176
171
170
172
174
177
176
177
178
182
182
181
181
183
181
180
182
181
181
182
183
184
184
183
185
186
184
178
180
180
168
167
173
177
174
173
174
178
179
178
176
176
174
174
174
175
176
175
176
178
182
185
185
186
185
187
189
196
194
196
196
196
202
202
198
198
200
197
197
199
197
194
187
194
