154
154
153
152
152
153
156
155
152
152
154
155
155
158
158
158
159
160
159
159
158
158
157
157
158
157
157
158
155
157
158
158
157
160
162
160
160
158
157
155
156
155
156
158
156
156
157
158
159
160
166
166
166
166
167
168
170
167
175
174
173
173
174
176
177
175
177
178
177
178
180
181
178
180
183
182
181
180
178
174
176
173
179
179
175
178
178
180
180
178
179
177
174
172
173
177
179
180
181
180
178
181
183
184
183
184
188
191
190
189
188
188
188
189
191
190
191
192
192
195
199
202
203
205
204
205
206
206
207
207
202
200
202
200
201
202
202
202
200
196
197
199
198
197
198
198
200
204
205
207
208
209
205
210
211
211
209
209
210
210
210
207
211
214
214
216
216
216
215
216
220
223
225
226
227
228
233
234
234
233
237
235
235
237
235
237
238
239
242
243
238
243
245
242
249
251
249
248
248
246
244
243
244
242
242
241
240
239
240
243
249
246
248
248
246
253
254
249
252
251
252
255
256
256
257
261
262
263
264
255
256
259
259
257
252
256
253
255
258
255
259
253
251
242
242
248
245
240
236
235
239
260
267
268
274
276
279
280
285
283
285
280
286
287
283
285
281
282
286
286
287
288
285
283
287
278
279
284
288
284
297
288
283
279
271
274
276
275
274
273
269
262
256
258
265
251
249
252
259
248
246
246
242
243
241
237
235
240
242
240
237
240
239
234
235
238
242
244
241
235
238
239
239
242
244
250
253
254
257
259
261
256
258
259
266
266
265
265
264
271
273
272
273
271
275
279
280
281
279
282
283
284
282
283
278
277
273
274
277
279
277
275
272
269
272
271
274
270
269
267
269
269
261
261
259
257
260
257
264
262
259
261
263
262
265
265
267
267
267
266
267
264
265
264
265
265
262
261
256
246
258
260
257
250
251
250
250
245
241
244
247
245
245
252
248
241
245
252
248
244
249
242
238
236
237
238
256
259
264
270
271
274
273
274
280
275
285
283
281
280
284
286
283
285
282
284
284
285
282
281
280
288
286
287
286
286
283
283
283
281
279
278
276
278
278
277
276
282
280
286
292
291
291
290
290
291
290
287
289
287
282
281
285
288
291
293
286
282
280
290
293
295
294
297
298
298
290
291
289
293
294
289
279
274
276
279
280
286
290
284
282
282
282
278
277
276
279
279
281
279
279
282
279
277
274
277
283
285
287
288
291
293
294
294
294
290
291
297
298
296
295
291
297
298
300
299
300
301
301
306
298
296
300
305
307
310
308
303
301
300
300
300
300
302
298
302
302
300
299
299
300
297
301
301
299
297
300
298
301
299
299
297
300
297
295
296
295
294
301
300
299
300
298
299
301
304
306
304
304
304
302
294
294
295
294
296
296
297
300
305
305
305
302
302
302
304
299
299
285
273
268
272
271
273
275
274
278
276
269
273
268
267
270
271
272
271
272
268
265
246
253
253
260
263
261
251
256
257
253
256
259
250
251
254
253
257
254
255
253
253
253
252
257
257
249
254
260
259
271
275
277
277
279
280
277
276
279
279
277
280
282
285
296
295
293
294
298
299
296
298
301
301
301
297
296
299
293
290
286
288
285
287
288
287
283
288
286
287
287
288
286
281
283
280
280
281
275
268
272
270
275
268
270
271
276
278
277
280
280
275
271
272
271
267
263
257
256
259
249
247
255
247
247
253
249
246
249
226
200
200
204
196
193
197
181
181
179
178
183
184
189
195
197
206
209
205
211
213
213
212
213
215
218
214
218
214
213
211
216
213
209
208
206
209
209
211
209
213
210
214
215
219
221
212
211
212
213
215
207
206
214
215
214
215
213
202
202
205
202
201
203
201
204
202
200
201
200
204
204
204
205
202
201
205
211
211
207
206
206
210
213
212
216
222
222
223
224
227
226
223
221
215
210
209
207
207
210
200
200
201
193
192
188
189
194
196
194
193
196
199
207
213
214
211
213
211
211
215
229
228
231
231
233
234
233
232
226
222
222
221
223
223
222
219
219
217
214
209
203
201
199
202
201
199
200
199
199
200
205
211
210
213
215
214
207
216
214
212
214
216
217
215
216
216
213
212
213
214
213
215
218
215
215
215
209
209
209
207
208
211
207
212
216
203
202
206
203
204
204
205
205
202
200
200
202
203
200
209
209
214
211
209
212
218
218
229
233
235
235
233
230
229
220
220
224
227
234
237
232
232
233
230
231
229
232
232
235
232
233
234
230
230
231
235
236
236
237
238
235
233
236
236
230
232
232
231
228
227
220
224
222
227
229
229
227
228
226
225
226
229
228
227
229
231
231
234
238
241
242
245
247
245
248
243
243
246
246
246
249
249
247
246
246
246
246
245
239
241
244
241
243
245
245
249
250
249
252
251
252
250
245
238
239
237
238
239
252
261
264
261
263
263
259
250
253
256
256
255
255
258
259
257
250
243
246
242
237
235
236
238
236
244
245
244
242
241
241
238
236
242
238
241
241
246
246
241
250
256
256
259
258
261
261
261
261
263
260
257
259
257
255
256
257
261
262
265
265
261
262
244
236
237
241
243
243
240
241
242
240
240
241
239
238
235
229
221
225
223
227
228
223
221
222
222
221
223
223
222
223
226
226
224
221
221
215
217
219
221
222
218
216
218
215
211
215
217
219
220
220
221
222
224
227
226
226
226
227
226
224
222
232
229
228
229
235
240
240
240
236
233
231
225
224
227
226
226
230
230
228
228
223
224
225
226
225
224
219
225
222
222
222
227
235
238
236
238
232
229
234
233
234
238
235
237
244
248
245
248
251
250
250
251
253
254
260
262
265
265
264
268
272
275
276
260
258
255
262
261
262
253
254
260
254
256
256
255
247
234
240
