39
39
39
39
39
39
39
39
39
38
38
36
37
36
37
37
39
40
40
40
40
40
40
41
41
40
40
41
41
41
41
41
40
41
40
40
40
39
38
38
38
38
39
39
38
37
37
37
36
36
36
37
38
38
37
38
39
38
39
39
40
39
40
40
40
39
39
39
37
37
37
37
36
36
37
37
37
38
38
37
37
36
36
37
36
36
35
36
35
35
35
35
34
34
34
34
35
35
34
34
33
34
34
34
34
35
35
36
36
36
36
37
36
37
37
37
36
36
36
37
35
34
35
35
35
35
36
36
36
37
36
36
36
35
36
36
39
39
37
37
37
37
37
37
37
37
37
38
38
38
38
39
39
40
41
41
41
41
41
41
42
41
40
41
42
42
42
42
40
40
41
41
41
41
41
40
40
40
40
40
41
40
40
40
40
40
42
42
42
42
42
43
43
44
43
44
44
43
42
43
44
46
45
45
45
45
45
46
46
47
46
46
47
46
46
48
47
47
48
48
49
49
50
50
50
50
49
49
49
49
50
51
51
52
52
53
53
54
53
53
53
52
51
50
51
52
51
51
50
50
50
51
52
53
53
54
54
54
55
54
55
55
54
55
57
54
51
52
53
54
54
54
53
53
53
51
51
51
53
51
52
50
50
50
49
48
49
49
50
50
49
47
47
47
48
45
46
46
47
47
49
48
49
49
48
48
47
47
48
48
48
47
47
47
47
47
49
49
48
50
51
52
51
51
52
52
53
52
53
52
52
53
53
54
55
54
54
54
54
54
54
55
57
56
56
56
56
56
56
56
56
57
57
57
56
56
55
56
56
56
56
55
56
57
56
57
56
56
55
55
56
55
53
53
54
54
55
54
54
54
55
55
58
53
54
54
54
54
54
54
54
54
54
54
54
54
54
54
54
54
53
54
53
54
54
55
56
55
55
55
56
54
54
55
53
57
58
58
58
57
57
56
53
53
49
49
50
51
52
53
53
54
54
55
56
56
59
58
58
58
59
59
59
60
59
59
59
60
59
59
59
61
62
61
61
62
62
60
61
61
61
60
59
60
59
59
59
57
56
58
59
60
60
61
61
61
60
61
60
59
59
58
58
59
58
58
57
56
56
57
57
58
58
58
58
56
55
55
54
54
55
56
56
57
58
58
59
59
61
61
61
61
62
62
62
62
63
64
63
62
62
62
62
61
60
60
60
61
61
61
62
61
61
61
61
59
59
59
58
58
59
59
60
61
62
62
63
62
62
61
61
61
61
62
62
63
62
61
60
59
57
58
57
57
56
57
57
57
57
59
59
59
59
57
57
57
56
55
55
54
54
54
55
54
54
55
54
54
54
54
53
53
53
54
54
54
55
54
54
53
51
51
51
50
50
51
53
53
53
53
53
53
53
52
52
52
53
52
52
51
51
51
50
51
53
54
54
54
53
54
54
54
54
55
55
55
54
54
53
49
51
50
50
48
47
46
46
46
45
46
47
46
46
45
46
47
47
46
47
47
47
47
47
47
46
45
44
43
44
44
45
46
47
51
51
52
52
52
52
52
52
52
53
53
53
54
55
53
56
57
58
61
63
63
62
64
62
62
61
61
61
61
61
60
62
63
63
63
64
65
65
65
66
63
64
63
63
61
61
61
62
60
60
61
61
62
62
62
62
62
60
60
59
58
56
55
56
55
51
51
49
47
48
49
49
48
48
47
46
47
47
50
49
49
46
42
43
43
44
45
45
47
48
50
50
49
49
51
51
52
54
54
55
56
58
57
57
57
56
56
56
57
58
58
58
58
57
57
57
59
58
57
58
58
57
57
57
57
57
56
58
58
58
59
59
59
60
59
60
61
61
61
60
61
60
59
58
59
59
59
59
58
58
59
58
58
57
56
57
59
59
58
60
58
58
59
58
59
59
58
57
56
56
56
56
57
57
58
58
58
56
53
51
52
53
54
54
53
53
54
56
56
58
58
58
58
58
58
58
58
59
58
59
59
60
59
60
58
58
58
59
60
60
60
61
62
63
63
63
63
63
64
63
63
66
68
68
68
67
68
68
68
68
68
66
66
66
66
67
68
69
69
72
72
71
71
72
73
72
71
71
72
73
73
72
72
70
70
71
69
70
70
71
71
72
72
71
71
71
72
72
70
69
67
71
72
70
74
73
74
74
75
78
78
77
75
75
76
76
75
73
73
69
70
71
76
81
82
81
79
80
77
79
77
76
76
75
75
76
76
75
75
75
76
77
77
79
79
80
81
81
81
79
80
81
81
82
83
83
82
82
81
81
81
84
84
82
84
84
84
84
84
84
85
85
87
87
87
87
87
88
87
89
87
84
82
83
83
85
85
87
87
89
87
86
86
84
85
86
85
85
85
86
86
85
85
85
83
84
85
85
86
85
85
85
87
88
89
90
91
90
91
91
92
92
93
93
92
93
94
95
96
95
96
97
97
94
108
110
113
114
113
114
113
113
112
114
113
110
111
112
111
104
108
109
105
106
106
106
106
106
106
108
106
104
104
102
101
99
102
102
103
103
106
107
107
109
107
108
110
109
110
111
112
115
111
112
111
111
108
108
109
109
108
107
106
109
109
110
110
108
108
110
111
111
115
115
110
111
114
115
113
114
114
114
113
116
116
116
116
114
114
113
113
112
112
111
110
111
111
111
112
114
114
116
117
117
117
119
120
120
119
118
119
120
121
119
119
120
122
123
124
126
126
124
125
124
123
123
122
124
124
124
125
127
128
127
128
128
130
131
114
110
109
108
108
106
106
110
107
106
107
106
107
109
107
106
106
105
103
104
105
105
105
107
110
113
110
112
112
112
114
116
113
112
113
115
117
119
118
118
118
115
116
115
114
111
106
112
