50
51
51
50
49
50
48
49
48
48
48
47
47
48
47
47
47
48
49
50
50
50
51
52
51
51
51
51
50
50
50
50
50
51
51
55
54
54
54
54
55
56
56
57
57
56
56
54
55
56
55
57
57
57
57
57
58
58
59
59
59
59
59
59
59
59
59
60
60
60
59
60
59
60
60
61
60
62
60
60
59
58
60
60
60
62
61
62
61
61
63
62
61
62
63
63
63
64
64
63
62
63
63
64
63
65
64
63
64
63
62
64
64
66
66
65
65
65
64
63
64
64
64
64
64
63
64
63
63
64
63
62
62
62
63
63
64
65
63
63
63
64
64
64
64
65
65
65
66
66
67
68
69
68
67
65
65
64
65
65
65
64
64
65
65
64
66
65
64
64
66
65
65
65
65
64
64
64
64
62
62
62
62
61
62
63
63
63
63
64
63
63
63
63
64
65
65
65
65
66
67
68
69
69
69
69
68
67
66
65
66
67
67
66
65
65
66
66
67
67
67
68
68
68
68
68
68
68
68
68
69
70
71
71
71
72
71
70
70
71
70
70
69
69
68
69
68
68
67
67
67
66
67
66
66
65
66
69
69
69
70
70
72
71
71
72
72
73
74
74
74
73
74
73
74
73
72
73
74
75
76
76
74
75
74
74
74
75
75
75
76
74
73
73
74
72
71
71
72
68
68
68
69
73
72
72
71
71
72
71
71
72
72
74
74
75
76
75
75
75
74
76
75
76
76
77
78
77
77
78
78
78
80
79
79
79
80
81
81
81
80
81
81
82
82
82
81
82
82
82
81
82
83
83
82
81
80
81
82
82
83
82
84
84
84
85
84
82
82
83
82
79
77
79
79
78
77
76
77
76
76
77
78
78
78
79
80
79
79
79
80
81
82
83
82
83
83
84
84
85
84
84
82
82
83
83
85
83
83
82
84
82
81
82
81
80
80
82
79
78
80
79
78
76
73
74
74
75
77
79
79
79
79
78
78
80
81
83
82
84
84
84
82
84
84
85
85
84
86
87
85
87
87
87
87
87
88
88
88
89
89
89
89
89
87
88
88
87
86
88
91
91
91
90
90
90
89
90
90
88
88
88
90
92
91
90
90
91
90
93
93
96
96
94
94
94
93
93
92
93
94
96
96
94
94
95
97
97
96
96
97
96
98
101
100
99
99
100
100
99
102
102
101
100
100
101
102
105
105
105
108
109
108
109
109
107
106
109
108
107
107
107
108
107
107
108
108
108
109
108
109
108
108
108
108
109
109
109
110
108
108
109
109
108
107
109
109
109
110
111
112
113
114
114
114
114
115
115
115
116
118
119
118
116
116
117
116
117
118
117
115
125
126
124
124
128
128
127
128
133
129
128
129
129
118
118
115
116
114
116
113
116
116
113
113
112
112
114
112
109
111
113
114
115
114
116
117
118
116
117
116
118
118
118
120
123
123
121
118
108
114
113
116
118
117
112
113
114
114
116
120
117
115
119
117
118
118
117
117
117
118
118
117
112
105
108
109
109
114
113
109
110
109
109
111
113
110
113
113
114
113
108
104
106
107
111
111
116
115
115
112
109
110
107
108
109
106
103
102
105
105
102
101
105
105
106
104
104
103
108
107
102
105
103
103
104
104
105
106
108
109
109
109
110
109
110
110
110
110
108
107
110
109
109
110
107
105
109
105
106
106
104
105
106
109
106
105
102
99
103
103
102
101
102
98
94
98
98
98
100
103
105
105
104
107
107
107
109
110
110
110
109
109
107
109
108
110
112
113
113
113
113
110
112
111
113
111
112
112
113
114
112
113
113
111
111
111
109
108
110
110
110
110
111
112
113
113
114
114
116
115
114
113
113
113
113
113
113
114
115
112
109
108
110
110
110
110
110
111
112
113
113
114
113
115
119
120
122
122
122
120
120
119
120
120
121
122
123
121
122
116
117
117
120
122
122
120
119
121
116
117
117
116
120
119
119
118
116
116
119
120
118
117
116
114
116
117
116
117
117
119
118
119
120
119
120
119
119
120
120
121
120
120
118
118
118
117
116
117
117
117
116
119
116
115
115
114
112
114
115
115
115
117
117
115
115
116
116
115
115
115
115
115
114
114
114
112
110
110
110
110
112
111
110
112
112
112
111
110
108
108
106
106
106
108
109
112
119
123
119
125
124
123
126
125
127
128
129
129
130
132
131
135
134
130
128
129
130
128
129
128
127
126
126
125
125
124
125
126
126
125
125
125
123
124
124
124
122
122
122
123
122
122
121
122
122
118
118
119
118
118
117
118
121
121
122
121
120
122
122
122
122
126
128
128
126
127
129
129
129
130
130
130
129
130
131
131
132
133
133
132
132
134
133
132
131
129
128
128
126
126
127
126
127
128
128
128
127
128
129
128
130
129
129
131
129
129
132
133
133
134
134
134
135
136
139
139
140
141
141
142
144
144
143
142
141
139
140
142
141
142
144
146
146
146
145
148
148
148
149
150
150
149
148
149
150
150
151
152
152
152
153
152
151
152
153
152
153
152
153
153
153
153
154
155
155
155
155
153
154
156
157
157
156
155
154
156
157
155
161
160
157
157
156
155
153
153
156
157
156
154
155
155
156
157
156
156
156
156
158
158
157
159
159
160
163
164
163
162
162
163
162
156
155
154
154
152
154
154
157
159
161
163
163
162
161
158
156
156
151
152
151
156
157
158
162
161
159
160
180
172
169
171
171
173
178
177
177
174
173
174
172
171
172
174
173
176
177
176
176
176
178
180
182
185
179
178
179
179
183
181
181
179
179
179
177
179
180
181
180
181
181
181
181
181
182
184
185
185
182
183
184
184
185
185
186
188
189
189
190
193
193
186
189
187
187
184
179
181
