87
87
87
86
86
86
87
85
83
84
84
83
85
86
85
86
86
87
87
87
87
89
90
92
91
90
91
90
90
90
91
92
91
91
92
95
96
96
95
97
98
98
97
97
97
96
97
98
97
98
98
99
99
99
105
106
105
107
107
107
108
107
105
108
119
120
122
124
123
128
127
130
129
128
127
124
123
124
124
124
119
120
122
124
125
125
124
126
127
125
125
123
122
121
121
122
124
125
127
126
124
125
127
127
126
125
125
127
126
123
122
125
125
128
126
126
129
134
135
135
135
136
136
136
136
136
134
134
133
134
137
134
135
134
135
134
135
134
134
131
132
135
137
137
139
140
137
136
136
135
136
138
137
138
139
139
136
138
140
139
143
144
144
145
146
144
146
144
141
139
141
141
142
141
143
148
147
147
146
146
146
148
153
155
156
155
158
157
157
156
155
157
160
161
163
163
166
163
161
164
163
165
163
163
164
163
163
162
161
164
167
166
164
160
160
161
160
160
165
165
164
166
165
166
165
166
167
168
170
170
170
180
184
184
182
186
181
181
186
186
186
181
178
180
183
185
183
190
185
185
184
184
188
189
193
190
192
205
205
211
218
218
222
226
227
228
213
223
227
225
216
210
209
210
213
210
216
215
219
217
216
209
208
207
203
203
206
205
210
208
208
201
195
195
202
188
190
191
197
198
198
204
206
204
202
200
199
204
205
208
201
206
204
201
196
199
204
207
205
206
207
208
206
208
214
215
216
212
213
212
213
214
212
208
208
208
206
209
208
209
210
216
217
216
220
222
219
223
224
225
227
224
222
222
220
217
213
217
219
220
220
214
214
217
217
218
219
218
218
215
216
213
219
219
212
212
206
204
206
203
205
207
214
217
219
222
227
227
228
227
228
225
227
227
231
230
230
229
233
230
231
232
234
235
239
239
239
240
232
242
248
246
244
244
241
239
240
246
241
244
247
242
236
224
214
214
224
225
229
232
234
237
240
240
239
238
247
242
247
252
250
250
246
246
243
242
242
243
250
269
265
263
261
269
272
271
269
261
264
266
267
266
261
262
260
259
260
263
258
265
264
264
262
256
255
257
260
260
260
258
257
257
268
271
275
274
266
267
263
269
268
276
278
279
282
282
275
271
268
268
267
267
274
275
275
279
280
281
288
289
282
290
296
292
291
290
290
293
297
296
297
295
290
291
291
295
298
301
308
308
313
317
316
316
309
298
301
308
304
300
298
297
298
297
296
293
295
294
299
298
294
298
297
295
294
298
297
282
286
287
285
290
290
287
284
292
306
300
298
298
297
297
295
299
298
301
301
300
308
314
310
308
307
306
303
303
298
299
302
301
298
298
300
300
302
305
308
312
309
310
303
301
307
309
304
308
305
303
306
315
318
322
320
317
317
318
315
316
316
331
328
335
337
328
334
335
335
337
320
324
320
316
314
315
315
320
318
316
302
281
301
300
310
312
311
299
299
302
294
298
304
294
294
296
298
303
305
296
298
283
288
286
292
274
254
258
271
278
289
277
270
269
277
274
271
266
263
277
279
273
265
258
258
264
270
284
310
310
311
316
313
309
309
300
297
310
307
301
300
301
300
304
310
306
302
312
321
319
314
322
317
314
316
312
309
307
303
302
305
306
309
309
309
311
312
310
311
310
313
313
306
308
305
300
304
300
301
298
287
291
297
286
295
301
298
296
294
291
286
283
278
282
276
271
271
263
274
273
277
283
287
281
279
280
286
285
285
299
296
293
295
291
289
286
288
288
292
291
297
290
282
273
274
269
274
276
278
279
276
275
276
267
269
230
236
246
245
237
227
223
221
218
215
221
227
228
228
228
225
220
221
219
217
218
214
215
209
208
224
225
224
221
224
225
227
228
228
230
228
230
227
233
242
236
244
246
247
245
250
250
245
240
242
244
238
238
238
237
231
231
226
225
223
231
231
232
233
234
236
239
240
239
240
244
246
243
243
244
247
248
250
247
250
260
256
254
255
253
254
254
249
249
250
252
252
251
252
254
254
253
253
254
254
243
237
238
236
237
235
238
237
239
238
240
235
239
240
244
245
246
244
239
240
242
242
238
239
237
231
230
233
236
234
238
239
241
237
229
232
227
225
229
230
231
232
225
226
223
220
214
208
204
198
190
198
198
223
221
216
209
200
198
197
199
192
194
187
194
191
194
193
194
190
190
191
188
189
189
192
191
194
193
192
194
193
191
194
194
199
201
204
208
214
217
216
220
220
220
220
214
216
214
216
217
215
212
215
214
214
212
213
210
219
229
230
229
235
236
242
246
246
247
249
249
246
247
247
246
246
244
246
246
246
244
245
240
242
240
241
241
239
239
241
239
238
237
234
234
235
235
239
241
241
239
239
238
238
238
238
239
239
239
237
238
235
235
237
236
238
238
239
240
243
244
246
244
244
246
245
246
235
231
231
230
230
223
221
219
219
220
221
224
224
223
223
224
228
229
227
229
228
230
232
230
231
232
235
237
237
239
245
247
247
248
247
247
244
244
243
243
242
241
241
243
245
244
247
247
246
247
249
251
254
255
256
254
254
252
252
248
250
243
242
240
237
232
234
233
231
228
224
224
224
223
224
224
222
224
223
225
230
227
225
224
227
236
233
231
226
224
221
222
212
208
202
210
212
210
208
205
206
213
208
208
210
206
204
207
207
205
206
199
196
185
191
189
187
183
180
176
179
180
177
182
176
175
175
173
174
172
172
175
172
173
174
175
171
171
175
174
173
176
176
174
170
163
165
166
166
169
173
171
169
172
172
171
169
165
168
165
164
165
165
164
172
171
172
173
171
175
174
178
177
179
177
181
181
190
188
187
187
190
184
184
180
178
172
166
169
