39
39
40
39
39
39
38
39
37
39
39
37
38
38
37
38
38
39
39
39
40
39
39
39
39
38
39
39
38
38
38
38
38
38
39
38
39
38
37
39
40
40
40
40
40
39
39
39
39
39
39
41
42
42
41
41
42
42
44
45
45
44
44
44
45
45
46
45
45
45
45
45
43
44
46
45
45
45
45
45
45
44
45
45
45
45
44
46
46
45
45
45
45
43
43
44
44
44
45
45
45
45
45
46
46
46
46
47
47
47
47
47
47
48
47
46
46
46
46
46
46
49
48
48
48
48
48
48
48
48
48
47
47
46
47
47
47
47
47
46
46
47
47
48
48
49
48
50
49
50
49
50
50
50
51
50
50
49
49
50
49
49
49
49
49
49
49
49
48
48
50
50
50
50
51
52
52
52
52
52
52
52
52
52
52
49
48
49
48
48
48
48
49
48
49
49
49
49
49
48
49
50
50
49
50
50
49
48
49
49
50
49
49
49
49
51
50
49
50
50
51
51
51
51
51
51
51
51
52
51
51
52
52
52
52
52
52
51
51
51
50
49
48
49
48
48
48
48
47
47
48
48
49
49
49
49
49
49
50
49
49
49
49
49
49
49
49
50
50
51
52
51
51
49
50
49
49
49
50
50
51
50
50
50
50
50
50
50
50
51
51
50
50
50
51
50
50
50
50
50
51
51
51
52
52
53
52
53
53
53
52
52
51
52
52
53
53
54
53
53
55
53
54
54
54
54
54
54
54
54
54
54
55
55
55
55
55
55
54
55
55
55
56
56
56
55
55
55
55
55
55
55
56
55
55
55
54
54
55
55
55
55
55
55
55
55
55
55
54
54
54
53
52
52
54
52
53
52
53
53
54
54
54
54
55
54
55
55
56
56
56
56
56
56
56
56
55
55
55
55
55
55
55
55
56
56
57
55
55
54
55
54
54
54
54
53
53
54
52
51
52
50
50
50
49
49
50
51
51
52
52
52
52
52
53
54
54
54
54
54
54
54
54
54
54
54
54
54
54
54
54
55
55
55
55
55
55
54
55
55
55
55
55
55
55
55
54
53
53
55
55
56
56
57
57
56
56
57
57
56
55
55
54
54
53
53
51
51
50
51
50
51
52
51
51
51
49
49
49
51
51
51
52
52
53
52
52
51
54
55
55
55
55
55
55
55
55
55
55
55
56
56
56
55
54
55
56
56
55
56
56
56
56
56
55
54
54
54
54
55
55
54
55
55
55
56
57
57
58
58
58
58
58
57
57
57
57
57
57
56
57
58
58
58
58
59
60
59
59
59
59
58
59
59
60
60
60
59
59
59
59
59
60
61
61
60
60
60
62
62
61
62
62
62
62
62
63
63
63
63
62
62
63
62
61
62
62
62
63
63
63
64
64
64
64
64
64
65
64
63
64
64
64
65
64
64
63
63
63
64
63
63
63
63
64
64
63
62
61
54
59
59
60
60
61
59
59
59
59
59
60
58
58
58
58
59
59
58
58
57
57
56
58
57
56
57
57
55
58
58
58
58
58
58
58
59
58
60
60
60
60
61
61
61
61
63
64
63
63
61
61
61
63
62
61
62
60
59
59
61
61
62
62
62
62
63
63
64
64
64
63
63
64
62
62
62
60
60
60
60
61
60
60
60
61
61
61
62
62
62
61
60
60
59
59
58
58
59
57
55
57
55
55
56
56
56
56
55
55
56
55
55
54
54
53
51
53
51
52
53
53
52
52
52
52
50
51
52
51
51
52
52
52
52
52
52
51
52
53
53
53
53
53
53
54
54
53
53
53
54
55
54
55
54
54
54
53
53
53
54
55
56
55
55
56
56
56
56
56
56
56
56
56
55
55
55
54
55
55
56
56
56
55
55
55
56
57
57
57
58
58
58
58
57
58
57
57
57
57
56
56
55
54
54
53
54
54
54
54
54
52
50
50
50
52
53
52
51
52
53
53
54
54
54
55
54
54
55
54
54
55
55
55
54
54
54
54
57
58
58
59
59
59
59
59
59
59
59
59
59
59
59
59
59
59
59
60
60
60
60
60
59
59
59
58
58
58
58
58
58
58
58
58
59
58
58
59
59
59
59
59
59
60
60
60
60
60
60
60
60
61
60
60
60
60
60
60
61
62
62
62
61
58
58
58
59
60
62
63
64
64
64
64
64
64
64
64
64
64
63
64
64
64
64
64
64
65
66
66
66
66
66
66
66
67
67
66
66
67
67
66
65
66
65
66
67
67
66
67
67
66
66
66
66
66
67
66
66
66
66
65
65
65
64
65
65
65
65
65
65
66
66
63
61
62
63
63
64
64
64
64
65
65
64
64
64
64
65
63
62
63
63
63
63
62
63
62
61
62
60
61
62
62
62
62
62
63
62
62
61
61
60
60
60
60
60
59
60
60
60
60
60
61
61
62
61
63
63
63
62
62
63
62
61
62
61
61
62
62
61
62
63
63
63
64
64
64
64
64
63
63
64
64
64
64
64
64
64
64
64
63
63
63
63
64
64
64
63
63
63
63
63
63
63
63
64
64
64
64
64
64
64
65
65
65
65
65
66
65
66
66
65
65
64
64
63
63
63
63
63
61
61
61
61
61
60
61
60
60
60
61
60
60
59
58
60
61
61
60
60
60
59
59
60
60
60
61
61
61
61
62
62
62
62
62
62
61
62
62
62
63
64
64
63
65
65
65
65
65
65
64
65
65
65
62
62
63
62
62
62
62
62
61
61
60
60
60
60
59
59
59
60
61
60
60
59
60
60
60
59
60
60
59
59
60
60
60
60
60
59
59
60
60
60
59
60
61
60
60
61
61
61
61
61
62
62
61
61
62
64
65
65
64
64
64
64
62
60
60
