39
38
39
41
41
42
42
42
41
41
42
41
41
41
42
42
42
43
42
43
43
44
44
44
44
44
44
45
44
44
44
43
44
44
45
45
45
45
45
45
46
47
47
47
47
47
47
47
46
47
47
47
45
46
47
47
48
48
48
48
48
48
48
48
47
48
49
49
49
49
50
51
49
50
50
50
50
50
50
50
49
49
50
50
50
50
50
51
51
51
52
51
51
50
50
50
51
51
51
51
50
51
51
52
52
53
53
53
53
54
53
53
53
54
53
53
52
53
54
53
55
55
55
55
54
55
55
55
56
56
55
55
55
55
55
55
56
56
55
54
53
54
54
54
54
54
53
55
56
56
55
56
56
56
56
55
54
54
55
55
55
54
54
54
54
54
55
55
55
56
58
57
58
58
58
59
59
60
59
58
57
58
58
58
58
59
59
59
59
60
59
60
60
60
61
61
64
62
62
62
63
64
64
65
65
65
65
65
64
65
65
65
65
64
65
65
65
65
65
66
66
66
66
67
66
66
66
66
66
66
67
68
69
68
67
67
68
68
68
68
67
65
64
65
65
65
65
65
64
64
63
64
64
64
64
63
64
64
64
64
64
64
64
64
64
65
65
66
66
67
67
68
69
66
66
65
66
66
66
65
66
66
66
66
65
64
64
65
66
66
67
66
65
65
65
63
64
64
64
65
66
66
66
65
67
67
66
67
67
68
68
68
67
66
67
68
68
68
67
66
66
66
66
66
67
67
68
67
68
68
68
68
69
69
69
69
68
68
68
67
67
67
68
68
68
68
67
66
66
66
66
66
66
66
66
66
64
66
66
66
66
66
65
65
66
66
67
66
66
66
65
64
64
64
64
63
64
63
64
64
64
65
65
65
66
66
65
66
65
66
66
66
67
67
67
66
66
67
66
66
65
65
65
65
65
66
66
66
65
65
65
65
65
65
64
63
64
65
63
63
64
62
61
61
61
60
62
62
63
64
65
64
65
67
67
67
68
68
69
69
68
68
68
68
68
68
68
68
68
68
67
69
69
68
68
68
67
67
68
68
69
69
68
68
68
67
66
65
65
67
68
69
69
69
69
69
69
70
69
68
66
66
66
67
66
66
65
65
65
65
64
65
66
65
65
66
64
64
64
65
66
66
67
66
66
66
66
62
61
60
60
61
61
60
61
61
61
61
61
61
61
62
62
62
61
61
62
61
61
62
62
61
62
62
62
61
61
61
61
61
61
61
61
61
62
62
62
62
62
61
61
61
61
60
61
60
60
60
60
62
62
62
62
62
64
65
64
65
64
64
65
65
66
66
66
66
66
66
66
66
66
66
66
66
66
66
65
66
68
67
66
66
68
68
68
69
69
69
68
68
68
67
68
69
68
69
69
69
70
71
71
72
73
73
73
73
73
73
73
73
73
75
74
75
76
76
76
77
77
78
78
79
79
80
79
80
79
79
76
72
74
74
75
75
74
73
73
73
72
74
74
75
76
77
77
78
77
76
76
75
76
76
78
78
77
78
79
77
79
80
80
80
82
81
80
80
80
80
80
81
81
80
81
82
81
80
81
83
81
83
83
83
85
85
84
85
83
83
82
84
84
86
86
86
86
85
85
85
86
85
85
84
87
86
85
84
83
82
82
82
82
81
79
80
81
81
81
81
82
81
79
79
79
77
78
77
78
79
79
78
79
78
77
78
79
78
79
79
80
81
80
80
79
79
77
75
73
65
67
67
68
69
68
71
70
70
70
73
73
72
73
73
74
74
73
75
77
78
77
77
79
78
79
78
78
79
78
77
78
77
78
77
78
77
77
77
77
78
79
80
81
81
80
82
81
81
79
79
79
81
85
84
85
86
86
86
86
86
86
87
87
87
87
87
86
87
88
88
88
89
87
87
88
87
86
85
85
85
85
85
84
84
84
84
83
85
86
86
86
87
83
82
82
84
85
87
88
85
85
85
87
87
88
89
88
88
87
88
87
88
88
88
85
84
83
83
83
84
84
84
85
85
85
85
85
85
85
85
86
86
87
87
87
86
88
88
89
90
90
90
90
90
90
90
89
89
88
87
88
88
90
89
91
91
90
90
91
92
92
92
90
91
91
90
90
90
91
90
91
91
92
87
83
83
83
83
82
82
80
80
81
79
79
80
81
80
80
82
83
83
86
86
86
86
86
86
85
86
86
86
86
87
87
86
87
89
91
93
92
92
92
92
93
91
93
92
93
93
93
94
93
93
94
94
95
95
95
94
94
95
95
94
95
95
96
96
96
97
98
99
98
97
98
97
98
98
98
95
90
91
93
94
95
96
96
96
98
98
98
99
98
100
101
100
99
100
100
100
100
99
99
99
99
99
99
98
95
95
96
94
94
95
94
95
96
95
96
94
94
95
95
95
93
93
94
94
94
95
96
97
97
97
97
97
97
100
105
105
104
105
104
103
102
102
102
101
100
100
100
100
100
99
100
99
99
99
100
100
99
99
99
100
102
101
102
102
103
105
104
104
102
101
102
104
104
106
105
104
105
105
104
105
105
104
105
105
105
105
105
106
106
106
107
106
105
105
106
104
105
104
104
105
104
104
104
103
103
105
103
103
100
100
100
99
100
98
98
94
94
95
95
94
91
91
87
92
93
94
99
93
94
94
93
93
93
94
94
95
96
96
96
95
96
95
96
96
96
95
95
96
96
96
96
101
102
100
100
100
100
100
100
101
101
101
99
100
99
99
98
98
98
98
98
99
97
99
99
98
99
98
98
100
102
101
100
100
98
98
99
99
100
100
99
99
99
99
99
101
102
101
101
101
102
101
99
100
101
101
100
99
97
96
96
94
95
94
94
94
95
96
95
96
94
92
91
93
91
87
88
