62
63
62
64
66
65
66
66
64
64
65
64
64
65
64
64
64
64
65
65
65
65
65
65
65
62
63
63
62
62
61
62
62
62
62
62
61
60
60
62
62
61
62
62
60
60
61
59
57
59
59
59
59
59
59
60
61
59
61
61
62
62
63
64
64
64
65
66
67
67
66
67
66
66
67
67
68
68
67
66
66
65
64
64
63
63
62
63
64
63
64
62
63
61
62
63
63
63
63
63
63
63
64
64
65
66
65
65
65
65
63
62
63
63
63
63
62
61
62
62
62
62
62
63
63
63
63
63
63
63
62
62
62
62
62
62
63
63
62
62
62
63
63
62
62
63
62
63
64
63
63
64
63
63
63
64
63
62
62
62
63
62
63
63
64
64
64
64
63
63
63
63
64
65
65
67
67
67
67
67
68
67
67
67
66
66
67
67
67
67
66
67
67
67
68
68
68
67
67
67
68
68
68
68
69
69
69
68
68
69
70
69
69
68
68
68
68
66
63
63
64
62
63
64
64
63
63
63
63
64
64
66
66
66
66
67
67
66
66
67
66
65
63
64
64
65
64
64
63
62
63
63
63
64
64
64
65
65
64
64
65
64
64
66
65
65
65
66
66
66
67
66
65
65
65
64
64
65
65
64
64
65
65
65
64
65
66
67
67
67
67
66
65
66
66
65
65
66
66
67
67
67
68
67
67
66
66
67
68
68
68
68
68
68
68
69
69
69
69
68
68
68
68
68
68
69
68
69
69
69
69
70
71
72
72
72
72
72
71
71
70
71
71
72
71
71
71
71
71
72
72
72
72
72
72
73
71
72
72
76
70
69
70
70
69
69
69
68
69
70
68
67
61
62
62
61
62
61
62
61
61
61
61
61
62
62
62
62
62
63
62
62
63
64
64
64
63
64
64
63
64
64
64
64
65
65
65
64
63
63
63
61
60
60
59
58
59
60
59
58
58
56
55
54
53
53
55
55
56
57
57
57
57
57
58
62
58
58
59
59
61
61
61
61
62
62
62
62
62
62
61
62
62
62
61
61
59
58
59
61
62
62
61
62
59
57
56
54
55
58
59
59
60
61
61
61
61
61
60
60
58
58
58
59
59
60
60
60
58
59
58
59
59
57
56
57
54
47
48
49
49
49
50
51
52
52
53
54
54
54
54
55
55
55
56
56
56
56
56
57
55
55
55
54
54
54
53
53
53
52
52
52
52
52
52
51
53
52
52
53
53
53
55
55
56
59
59
59
59
59
58
59
59
59
59
59
59
58
59
60
60
61
60
61
62
64
63
63
63
63
63
64
63
63
62
62
61
61
61
61
60
60
61
61
61
61
61
61
61
61
60
58
58
59
60
59
59
59
58
59
59
57
55
55
54
54
54
54
54
54
55
55
54
54
53
53
52
52
51
49
50
51
52
54
54
53
54
54
52
51
52
51
51
50
51
52
51
49
49
44
46
44
44
45
45
44
44
43
42
43
43
43
42
42
42
45
45
44
46
46
46
45
45
45
42
43
44
45
46
48
48
49
51
51
50
50
52
52
52
52
52
52
53
52
52
52
53
54
54
54
55
52
49
50
50
50
48
47
47
48
49
50
51
52
52
53
53
53
54
53
52
53
53
51
51
50
48
48
48
49
52
52
52
52
55
56
56
57
56
56
55
56
53
51
50
49
49
50
48
48
48
48
48
51
51
50
52
52
52
52
52
53
54
51
51
48
51
49
51
52
53
51
54
55
54
52
54
56
57
57
58
57
58
59
58
59
60
59
60
59
59
61
62
61
61
62
61
62
62
63
64
63
65
65
64
66
66
65
66
66
65
66
65
66
65
66
66
66
67
68
67
66
66
68
67
67
67
68
67
71
76
76
77
78
76
76
76
76
77
77
79
79
80
78
79
80
80
81
82
81
80
79
78
79
79
83
84
83
84
84
81
77
77
79
79
79
80
79
81
82
84
84
86
86
86
86
86
86
86
85
85
86
85
85
85
84
84
85
84
82
82
82
82
82
82
83
84
82
81
81
82
84
84
82
83
82
83
81
80
82
82
83
83
80
76
77
76
76
77
77
78
78
81
81
81
81
83
85
84
85
85
83
83
84
83
83
82
80
81
81
82
82
82
83
83
83
81
82
82
83
84
83
83
84
85
86
82
81
81
81
77
80
82
83
83
84
84
84
84
84
87
88
86
86
86
86
90
92
91
91
91
90
90
89
89
89
89
88
89
89
87
87
87
89
91
91
91
91
91
94
94
95
95
93
94
93
94
96
94
95
95
95
93
93
93
94
94
93
94
94
94
94
91
93
92
93
93
93
92
93
96
103
103
103
102
102
104
103
103
103
104
104
105
104
106
106
105
105
106
104
105
105
105
105
106
105
106
105
106
106
105
106
104
104
104
106
106
106
106
107
108
108
108
109
109
108
112
109
110
110
110
111
110
111
112
112
110
110
111
111
112
113
112
113
112
114
113
114
114
113
113
115
115
112
113
108
106
108
108
108
106
105
105
105
105
107
105
106
106
108
108
110
112
114
117
118
118
117
118
119
118
119
120
119
118
116
117
116
118
120
119
121
119
115
112
110
110
111
112
114
112
113
114
116
116
115
116
115
115
116
117
119
117
119
118
120
124
125
125
126
128
132
135
136
134
132
129
129
131
133
136
137
138
139
136
138
137
138
137
139
140
141
140
138
141
141
139
140
139
140
139
139
142
142
137
140
142
144
142
141
140
140
136
136
136
136
136
138
136
137
137
137
132
135
133
128
128
127
130
131
131
130
129
129
132
133
132
131
128
129
129
129
129
129
132
132
131
134
138
135
133
135
134
129
115
119
116
114
114
113
117
114
112
112
111
109
104
104
107
