32
33
33
33
33
33
33
32
31
31
32
31
31
31
31
31
31
32
32
33
33
33
33
33
33
33
32
32
32
32
33
33
33
33
33
33
32
31
31
31
32
32
32
33
32
32
31
31
30
32
32
32
32
32
32
33
33
33
33
33
35
36
36
36
37
37
36
36
37
37
38
38
37
37
36
36
36
36
36
37
36
35
36
36
35
35
34
35
35
36
36
36
36
35
36
36
36
37
37
38
37
38
38
39
39
40
39
39
39
38
39
44
43
44
44
43
43
43
43
43
43
43
44
44
44
44
44
44
44
45
44
43
43
43
43
44
44
44
44
44
43
44
44
44
45
45
45
47
47
47
47
47
47
48
48
48
47
47
47
48
48
47
48
49
49
47
45
45
44
44
42
43
43
43
44
53
58
58
57
57
57
56
56
57
57
57
57
58
57
57
57
58
59
58
56
55
56
54
53
53
54
54
54
54
55
55
55
55
55
55
56
56
55
53
54
55
56
56
57
57
57
58
58
58
58
57
57
57
58
61
61
61
60
61
59
61
62
64
65
62
63
63
59
56
57
59
57
59
55
55
55
54
55
56
55
54
55
54
55
54
54
54
54
54
53
53
53
53
55
54
55
55
56
54
55
52
53
54
55
54
55
54
53
53
52
52
51
52
54
54
57
55
53
52
54
50
50
49
52
51
53
52
52
52
50
50
50
50
50
51
50
50
49
48
48
50
51
51
50
50
50
51
50
53
53
55
54
54
55
55
54
54
53
54
53
53
52
52
51
51
51
51
52
53
52
52
52
55
55
56
56
57
57
57
56
55
54
55
55
54
54
54
52
52
52
53
53
56
56
55
55
55
54
54
54
54
55
54
54
54
54
55
55
55
55
55
55
54
55
55
57
55
55
54
55
56
55
55
56
55
55
55
55
54
54
54
54
55
54
53
54
53
53
53
52
50
49
49
48
47
48
47
45
45
44
44
46
48
48
49
49
52
51
51
52
52
52
53
52
53
52
53
53
52
53
55
55
54
54
55
54
56
56
58
57
57
57
56
57
56
56
57
56
58
57
56
56
56
55
56
56
57
57
57
57
57
56
56
57
56
57
58
60
62
63
64
61
61
59
57
56
56
58
57
58
59
58
53
53
55
54
55
55
54
55
56
56
57
57
58
57
57
56
57
57
56
56
58
58
57
57
58
57
56
57
57
57
56
56
56
56
59
57
56
55
54
54
54
54
54
52
53
53
53
53
53
54
54
53
53
52
54
58
56
56
61
59
58
59
60
59
59
60
59
59
59
59
59
59
59
59
59
60
59
59
59
59
59
60
61
61
61
63
63
63
63
62
62
63
63
63
63
65
62
62
64
63
63
61
62
62
62
63
63
63
63
63
63
63
63
64
64
65
65
65
66
65
66
64
60
61
61
63
63
62
62
62
62
61
61
61
60
61
60
60
61
60
60
58
53
56
56
57
57
57
56
54
55
54
55
56
55
56
56
56
56
57
58
58
56
57
57
57
56
56
56
57
55
57
59
56
57
56
56
57
57
57
61
60
61
62
62
64
67
68
67
66
65
66
66
67
67
66
67
67
66
65
64
64
65
67
66
67
67
67
67
68
68
67
67
68
66
66
66
66
65
65
65
66
66
66
64
64
65
66
65
65
67
66
66
65
65
64
64
64
65
61
62
59
59
60
59
60
61
61
60
62
62
64
66
66
68
67
67
65
58
59
59
60
60
62
64
62
64
63
62
64
64
65
66
68
69
69
70
71
71
71
71
72
72
71
69
68
69
69
70
70
70
70
73
72
73
73
73
72
74
73
73
73
73
73
73
73
74
73
74
73
74
75
74
74
75
73
74
74
74
75
74
76
77
76
75
76
77
76
76
76
78
78
79
79
79
79
79
79
80
78
79
79
79
79
79
78
79
79
79
80
80
79
81
79
78
78
79
80
81
83
81
82
82
83
84
84
84
83
82
83
84
84
83
85
84
86
85
85
89
89
91
92
92
92
92
93
93
95
96
96
95
92
94
95
94
94
92
92
93
94
93
93
94
96
95
96
95
92
93
92
93
93
94
95
94
96
95
94
93
95
95
92
92
91
90
89
90
90
91
90
90
91
91
91
91
91
90
90
90
87
85
84
85
86
84
86
86
87
90
88
92
91
92
91
93
94
98
95
95
94
96
96
96
95
93
92
93
95
98
98
100
98
100
99
99
100
102
100
100
99
98
99
99
97
97
96
97
98
95
94
95
96
96
96
95
96
92
91
92
93
92
93
92
90
90
97
97
95
96
94
93
94
96
97
98
98
100
100
102
101
101
101
103
102
104
104
104
104
102
104
104
106
105
108
108
111
111
112
114
111
112
113
113
114
114
115
114
115
117
116
115
115
115
115
115
114
114
115
117
118
119
120
121
119
120
140
135
134
134
132
142
138
138
138
137
137
139
139
138
136
138
139
138
139
139
141
143
145
146
147
150
149
149
149
152
147
144
145
143
145
146
150
147
150
155
154
151
150
152
148
151
152
151
151
152
152
152
153
152
155
156
157
160
160
159
162
159
161
168
173
167
170
168
171
169
174
174
175
172
174
175
179
178
170
169
168
172
174
175
173
173
174
175
177
176
180
177
180
186
185
185
183
184
186
189
188
189
186
187
186
184
184
184
187
188
186
185
187
187
189
188
193
193
193
193
195
194
197
205
203
203
203
226
234
235
243
235
234
244
245
246
252
249
249
252
252
252
255
255
258
255
254
256
264
264
260
259
258
225
228
236
243
237
235
235
236
235
234
235
236
234
216
222
223
228
226
223
226
235
235
242
250
249
248
254
262
265
272
268
270
267
274
274
275
284
270
261
262
252
252
233
241
