24
24
24
24
25
24
24
25
25
25
25
25
25
26
26
26
27
28
28
28
29
28
29
30
30
29
30
31
31
31
32
31
31
32
32
31
30
29
29
30
30
30
30
30
30
29
30
30
29
30
30
31
31
30
30
31
31
30
31
32
33
34
34
33
33
33
33
33
32
33
30
29
28
29
30
28
28
28
28
28
28
27
28
29
28
28
28
28
28
28
28
27
27
26
26
26
25
26
26
26
26
26
26
26
28
29
30
31
31
30
31
30
31
31
31
31
30
31
30
30
31
31
31
31
30
31
31
30
30
29
29
29
29
29
29
29
30
31
30
28
28
29
29
28
29
29
29
30
31
30
30
31
31
31
31
31
31
31
32
32
32
31
31
33
32
32
32
32
31
31
31
31
32
32
32
33
33
33
33
34
35
35
35
35
35
36
36
36
37
36
36
37
37
37
38
38
38
38
38
38
38
39
39
39
39
39
38
38
37
36
37
37
37
36
36
36
36
35
36
36
37
36
37
37
36
36
37
37
38
37
37
38
39
40
39
40
39
40
40
40
41
40
40
39
39
39
39
39
37
38
38
38
39
39
39
38
40
41
39
39
40
41
43
43
43
43
43
44
45
45
46
45
45
44
44
44
46
46
46
46
47
46
46
47
46
46
46
46
47
47
48
46
45
46
47
46
46
45
45
46
46
47
47
48
48
47
47
47
47
48
48
48
47
47
47
48
49
49
48
48
48
49
48
48
48
50
49
50
49
49
50
50
50
50
50
49
49
48
47
47
47
48
48
48
47
47
47
48
47
48
48
48
48
48
47
49
48
49
50
50
50
48
48
49
49
49
50
46
46
46
46
44
44
44
43
43
43
43
44
44
44
45
45
46
47
47
47
46
47
47
46
46
47
46
48
48
47
47
47
47
48
47
47
46
47
46
47
46
45
44
45
44
44
44
43
43
44
44
43
43
43
43
42
42
42
41
45
45
47
48
48
49
50
52
53
52
53
53
55
56
55
55
55
56
56
56
56
55
55
56
54
55
55
55
56
58
59
55
55
58
57
57
56
57
56
57
56
58
56
56
56
57
57
57
59
59
60
60
61
61
60
59
60
61
61
62
61
62
61
63
64
67
68
69
69
70
69
70
68
66
66
67
67
65
64
66
64
62
63
63
65
63
65
64
64
64
64
64
65
66
66
64
64
64
64
65
67
68
68
69
68
69
69
67
67
64
65
66
66
65
64
62
62
63
65
64
64
63
63
62
63
63
64
65
64
67
68
67
66
65
64
66
63
62
63
66
66
66
66
65
66
66
68
67
64
65
64
63
63
64
65
65
66
66
65
65
62
60
61
62
63
63
62
63
64
66
67
67
67
66
64
65
66
65
65
66
67
67
68
72
72
73
74
75
75
74
74
77
74
73
73
74
74
75
76
78
78
80
78
79
78
79
78
79
80
82
81
80
78
70
76
76
77
76
76
74
76
79
77
80
82
82
81
82
81
80
80
79
79
81
79
79
80
80
78
79
79
79
80
81
75
76
75
76
77
75
74
76
76
77
76
76
77
79
79
78
75
76
77
78
78
78
78
78
77
79
78
77
75
77
78
79
80
82
79
80
80
80
80
82
82
82
86
86
85
84
84
83
83
83
83
81
81
82
82
82
82
83
83
81
79
79
77
77
75
71
71
71
67
68
69
67
69
74
73
70
71
70
68
70
70
68
67
68
63
62
67
66
68
69
70
72
71
73
72
72
74
75
74
74
77
77
78
77
76
77
77
78
80
79
80
80
81
82
81
82
80
81
82
83
82
81
78
78
80
79
79
80
79
80
82
82
83
82
82
81
78
77
75
74
74
72
71
70
70
69
69
69
69
69
68
66
67
66
65
66
66
66
66
67
67
66
67
66
66
66
65
65
66
66
67
66
64
62
61
60
61
60
60
60
57
56
57
57
58
58
59
58
58
60
60
61
64
64
65
65
64
64
63
65
66
66
68
68
68
67
67
65
65
66
66
66
65
66
66
66
66
66
67
67
67
67
67
68
68
67
67
67
68
67
68
69
71
71
68
70
68
67
67
66
66
66
67
66
66
65
66
66
66
66
68
69
68
69
68
70
70
71
73
72
72
72
74
74
75
73
70
71
71
72
72
72
71
70
71
72
71
73
75
76
79
78
78
78
80
79
81
83
82
82
81
82
83
85
83
85
88
89
89
87
87
87
91
89
91
91
91
89
91
90
89
89
89
88
89
88
87
88
93
93
93
94
92
93
94
94
93
94
94
96
94
94
94
93
95
95
95
95
97
98
97
98
97
97
96
96
96
97
95
97
98
98
100
97
98
96
95
95
95
96
96
93
95
95
95
95
92
93
94
93
95
96
94
93
92
92
91
90
89
89
89
90
88
87
87
87
88
88
91
91
90
86
85
85
84
86
87
86
85
84
84
83
83
84
85
84
82
83
85
85
86
85
86
86
86
87
89
89
89
89
92
91
90
89
89
89
88
89
91
90
92
91
92
90
90
89
89
90
90
91
92
93
93
92
94
94
93
92
91
90
89
88
88
85
87
88
87
85
85
85
85
86
86
85
84
84
85
85
84
84
80
78
78
77
75
74
76
74
74
75
75
75
72
74
73
75
76
77
77
77
75
73
72
73
73
75
76
75
75
76
76
77
81
81
79
81
81
81
81
80
81
81
81
80
79
80
78
76
69
66
66
66
66
66
64
63
64
62
62
62
62
62
62
65
66
66
66
66
66
65
65
67
70
69
68
68
68
68
70
70
70
70
70
70
72
73
73
74
74
74
75
75
75
74
75
75
74
74
72
70
73
75
74
72
71
70
69
69
66
62
62
64
64
64
66
65
64
62
63
