93
94
92
90
95
88
83
84
84
87
87
86
85
86
87
87
90
91
93
93
91
92
92
92
91
92
94
94
93
93
94
93
91
92
91
96
99
98
98
99
97
98
100
100
100
97
96
95
92
93
91
91
93
99
100
98
98
96
98
98
97
96
97
99
104
105
108
105
103
103
101
103
100
99
100
100
100
100
98
95
92
91
94
95
91
94
91
93
93
91
94
90
89
88
89
89
94
93
94
95
94
96
97
95
96
101
102
115
108
107
109
114
114
113
110
108
108
111
111
116
118
117
117
116
114
115
115
112
110
110
109
105
105
103
104
105
107
106
106
106
107
110
109
111
113
113
112
113
114
115
114
115
114
114
116
114
114
113
114
114
115
115
117
117
116
114
115
114
109
107
108
108
107
109
111
111
108
106
107
111
118
124
124
124
125
124
124
123
120
117
115
118
116
115
117
120
125
120
119
120
122
124
122
123
122
125
122
121
122
124
127
126
125
121
124
124
123
124
129
131
131
131
132
133
132
133
132
133
132
131
134
134
136
136
131
138
137
139
141
141
139
137
133
129
132
155
156
158
154
157
154
156
165
171
175
174
180
183
182
180
178
185
184
182
182
184
175
176
173
173
170
172
180
175
179
173
178
179
181
176
175
160
150
155
152
152
151
153
156
153
153
141
147
148
155
142
141
142
147
149
150
153
156
158
156
152
153
160
158
161
154
157
157
153
152
153
161
161
159
158
157
159
157
157
161
164
168
168
168
164
166
168
170
172
170
167
166
167
166
164
162
160
161
160
165
161
159
160
160
158
158
162
165
164
160
160
162
163
164
164
161
158
156
160
164
169
171
167
167
164
166
161
159
159
157
156
159
157
160
161
162
164
170
173
171
168
170
167
170
170
172
169
170
170
170
171
166
165
163
161
165
167
162
160
164
162
163
161
159
159
168
166
166
168
167
167
170
179
173
168
175
171
168
164
158
156
165
164
170
175
180
186
190
193
192
190
197
192
191
193
191
194
195
195
195
194
194
189
187
190
191
195
193
194
193
195
195
193
201
196
198
198
195
198
194
189
188
181
179
186
189
189
189
179
183
188
187
186
187
181
184
181
183
182
185
186
178
176
172
182
182
181
181
183
180
181
173
187
184
179
174
179
179
178
171
176
175
177
182
178
180
183
186
184
182
186
183
180
184
181
183
185
182
183
181
180
177
178
178
184
189
191
186
185
184
174
176
183
180
172
169
169
171
176
178
178
182
183
184
184
182
183
186
188
186
183
182
175
171
173
171
173
171
160
157
164
164
161
161
160
162
160
163
162
164
168
172
167
167
166
165
164
165
160
159
160
159
160
170
167
170
172
177
181
185
185
188
186
184
187
183
180
183
184
183
187
187
188
190
193
199
206
205
205
206
204
204
207
205
201
200
204
200
200
197
197
199
198
190
192
189
185
190
188
187
191
186
184
176
164
172
171
175
178
178
169
174
178
170
175
180
169
171
171
170
169
169
166
168
158
160
158
160
149
146
151
156
159
167
162
161
164
164
162
160
154
152
162
160
161
161
160
168
172
169
176
175
176
177
180
177
176
172
172
173
173
170
166
167
169
172
176
177
173
174
178
182
182
180
180
176
169
177
184
187
184
183
188
188
188
190
185
184
186
189
188
188
190
192
190
187
185
184
181
175
170
163
167
158
156
163
154
160
159
159
155
153
152
148
144
142
132
144
146
138
137
138
135
137
143
144
149
142
148
144
141
142
141
139
142
150
151
146
143
147
142
142
138
139
134
134
131
129
128
130
135
133
134
132
136
135
136
143
146
148
155
150
150
148
155
154
155
154
156
156
157
161
159
158
154
143
142
140
142
144
142
141
142
145
146
140
139
139
144
140
141
139
142
144
147
149
148
151
151
153
156
154
140
138
138
137
136
133
132
129
127
128
125
124
123
118
114
113
116
114
117
117
117
122
125
126
126
126
125
126
126
125
124
128
128
126
127
127
134
130
129
134
133
138
136
137
136
135
133
133
134
135
134
133
132
134
137
137
132
130
130
128
128
126
126
124
126
125
128
124
128
127
127
130
132
132
132
131
132
127
124
127
124
120
122
122
124
125
124
126
125
122
118
120
119
122
121
120
122
121
122
122
126
133
135
131
131
129
137
131
120
125
126
126
115
119
120
122
122
120
118
115
119
118
121
126
123
122
124
125
123
125
126
119
114
109
114
118
120
115
117
120
126
127
126
124
124
123
124
133
140
144
145
143
138
137
136
136
135
135
132
132
131
130
129
128
128
128
131
129
126
128
127
126
127
127
128
129
138
130
130
129
131
131
131
132
132
134
132
135
132
130
127
128
127
125
122
122
123
122
121
119
120
121
118
119
119
121
121
122
119
118
116
116
116
117
117
115
118
118
119
121
119
118
120
121
125
128
128
131
133
130
131
129
124
125
121
119
120
121
119
116
117
114
111
104
104
99
98
98
98
101
102
102
102
101
103
106
106
115
116
118
115
117
119
124
130
127
125
122
126
124
122
121
124
122
124
124
125
125
128
127
126
127
128
129
132
132
129
139
135
138
138
137
138
137
136
138
136
136
133
134
134
136
136
134
134
134
138
136
138
139
138
138
139
142
146
145
145
143
143
146
144
146
147
147
144
143
143
142
143
144
140
139
138
140
142
141
142
144
141
141
144
141
141
141
140
143
140
140
138
141
134
131
125
128
126
120
117
115
117
116
118
115
115
115
113
110
111
110
111
109
108
108
109
108
108
108
109
110
113
109
110
113
114
112
114
114
114
118
116
116
118
118
119
119
121
121
122
125
126
124
123
120
122
122
123
123
126
122
121
121
123
126
126
126
127
126
122
118
117
117
111
114
