147
146
146
146
146
147
147
148
145
144
147
143
143
146
145
146
148
150
150
151
151
152
152
155
155
153
154
153
152
151
152
152
151
152
153
153
155
151
148
148
151
151
154
155
153
150
147
146
145
146
147
149
149
151
150
152
155
151
155
154
156
156
156
157
160
161
164
165
166
167
168
168
162
162
164
166
165
167
164
164
163
159
164
167
165
168
164
169
167
169
170
166
163
158
157
159
159
160
164
162
162
166
166
167
166
168
171
174
176
175
175
175
175
177
176
173
173
174
178
178
182
185
186
186
184
182
180
178
178
181
179
176
175
175
176
176
179
180
179
173
174
175
177
176
179
178
178
180
183
183
183
188
185
186
188
187
186
184
185
184
184
181
183
184
184
186
182
185
184
187
187
187
189
189
189
197
198
198
199
200
202
203
202
203
199
198
200
200
195
200
196
203
201
199
201
202
203
199
198
200
201
201
201
201
201
200
201
199
198
200
203
205
202
200
202
203
204
205
209
208
209
214
215
215
215
215
216
213
215
215
216
216
216
214
210
212
212
213
212
210
210
196
201
198
199
199
197
198
187
192
188
189
186
190
191
195
193
191
190
188
190
186
190
188
187
187
186
190
194
195
196
197
197
193
195
188
188
188
188
187
193
191
189
186
184
184
196
203
205
204
203
194
192
193
192
179
181
182
184
185
185
186
186
188
185
184
190
195
199
196
195
195
194
195
193
193
196
193
189
187
184
188
185
187
190
191
191
187
189
189
189
190
195
199
201
200
199
198
199
197
200
204
204
202
203
202
202
204
200
202
207
205
207
208
206
208
201
203
206
204
206
204
203
204
207
207
208
205
205
209
209
203
198
197
195
193
196
195
197
196
198
198
200
200
201
199
200
201
202
206
214
210
211
212
211
212
210
210
211
209
205
206
205
204
205
208
211
208
205
203
204
201
199
201
200
195
198
200
197
195
198
193
190
186
181
177
184
184
187
191
189
190
191
195
198
198
201
200
192
193
192
196
197
197
198
200
199
197
195
197
196
201
202
203
204
204
202
202
201
204
204
207
203
206
204
202
197
191
192
207
214
213
215
214
214
214
214
215
214
208
203
201
205
205
205
204
199
198
193
197
197
204
210
206
205
207
206
202
205
210
210
211
214
214
217
214
214
214
215
216
216
217
218
217
217
218
219
217
217
216
214
215
214
212
209
211
213
212
212
212
216
215
220
219
217
213
214
215
215
215
214
212
215
215
216
219
217
218
220
219
218
220
220
220
221
222
223
224
227
226
228
228
226
224
222
225
224
222
221
223
224
222
225
224
225
225
225
224
226
225
224
223
226
225
224
223
220
220
225
223
219
221
225
224
225
226
228
227
227
227
224
221
221
219
217
216
213
213
213
215
216
217
218
219
219
219
218
219
216
211
209
208
209
210
207
210
213
212
209
211
210
205
203
204
205
205
204
199
195
179
189
182
187
187
186
182
182
178
176
176
182
177
176
176
175
178
180
178
177
173
172
168
172
169
166
169
171
167
172
174
175
176
177
177
174
171
171
177
176
172
174
170
179
181
179
178
183
180
181
184
187
186
188
187
178
178
175
171
167
173
171
176
177
175
173
176
176
177
178
180
177
171
175
171
169
166
163
153
145
154
159
155
155
155
160
163
162
165
162
160
155
157
152
144
141
136
137
137
132
128
130
125
127
131
134
127
131
133
130
133
126
124
123
129
122
118
121
116
120
127
129
131
128
132
134
127
129
133
137
140
144
145
151
151
150
149
150
150
152
150
147
153
161
161
160
161
157
158
155
161
162
161
164
159
160
159
158
159
160
166
171
172
168
171
174
175
175
177
177
177
175
173
170
168
164
163
161
163
164
167
167
168
163
163
162
163
163
165
166
172
172
170
174
172
172
170
174
173
173
169
163
159
156
155
152
152
154
154
153
158
148
137
136
140
140
140
137
133
133
137
140
142
144
147
145
146
145
147
146
146
145
145
145
145
146
144
144
141
143
144
147
145
144
144
143
144
143
141
142
141
141
142
144
141
141
143
143
144
142
141
141
142
148
146
142
145
144
144
146
145
147
144
146
146
143
140
143
143
143
144
147
148
153
154
154
151
147
143
145
143
142
142
141
139
143
142
141
142
139
140
133
133
132
132
136
132
132
141
147
146
143
142
143
142
142
144
145
147
147
146
147
149
148
149
151
153
159
161
161
159
159
155
151
148
148
147
147
146
145
145
144
145
148
146
149
148
146
143
143
144
144
143
142
142
142
143
144
146
146
144
144
152
154
155
158
157
159
160
163
165
168
167
168
170
166
169
170
170
168
168
168
171
170
169
167
167
168
167
167
164
163
166
167
166
163
164
159
159
159
156
159
163
162
163
164
162
161
159
159
160
161
163
161
161
162
163
164
164
167
167
166
167
166
162
155
154
155
156
155
153
154
153
152
154
155
152
151
150
153
154
153
153
154
154
153
154
160
159
161
160
160
161
162
163
161
162
163
165
166
166
161
162
162
163
164
168
166
167
169
170
167
170
173
172
174
175
176
176
177
178
178
178
181
182
184
178
179
181
185
181
181
181
181
181
179
176
177
179
180
177
173
173
173
174
175
176
176
172
174
175
177
176
176
173
173
176
178
178
177
178
180
183
183
183
184
185
187
187
188
189
190
192
194
195
195
195
195
195
194
194
194
196
194
194
196
198
197
196
190
190
188
185
188
186
185
185
186
185
184
186
183
182
181
186
185
187
188
191
191
190
193
198
200
199
200
198
197
198
199
200
198
198
196
195
200
203
203
203
205
204
205
205
207
207
204
203
199
199
201
200
199
202
205
204
208
207
212
214
214
212
211
206
208
204
198
200
195
182
189
