86
85
85
85
86
84
84
84
85
85
89
90
89
91
91
92
93
94
93
93
93
92
92
92
92
91
91
93
94
95
97
97
98
100
103
102
107
105
104
104
105
105
109
108
111
109
110
110
107
112
114
107
105
109
108
107
105
105
107
106
105
105
105
105
106
107
108
107
106
105
102
104
103
105
107
106
104
104
101
99
97
95
99
99
97
99
96
98
99
99
102
99
97
97
98
97
100
99
100
97
95
97
98
99
98
104
104
104
104
104
105
105
108
109
107
107
109
110
110
108
110
110
109
107
105
112
109
109
109
107
106
106
105
104
106
106
106
111
112
109
109
109
111
111
113
113
111
112
112
112
114
116
117
116
118
117
116
115
115
114
112
112
112
114
113
111
111
110
108
107
110
110
112
112
114
116
115
114
115
116
117
116
118
118
117
117
119
116
116
114
111
113
112
112
114
115
116
116
115
116
113
113
114
114
114
114
114
113
113
115
114
113
114
113
113
113
113
111
113
112
115
113
113
115
115
116
114
116
114
114
117
117
119
118
117
118
119
119
120
120
123
123
119
118
117
120
119
120
118
115
116
116
120
120
121
122
124
125
125
123
124
124
125
124
122
124
123
125
126
127
125
122
125
123
126
123
123
124
128
126
127
123
122
121
121
122
122
124
126
126
125
118
120
118
120
113
113
114
116
116
116
117
116
114
114
112
112
112
111
113
111
113
112
112
110
112
112
111
112
111
111
113
112
113
115
116
116
116
117
117
116
118
119
119
117
116
117
116
117
116
117
116
118
119
121
119
119
120
119
119
119
120
121
122
120
120
119
120
121
119
118
117
116
118
120
121
122
122
123
123
129
128
126
129
128
127
127
125
128
126
127
125
133
133
133
132
133
133
133
135
138
138
139
140
139
139
138
138
139
137
139
139
138
137
140
141
143
143
142
141
142
140
140
140
140
139
138
138
137
136
140
137
137
135
131
128
131
133
138
144
146
147
147
152
158
159
165
162
161
161
160
162
161
163
162
162
161
157
159
161
162
166
163
164
163
165
165
168
169
168
167
169
170
169
167
163
165
158
159
166
169
168
165
157
162
164
163
162
160
157
159
154
160
159
156
159
153
156
152
159
155
158
160
160
159
158
155
156
153
154
150
152
154
150
150
153
155
154
154
154
156
156
158
159
158
158
159
159
159
158
160
158
155
153
154
154
153
158
162
163
168
170
169
166
166
159
161
165
163
159
157
155
156
158
161
162
163
162
163
166
165
165
167
173
168
168
168
162
161
160
160
162
161
160
159
160
162
159
160
160
163
162
164
164
164
164
161
160
160
157
158
157
157
157
158
157
157
153
158
157
155
156
157
156
160
162
163
162
161
159
157
153
155
155
152
155
154
152
154
155
156
160
162
163
164
165
161
165
162
159
166
173
170
178
177
176
176
177
170
173
170
168
170
168
167
170
167
164
159
145
152
151
155
156
155
149
149
153
147
152
156
151
152
154
152
152
152
151
152
145
146
145
146
138
132
137
139
138
144
142
143
148
149
153
152
148
147
153
153
154
152
152
154
156
159
163
165
161
159
161
163
162
161
160
160
159
156
151
152
155
158
160
161
160
161
163
165
163
163
162
160
155
163
157
158
159
158
156
162
164
165
160
160
160
163
164
163
163
165
162
159
159
155
153
153
151
148
151
146
148
153
149
155
156
156
153
155
151
149
151
150
150
150
149
144
141
145
141
143
147
148
151
149
149
148
146
147
149
147
144
148
147
147
145
147
144
142
143
144
145
143
144
145
145
147
150
149
149
148
150
149
150
154
154
154
159
158
156
156
159
160
160
159
161
163
162
165
163
163
163
160
159
159
158
155
154
153
154
156
158
155
151
152
152
150
149
149
150
151
154
155
156
157
158
158
160
160
159
158
158
155
155
153
153
152
153
152
151
149
151
147
146
146
149
151
152
154
153
156
158
161
161
163
162
163
164
163
162
163
165
166
166
167
169
172
173
175
174
173
173
173
173
172
172
171
171
175
172
174
174
174
174
174
170
171
172
171
171
171
171
170
170
170
170
166
171
170
170
173
173
173
174
175
176
174
170
172
170
166
166
167
168
166
168
168
168
164
163
165
162
164
163
161
161
159
159
159
160
152
147
141
140
140
134
138
140
147
150
150
148
147
148
148
147
146
147
143
145
145
145
146
144
142
145
146
144
141
142
143
147
148
149
151
150
147
147
146
146
148
149
147
148
148
152
153
160
157
158
159
155
155
155
156
155
155
154
153
153
155
153
157
154
159
160
166
166
167
166
166
168
168
167
167
172
171
173
172
173
173
174
175
178
178
178
180
177
177
178
179
182
180
180
182
167
170
170
168
167
167
165
164
164
164
164
165
164
163
162
163
164
163
164
163
161
162
162
161
162
162
164
166
160
162
164
164
164
164
165
164
163
163
160
160
159
160
159
157
158
154
153
155
155
156
155
154
155
157
160
160
160
162
163
165
164
164
164
164
163
165
167
172
173
173
173
171
174
174
173
173
173
172
172
174
174
173
175
177
177
178
179
179
180
182
176
175
172
175
175
174
174
174
174
174
173
172
170
170
171
170
171
167
167
169
170
169
171
171
171
172
174
178
178
178
178
181
183
187
190
188
190
188
187
186
188
185
186
187
185
184
186
187
188
187
189
186
186
185
185
183
183
183
182
188
186
184
183
181
179
171
175
176
174
175
175
172
173
171
174
173
173
172
171
170
169
171
170
169
170
170
171
171
171
173
174
178
179
179
176
174
176
177
177
177
176
178
176
178
178
177
176
176
177
175
175
177
181
181
180
181
183
183
182
186
188
187
188
190
193
193
191
191
196
196
192
185
183
187
178
176
