66
66
67
68
68
69
69
69
68
68
68
67
66
68
68
68
69
71
71
71
72
72
72
74
74
73
74
74
74
74
74
74
73
73
74
73
74
72
71
71
72
73
75
75
74
73
72
71
70
72
73
74
73
74
74
74
74
73
75
76
77
77
77
77
78
79
80
81
81
81
82
82
80
80
82
82
82
83
82
81
82
80
82
83
82
83
81
83
83
83
83
81
80
78
78
80
81
81
82
81
81
82
84
85
85
86
87
87
86
86
86
86
86
88
87
87
87
88
88
89
90
91
91
91
90
90
90
90
90
90
89
88
88
87
88
88
89
89
87
85
86
87
88
86
87
88
88
90
91
91
91
92
93
93
94
93
91
91
91
91
91
90
91
91
92
91
92
92
90
92
93
93
94
95
96
99
100
100
99
99
100
100
99
99
101
101
101
101
102
102
100
103
103
102
104
105
106
105
105
106
107
108
108
108
109
108
107
107
106
108
109
109
108
106
107
108
109
109
111
111
113
112
113
114
114
114
115
114
115
114
115
116
116
115
114
114
114
113
114
115
114
110
107
106
105
106
104
106
102
106
104
106
107
106
107
106
107
108
108
107
107
106
108
108
107
108
107
109
110
110
111
112
112
110
112
109
109
109
109
109
113
112
111
111
108
108
110
111
113
114
114
111
108
108
109
104
103
102
104
105
106
106
107
107
106
104
108
109
112
112
111
111
110
111
111
112
113
112
110
108
108
110
109
110
111
111
111
112
112
113
113
115
115
116
118
117
117
117
116
116
115
117
118
118
119
119
118
119
119
120
120
119
122
122
122
121
119
120
122
122
123
121
121
122
122
123
123
122
122
122
124
122
118
118
118
117
118
117
118
119
120
120
121
121
122
122
123
123
124
125
126
125
126
126
128
126
125
126
126
125
125
125
125
124
125
127
128
126
125
124
124
124
122
124
123
120
121
122
121
119
120
117
115
112
110
107
111
112
114
117
116
117
118
119
129
130
125
127
126
129
128
128
129
130
130
130
130
129
129
130
129
132
132
132
133
132
131
131
133
133
134
135
134
135
134
132
129
125
126
131
135
134
135
137
136
135
135
135
133
131
128
126
129
129
128
128
125
125
123
125
125
127
130
129
129
130
129
127
126
130
132
131
134
135
136
136
136
138
138
137
136
135
136
135
135
135
135
133
134
134
134
134
133
132
130
132
134
134
135
135
135
134
137
135
133
130
130
130
130
131
130
129
130
129
129
126
124
126
130
130
130
130
131
130
127
127
128
126
127
127
126
126
126
125
123
126
126
125
125
127
128
128
129
129
128
128
128
127
127
127
125
125
127
125
127
127
126
127
130
129
127
127
129
129
129
129
129
129
129
129
127
125
127
126
123
124
123
124
122
125
125
126
128
128
128
129
128
129
126
124
124
125
126
127
126
126
126
125
124
124
124
122
122
122
123
124
122
120
117
115
113
109
114
114
114
110
111
110
109
111
112
109
109
110
109
110
110
108
108
107
108
106
108
107
104
108
109
106
110
111
112
111
112
111
109
108
109
111
111
111
113
110
115
116
115
113
115
115
116
117
118
116
119
119
117
117
115
114
112
114
114
116
115
115
113
113
113
114
114
115
113
112
114
113
111
109
107
105
106
107
108
104
104
106
107
108
108
109
108
106
104
104
102
98
98
96
97
96
93
94
95
91
92
92
92
91
92
91
87
89
86
85
85
85
81
79
80
77
79
82
84
85
84
84
84
82
84
85
86
85
88
88
90
89
88
90
90
90
92
91
89
91
94
94
93
93
91
92
93
95
95
94
94
92
92
92
92
92
93
95
97
97
96
97
97
99
99
99
99
100
100
97
96
96
95
94
92
93
94
95
96
95
94
94
95
97
97
97
98
100
101
100
102
101
101
100
101
102
102
101
99
99
98
97
96
96
97
99
99
100
95
89
87
87
89
90
89
86
88
90
92
93
95
96
97
96
96
97
96
96
96
96
96
95
95
96
95
93
94
95
97
97
96
96
95
96
97
97
97
97
97
97
98
97
98
98
99
101
101
100
101
100
101
100
99
100
99
99
100
100
100
100
102
100
98
97
99
99
99
99
101
102
103
103
102
101
100
99
99
97
98
98
98
97
98
98
96
90
91
89
89
87
87
88
90
91
92
104
109
113
113
113
114
114
114
114
114
114
113
113
113
115
115
114
116
115
117
119
118
116
114
113
115
112
113
113
113
112
112
113
111
111
113
113
114
115
116
115
114
114
116
114
112
114
114
113
113
116
117
116
113
112
114
116
121
121
124
122
121
124
125
126
128
129
128
130
130
131
129
130
130
135
135
132
132
132
134
133
134
132
132
133
134
135
131
131
125
125
126
123
125
128
127
129
130
129
130
128
129
129
128
129
127
126
127
128
128
130
132
132
131
129
128
129
130
128
129
128
129
128
129
128
127
127
129
127
123
125
127
124
123
122
122
122
121
122
122
123
121
122
122
124
126
128
126
127
130
131
131
131
128
127
126
127
127
130
129
129
130
131
129
131
133
132
134
132
135
134
135
136
137
136
139
143
145
142
145
148
146
145
148
148
147
148
147
144
145
146
146
143
139
139
138
138
139
139
139
136
137
138
139
139
136
135
132
135
138
137
138
139
140
141
142
142
142
142
144
146
148
148
148
149
150
150
151
151
151
151
152
153
154
154
153
151
154
154
155
156
158
162
160
158
158
158
160
159
161
159
159
159
156
156
156
159
157
158
161
160
160
160
160
163
164
163
165
165
164
164
168
169
168
168
167
166
169
171
173
172
172
172
171
171
172
171
170
170
170
170
173
174
177
180
184
177
178
178
179
177
179
179
174
180
176
173
169
170
166
155
159
