76
77
76
76
74
74
75
75
74
74
75
74
76
77
78
78
79
79
77
78
77
77
76
76
76
75
75
75
75
77
77
77
75
77
77
78
79
78
78
78
79
79
80
80
81
80
80
80
80
81
81
82
81
84
83
83
79
84
85
84
83
84
85
84
83
83
84
84
83
84
84
85
82
81
83
81
79
79
78
77
77
76
79
79
76
76
74
76
78
77
77
74
71
71
71
73
74
74
73
72
72
73
72
73
73
77
78
76
76
73
74
75
75
75
75
73
72
73
73
73
71
71
70
71
70
69
69
70
70
69
69
69
69
68
69
69
69
70
69
70
69
70
70
69
69
71
72
75
75
75
74
75
74
74
76
75
74
73
73
74
75
74
74
74
74
73
72
73
72
72
74
74
74
75
77
80
79
80
80
79
80
81
80
79
80
79
79
79
79
80
78
79
78
78
79
79
79
79
78
78
78
77
77
78
78
78
78
77
77
78
78
79
79
77
77
77
76
77
78
78
79
78
79
79
79
80
80
79
80
80
81
82
82
82
83
83
83
84
83
84
83
82
80
79
80
80
80
81
79
79
79
80
80
82
82
81
83
83
83
84
85
84
84
81
81
81
81
82
82
81
82
81
81
81
81
80
81
82
82
81
82
81
82
82
81
81
83
82
82
81
82
81
81
82
82
81
81
81
82
82
83
83
84
84
83
83
84
83
84
86
87
88
88
88
88
89
88
89
89
89
89
88
88
88
88
89
88
89
89
90
88
89
89
90
91
89
89
89
89
89
88
88
88
89
89
89
88
89
89
89
90
90
90
90
90
90
90
91
92
92
92
92
91
92
92
93
93
92
92
93
94
96
95
95
95
95
96
97
99
98
97
98
98
99
100
99
99
99
99
99
99
99
99
99
98
98
99
100
99
98
97
98
96
95
96
96
96
95
94
94
94
93
93
94
94
93
94
94
94
94
95
95
95
94
93
91
93
93
94
96
96
96
96
95
96
99
100
96
97
97
100
100
99
100
99
100
100
99
100
101
101
102
102
102
104
105
104
102
102
102
101
100
100
100
100
99
99
97
96
98
99
99
101
101
101
101
100
101
99
100
98
99
100
100
100
100
97
98
96
98
97
97
99
100
101
101
99
98
97
98
99
98
99
96
97
97
96
96
96
96
96
95
97
95
94
98
99
99
99
98
98
98
97
96
95
96
96
95
94
94
96
95
98
98
97
95
96
97
96
96
97
97
98
97
96
96
95
95
96
95
96
96
96
95
96
96
96
95
95
96
95
93
95
93
93
95
94
93
94
93
95
95
95
95
94
94
94
95
95
95
93
94
94
93
94
93
93
92
93
93
92
92
93
94
96
96
95
96
95
95
94
94
94
95
94
96
95
95
95
96
96
96
96
98
97
97
97
96
98
97
97
96
96
95
95
95
96
97
99
100
100
100
100
100
101
101
100
100
99
92
93
91
92
94
93
90
91
91
90
90
91
89
89
89
89
89
91
90
91
90
89
88
88
89
87
88
88
87
90
93
94
94
95
95
94
94
94
95
96
97
97
96
100
99
99
100
100
102
103
104
103
102
100
98
97
97
97
98
96
98
99
100
100
100
99
99
99
100
100
101
99
98
97
97
96
96
94
93
95
96
98
96
95
96
97
99
98
99
99
98
96
97
98
97
96
95
95
95
93
91
90
90
89
91
93
92
92
93
94
94
92
92
90
91
88
85
86
85
85
87
87
86
87
88
89
88
89
89
90
93
94
95
95
95
95
95
95
96
98
97
98
100
102
100
100
100
99
100
100
102
102
102
105
104
104
105
105
106
106
107
106
105
105
105
106
104
103
104
104
105
104
104
105
104
104
106
106
107
107
107
106
106
106
107
105
104
104
104
104
106
106
105
106
105
105
107
107
107
108
107
108
109
109
107
107
108
108
108
109
110
108
108
110
112
113
114
114
113
112
113
114
115
116
116
118
117
116
117
118
118
118
117
117
117
116
116
116
117
116
117
117
116
116
116
116
117
115
114
115
114
114
115
115
115
114
114
114
113
114
114
116
117
116
115
109
111
109
109
108
109
110
109
111
112
112
113
112
112
114
113
112
111
107
109
109
109
109
111
113
113
114
114
115
114
116
116
116
117
116
117
117
115
113
114
115
116
113
110
106
105
103
104
105
106
106
106
107
107
107
106
106
101
102
102
103
102
102
102
103
105
106
106
106
106
107
107
106
106
106
106
106
106
107
106
106
106
106
105
103
104
104
104
105
106
105
104
105
105
104
104
104
104
104
103
105
105
104
104
104
106
106
108
107
107
108
108
111
111
112
114
113
115
114
115
115
114
114
113
114
114
114
114
116
115
116
117
118
118
119
119
120
120
121
121
121
121
121
121
122
122
123
122
123
123
124
125
125
124
125
125
123
123
125
127
128
129
127
128
129
129
128
127
126
126
128
128
130
128
128
129
129
130
131
131
132
132
132
132
132
132
132
130
129
129
131
130
131
132
132
131
131
131
132
135
136
133
133
133
131
132
132
134
131
132
134
135
136
135
136
136
136
137
138
136
139
135
139
136
136
138
138
137
137
136
137
137
137
140
140
141
139
140
141
142
143
145
144
145
146
147
148
146
147
146
147
146
146
145
143
143
145
145
141
141
138
138
137
136
134
136
137
136
137
139
139
139
138
137
138
141
140
140
139
137
139
139
139
138
138
139
139
140
144
141
142
145
150
150
152
151
151
150
150
150
148
146
146
146
146
148
149
148
147
144
144
139
140
143
144
142
144
143
144
144
144
143
141
141
140
140
141
142
143
143
141
141
140
141
142
140
138
135
133
136
137
136
138
140
141
142
143
145
144
145
148
146
144
140
140
