261
263
259
262
267
268
266
270
265
267
267
261
259
262
263
265
274
276
274
275
273
271
275
270
265
259
258
258
256
255
259
257
259
266
267
262
262
259
256
256
259
262
265
270
271
269
271
267
258
259
264
270
272
270
255
249
254
249
256
258
256
257
259
261
263
264
267
266
266
269
269
267
260
260
266
265
266
266
269
267
266
268
270
277
276
277
272
275
276
279
281
275
275
271
272
274
279
276
279
281
283
285
286
291
291
295
299
307
307
307
306
304
309
303
303
299
300
311
308
304
303
305
303
301
300
299
296
296
296
294
289
287
285
286
285
285
291
290
284
280
281
285
285
288
294
295
297
301
299
299
300
300
298
304
314
313
314
312
315
314
317
313
314
318
320
315
315
312
303
305
305
309
310
308
307
319
330
328
331
330
359
360
359
363
362
366
360
357
360
356
346
351
353
347
357
368
370
366
368
364
370
374
378
384
389
399
390
384
387
388
388
384
387
381
385
385
391
389
394
397
404
403
402
405
399
395
399
398
396
395
398
404
403
398
392
399
394
394
403
408
401
398
390
387
392
394
372
359
350
346
347
359
362
362
356
348
359
355
353
349
352
345
353
360
357
361
359
364
364
374
375
373
371
366
377
373
376
377
379
371
371
360
354
357
343
340
342
338
346
342
335
321
322
328
331
314
318
317
321
320
324
332
333
330
316
304
296
298
304
310
306
310
296
291
291
294
303
302
298
293
296
297
302
305
305
314
310
310
314
313
306
307
308
325
332
328
336
336
327
325
328
328
335
328
323
328
324
328
326
325
326
333
335
338
333
325
324
335
347
354
356
353
354
358
355
359
360
317
324
322
321
320
314
309
313
311
315
312
318
319
328
328
334
335
335
335
336
333
333
337
342
340
342
340
343
344
346
345
342
334
330
330
331
321
328
325
328
328
322
324
328
321
320
321
322
317
320
324
319
317
321
314
310
308
304
294
307
303
310
315
313
284
286
290
299
294
305
306
304
303
297
298
300
306
311
312
317
326
324
327
324
335
335
335
334
336
338
328
326
316
317
312
303
312
308
304
309
304
296
304
297
302
307
306
305
308
310
312
313
307
302
298
300
301
298
297
292
294
286
293
290
300
308
312
306
310
305
346
350
360
358
366
375
371
371
371
375
378
378
374
373
379
383
379
377
384
384
381
384
386
386
386
378
377
371
369
372
370
371
370
374
376
378
374
375
370
367
372
373
372
370
370
376
375
381
384
384
384
385
384
383
379
391
392
390
439
444
439
427
427
424
425
423
421
424
431
433
431
430
429
428
426
425
421
428
432
426
427
430
427
430
430
434
434
430
426
423
426
432
431
428
424
428
430
440
437
436
445
438
442
435
434
439
437
435
436
434
435
440
448
462
463
466
478
493
488
486
492
579
528
536
531
528
539
537
530
539
539
529
529
524
524
527
528
531
535
534
530
507
464
487
484
514
518
516
499
505
514
498
509
524
515
521
529
523
522
527
535
544
540
538
531
543
520
506
505
511
513
537
546
542
537
534
540
546
551
548
565
571
572
564
563
618
602
609
612
618
626
627
630
628
647
655
659
651
663
673
664
641
651
647
665
668
672
674
675
681
676
674
681
679
666
675
663
678
666
651
642
665
664
680
669
668
667
666
663
666
678
692
686
656
647
622
622
620
612
625
621
580
572
577
564
574
589
598
603
602
608
572
578
570
554
525
529
486
478
492
491
511
519
529
541
521
542
556
546
556
560
554
556
582
578
581
574
558
560
567
567
567
571
577
570
561
549
545
561
567
584
580
597
599
590
599
591
588
599
594
596
598
608
615
622
625
637
630
631
624
617
626
612
616
666
664
677
663
673
656
674
694
706
717
715
710
710
690
692
701
704
698
708
708
715
712
721
721
727
726
730
726
723
722
714
712
722
712
718
714
716
717
716
693
692
700
716
717
717
723
726
739
740
750
757
747
749
747
735
732
744
748
748
747
743
738
746
765
760
764
757
754
765
767
767
770
770
768
772
769
764
764
762
758
763
763
756
760
769
771
767
771
774
774
790
784
779
757
769
762
762
773
780
776
783
794
803
802
802
818
828
833
836
841
838
844
846
843
841
834
829
835
822
822
820
814
809
825
839
833
831
782
781
799
784
765
763
772
785
764
779
736
746
730
740
749
761
766
788
782
786
777
768
762
752
743
745
764
765
772
770
766
765
778
766
765
759
769
770
768
765
763
776
772
766
758
758
762
782
798
797
794
800
814
816
810
810
815
807
822
826
836
839
833
824
829
837
807
810
809
813
822
824
832
837
834
842
842
849
857
858
845
842
851
853
853
847
845
845
848
851
857
852
854
854
855
853
852
859
840
848
852
838
852
859
875
877
888
892
911
914
900
900
907
903
891
888
901
908
900
903
909
907
910
914
949
928
947
946
945
941
941
953
954
945
954
959
961
955
945
963
964
975
976
985
995
997
1000
999
999
1007
1012
1006
1012
1012
967
978
989
959
996
1017
998
999
1002
1003
1008
991
979
979
980
973
962
965
970
985
993
1001
1005
1002
1005
1006
1025
1032
1021
1028
1038
1043
1070
1012
1019
991
1002
999
990
991
994
983
976
960
978
989
982
978
961
958
956
959
957
956
947
940
958
975
984
975
968
974
979
974
983
984
997
993
990
977
972
971
961
949
945
948
952
960
964
958
954
970
976
993
997
991
997
1007
1008
1006
1009
990
994
987
969
978
980
1058
1095
1109
1105
1098
1091
1109
1125
1123
1126
1126
1123
1130
1127
1130
1138
1130
1133
1141
1161
1203
1205
1195
1167
1172
1174
1128
1138
1157
1170
1165
1167
1170
1164
1179
1187
1189
1190
1176
1172
1168
1180
1189
1182
1172
1188
1205
1218
1236
1257
1245
1260
1273
1323
1312
1294
1312
1297
1338
1375
1368
1392
1409
1403
1451
1445
1477
1403
1361
1449
