52
54
55
54
54
55
55
55
52
54
55
52
54
56
56
58
59
59
58
58
58
57
57
56
57
56
57
57
58
58
59
58
58
58
58
57
55
52
52
53
54
54
54
52
51
49
50
49
50
51
53
54
55
54
54
54
53
52
54
56
58
58
57
55
54
55
56
58
59
63
65
63
61
61
62
62
61
61
62
60
59
58
59
59
57
58
57
58
57
58
57
56
56
53
53
54
55
52
52
52
51
51
51
53
53
51
52
55
54
53
53
51
52
53
54
53
54
54
55
55
57
57
55
56
54
53
53
53
52
52
51
49
49
47
47
48
49
49
47
46
46
47
47
47
47
47
47
46
46
46
45
46
45
46
46
46
44
45
45
46
44
44
44
44
43
43
44
44
42
42
43
45
46
46
45
48
49
49
49
49
47
47
47
47
49
49
48
48
48
48
48
50
51
52
53
55
55
56
56
55
57
57
57
57
59
59
59
56
56
56
58
59
58
56
57
57
58
57
57
56
57
58
58
59
57
57
58
57
57
58
57
57
58
57
55
55
53
53
53
53
53
52
51
51
50
52
51
51
51
50
47
48
48
48
49
48
50
50
50
50
50
51
51
52
51
51
50
51
51
52
54
54
53
52
55
53
53
52
53
52
52
50
50
50
50
50
51
51
52
51
52
51
49
49
49
48
48
49
52
52
52
53
52
54
54
55
56
56
57
57
55
55
55
54
54
53
54
55
54
55
55
55
55
54
54
54
54
56
57
56
56
57
58
58
58
57
56
57
58
58
58
59
60
61
62
62
58
59
60
59
59
60
61
60
60
58
58
59
60
59
61
59
59
58
58
58
58
60
60
60
60
59
60
60
61
61
62
63
63
62
63
64
64
63
64
64
65
64
65
65
64
64
64
65
64
65
66
67
66
65
62
62
61
62
63
62
62
62
60
59
60
60
60
61
61
61
61
61
62
62
64
62
62
62
58
58
60
61
66
67
66
65
65
66
68
67
71
72
73
74
73
73
72
72
73
73
72
72
73
73
74
77
77
78
78
76
77
75
77
77
78
76
73
76
75
73
75
74
75
76
72
72
73
74
75
76
75
75
75
75
73
73
72
74
72
71
66
67
69
67
72
74
77
80
81
80
82
80
82
84
85
86
86
85
87
87
84
81
82
83
87
90
90
92
90
90
94
92
92
91
90
89
87
85
85
87
84
86
87
89
93
92
94
92
91
92
92
90
91
92
91
87
87
85
87
86
86
83
83
83
85
85
84
86
87
87
90
89
88
87
86
90
89
90
89
89
91
88
89
89
92
91
92
91
90
90
89
89
88
90
89
88
85
84
83
84
84
83
84
84
83
83
84
84
85
85
86
87
86
85
84
85
85
89
91
91
92
93
94
99
100
98
98
103
102
100
99
100
99
98
97
98
97
96
97
97
97
98
101
103
107
109
109
103
101
104
105
104
100
87
92
89
93
91
93
90
91
92
92
93
97
97
96
95
93
94
93
92
93
93
95
99
101
101
99
99
97
99
103
105
104
103
104
104
103
100
100
104
104
102
101
101
102
104
103
105
106
109
107
111
113
115
115
114
112
115
113
111
112
113
113
114
114
114
117
118
117
118
116
117
113
111
111
109
112
107
105
100
102
102
105
106
105
105
105
104
104
104
102
104
105
107
104
104
107
102
102
104
92
93
94
87
87
88
90
87
86
85
84
86
85
81
79
79
75
72
74
73
73
73
71
71
68
74
76
75
79
79
81
81
83
84
87
84
85
85
88
87
88
86
87
87
88
90
89
91
90
92
89
91
86
85
82
83
82
82
82
83
83
84
86
83
80
83
83
84
84
86
87
86
87
85
79
80
78
80
78
78
77
77
78
76
77
78
77
79
78
79
77
79
78
77
78
78
80
81
80
81
83
80
78
77
74
72
72
74
73
75
77
77
75
74
73
76
75
74
77
74
72
71
73
75
76
75
76
75
77
77
78
76
75
76
79
76
75
76
75
74
77
74
75
78
76
76
76
76
76
77
76
75
75
75
75
76
74
74
74
76
75
74
75
77
80
81
79
81
81
80
81
82
83
82
82
83
84
81
84
82
78
79
80
81
82
82
81
81
81
80
82
82
81
82
79
80
82
82
82
84
83
83
88
82
80
80
81
80
80
83
84
85
87
86
88
86
84
85
87
86
86
84
83
82
83
86
88
89
92
91
93
91
91
90
90
90
91
89
90
90
91
90
89
89
89
89
86
85
84
81
82
82
80
80
80
81
81
80
81
82
82
82
82
83
81
82
82
83
86
84
86
88
87
87
88
88
87
88
88
89
88
88
88
86
86
84
83
84
83
83
82
82
83
83
86
85
85
84
82
82
81
80
81
81
83
81
81
81
80
79
79
80
81
82
81
80
79
77
76
77
79
80
80
79
80
80
79
79
79
79
81
82
84
84
82
81
82
81
82
82
83
83
83
84
84
84
84
83
83
84
86
88
89
90
92
92
94
91
92
93
92
92
92
91
93
92
94
95
94
94
95
95
94
96
96
97
96
97
97
98
97
98
98
97
97
98
98
98
98
101
101
99
98
97
96
96
95
94
94
94
95
93
93
93
93
93
94
95
97
98
99
101
100
102
100
99
101
102
103
104
103
102
103
103
105
104
104
104
105
104
102
103
103
104
105
105
104
106
107
106
106
106
105
104
104
104
105
107
106
106
105
105
106
105
107
109
110
111
112
111
110
107
107
106
105
104
105
106
105
106
104
104
104
105
105
106
105
107
107
108
109
111
111
111
109
109
112
112
111
111
111
112
114
115
115
115
115
117
116
116
116
116
117
118
119
120
121
118
119
119
119
117
115
114
110
109
108
106
102
97
103
