75
74
75
76
76
75
76
76
76
76
77
76
74
75
76
77
77
79
79
79
80
80
80
80
81
80
80
80
79
79
80
79
79
80
81
80
80
78
76
76
77
77
79
78
78
77
78
77
75
75
75
77
78
78
78
79
81
73
74
75
75
74
76
75
76
75
76
76
76
76
76
75
72
73
75
75
75
75
75
74
73
73
75
75
73
73
72
74
74
76
77
74
73
72
72
72
73
74
74
74
73
74
75
75
76
76
79
82
79
79
79
79
79
80
80
80
78
78
78
78
81
88
89
89
87
88
88
88
89
88
87
87
86
86
85
85
87
86
85
84
84
84
85
87
84
85
85
87
88
88
88
89
88
88
88
87
86
86
86
87
87
86
87
87
87
85
85
85
84
85
86
85
86
85
85
85
87
88
87
87
87
87
88
88
87
88
88
88
88
89
84
85
84
84
84
84
85
84
84
84
85
86
86
86
87
86
85
85
86
86
86
86
87
84
84
85
85
85
86
86
88
88
88
87
86
87
86
86
86
86
86
86
84
85
84
85
85
85
85
85
84
83
80
78
78
79
78
79
78
77
78
80
81
80
81
80
82
82
83
83
83
83
84
84
84
83
83
83
83
84
84
83
83
81
82
78
76
76
76
73
75
74
74
74
76
76
77
77
78
78
78
76
74
75
76
74
74
74
75
75
76
75
75
76
77
77
77
76
76
72
73
75
75
75
74
76
76
75
74
74
74
75
74
74
74
75
74
74
74
73
74
74
75
75
76
76
76
75
76
76
75
76
76
76
75
74
75
74
74
75
76
77
77
78
76
76
74
75
74
75
76
75
75
75
75
77
76
77
77
77
78
78
77
76
77
77
79
79
79
79
79
79
80
80
81
81
82
83
82
81
82
81
81
82
82
82
81
81
81
80
80
81
80
80
80
80
80
80
77
77
77
75
75
76
75
75
77
77
76
76
77
76
75
73
72
72
73
73
75
76
75
75
75
76
77
76
78
78
78
76
76
78
80
80
80
80
79
80
80
80
79
80
82
82
82
83
83
83
83
83
83
83
83
83
82
81
80
80
80
83
83
83
84
84
85
84
84
83
82
81
81
80
80
81
81
81
80
81
81
83
83
83
85
85
84
84
82
81
81
82
83
83
84
84
85
85
85
86
86
86
86
87
87
86
86
87
85
86
86
85
86
86
85
85
85
85
85
85
86
87
88
88
88
88
88
86
87
87
88
88
88
87
89
89
88
88
88
87
87
87
87
87
87
87
87
88
88
87
86
86
86
87
87
87
84
87
86
86
87
89
90
89
91
90
90
90
89
89
90
90
89
89
90
91
89
90
89
89
90
92
90
89
90
90
91
92
92
92
91
92
92
91
92
91
91
91
91
92
92
93
93
93
93
94
93
93
91
94
93
93
92
92
93
94
94
95
90
95
93
94
94
94
94
94
94
97
97
95
92
88
88
88
89
89
90
87
88
89
89
91
93
91
91
92
92
92
93
91
92
91
91
90
91
90
89
88
88
86
89
89
89
89
90
92
92
91
91
91
92
93
92
92
94
94
94
94
97
95
96
97
97
91
93
93
93
92
91
90
89
90
90
91
91
92
92
92
93
94
93
94
93
93
93
92
92
91
90
90
91
91
92
91
91
91
92
93
93
94
94
94
91
90
88
87
88
86
86
87
85
83
85
84
85
86
86
85
86
86
86
87
88
88
87
88
84
81
84
83
84
85
85
86
85
88
88
86
88
84
84
83
86
87
86
87
87
86
87
87
86
86
86
87
87
88
87
87
87
87
87
89
89
89
90
89
88
89
88
88
87
87
89
88
89
90
91
91
90
91
91
91
91
90
91
92
91
85
81
84
86
86
87
86
86
86
85
85
85
86
87
89
88
88
89
89
88
88
88
88
89
89
88
87
87
87
87
88
88
89
90
90
89
87
86
87
89
91
90
88
89
90
92
92
92
91
91
91
91
91
90
90
90
90
91
90
90
90
90
89
94
93
95
95
95
96
96
97
97
97
98
97
97
98
98
98
98
99
96
96
95
95
96
95
95
94
90
93
92
92
93
92
93
92
94
93
92
91
92
92
92
93
92
92
92
92
92
91
92
91
92
91
92
91
91
91
91
92
91
92
91
92
91
90
86
83
85
85
86
89
87
89
91
91
93
94
94
93
94
94
94
94
94
94
93
94
94
94
96
96
95
95
95
95
94
95
95
96
95
93
93
93
92
93
93
93
94
93
94
95
94
94
94
93
94
94
94
93
94
95
95
95
94
93
93
93
94
95
95
95
95
96
97
97
98
100
100
100
101
101
103
104
107
108
108
106
106
106
106
106
106
106
107
106
108
107
107
108
106
107
107
105
106
106
106
107
107
107
106
105
106
106
106
106
105
105
106
108
108
108
109
110
110
110
110
110
111
111
114
119
121
121
121
120
120
120
121
120
119
121
123
124
125
124
126
126
127
127
129
129
129
129
129
127
124
123
123
122
121
123
122
121
123
122
123
123
122
122
121
123
121
120
121
122
122
124
125
124
124
125
125
126
125
127
128
128
128
127
129
130
130
124
124
124
125
124
124
123
124
126
126
128
126
126
127
128
127
128
128
127
126
128
129
128
129
128
128
129
129
132
131
129
122
123
124
123
120
122
121
121
120
122
123
124
124
125
125
126
127
126
127
130
130
131
130
129
130
131
131
132
134
134
135
136
138
144
149
149
151
151
151
150
150
150
149
150
151
151
152
154
151
152
151
150
147
148
148
144
144
144
147
146
146
146
145
145
148
148
148
148
147
146
147
147
148
148
149
152
152
152
153
154
153
152
155
155
156
159
162
163
162
163
161
164
164
162
161
162
160
153
156
