66
66
66
64
63
63
61
63
63
63
62
62
62
62
62
62
62
62
63
63
63
63
64
65
65
65
65
65
64
64
64
64
65
66
66
69
68
68
68
68
68
69
69
70
69
69
70
68
67
69
69
72
74
73
73
73
72
73
74
74
74
74
75
75
76
77
78
77
77
78
78
78
77
77
78
78
78
79
77
77
77
75
77
77
78
79
78
79
79
79
80
78
78
78
80
80
80
82
82
82
81
82
82
83
84
85
86
85
86
86
85
86
87
87
88
86
86
85
86
85
86
86
86
88
87
87
88
87
87
87
86
85
86
86
86
86
86
87
86
85
85
85
86
86
87
88
87
87
88
89
89
90
89
88
84
83
82
83
84
84
84
83
84
86
86
86
86
86
85
86
88
88
88
88
88
89
86
88
88
86
84
84
84
85
85
85
86
87
88
88
87
87
88
87
88
89
90
91
92
93
92
93
94
94
94
93
92
92
91
91
91
91
91
89
89
88
88
87
89
89
90
91
92
92
92
92
92
90
91
90
91
91
93
92
91
92
88
86
86
87
86
85
84
85
82
87
87
86
86
85
86
86
85
84
86
84
86
88
87
88
87
88
92
90
89
89
90
90
89
91
92
91
92
93
94
93
94
95
98
99
100
100
101
100
100
98
100
98
97
99
100
98
97
97
97
95
96
96
97
92
92
93
94
96
96
96
95
99
101
101
101
102
102
105
103
105
107
106
105
105
105
106
106
107
108
109
110
108
108
109
108
108
109
107
106
105
106
108
107
107
106
106
106
108
108
108
108
109
107
108
108
108
111
110
109
109
110
111
111
113
113
114
114
112
115
116
116
114
114
115
116
110
110
111
111
110
112
108
109
108
109
111
113
112
113
114
113
113
113
114
115
115
116
116
115
117
118
118
118
121
119
120
119
119
120
120
123
123
121
120
124
121
120
121
119
118
120
122
119
118
120
119
117
115
111
111
114
115
117
120
120
120
120
119
128
122
125
127
126
128
127
127
124
126
126
127
127
125
127
129
125
128
126
127
128
127
128
128
125
128
127
128
125
126
124
124
124
122
122
126
128
128
129
127
127
126
126
128
127
124
125
125
126
132
130
130
129
132
134
137
137
141
142
141
138
138
135
135
135
136
136
136
137
135
136
139
143
141
141
142
142
142
146
147
148
147
147
146
146
145
146
145
145
145
145
145
147
150
153
153
158
159
158
157
160
154
154
157
156
154
154
153
157
155
154
154
154
155
154
155
154
153
153
153
152
154
154
150
156
152
152
153
155
155
159
157
158
158
159
160
160
162
163
164
163
164
164
163
163
165
169
167
164
163
161
163
162
163
165
163
161
164
168
165
165
170
171
170
168
171
165
164
166
166
161
162
160
161
160
160
157
160
159
158
159
156
156
157
152
151
152
156
156
156
154
154
153
155
152
153
152
152
150
150
149
152
152
151
146
139
143
140
143
142
140
138
139
141
141
143
147
145
148
147
148
149
152
149
149
148
148
148
148
141
136
139
140
138
143
143
140
139
137
141
144
146
143
147
146
149
149
142
140
141
141
141
141
142
139
139
138
136
135
133
134
136
134
133
133
135
136
131
128
132
131
132
132
131
131
135
133
129
134
132
131
132
134
136
136
136
138
139
138
140
140
141
140
141
142
140
138
140
140
136
135
132
130
136
135
135
137
135
137
140
142
139
135
131
128
132
129
128
126
127
122
117
121
120
121
122
125
128
128
128
132
131
131
133
132
132
132
133
132
131
132
133
135
138
143
143
142
144
141
142
140
142
139
140
140
141
140
139
142
145
143
144
144
144
141
144
143
143
143
144
145
145
146
147
146
146
145
143
142
140
139
139
137
137
139
140
140
136
135
138
136
135
135
135
133
129
131
130
131
132
133
132
132
132
132
134
133
131
131
131
132
132
134
133
131
130
125
125
126
128
131
131
132
130
132
130
132
132
132
134
135
135
134
133
135
140
143
139
134
133
132
131
128
126
128
128
128
128
128
128
128
130
129
129
129
129
130
130
129
127
127
125
124
125
125
124
124
124
126
127
126
126
124
123
124
125
126
127
129
128
126
125
127
127
125
125
123
122
122
122
122
125
122
120
121
120
120
123
124
123
124
124
124
124
123
122
122
118
123
121
121
123
120
130
134
134
140
138
138
137
136
138
141
144
144
144
146
142
145
145
144
144
145
147
145
146
147
145
144
146
146
147
145
145
146
146
145
145
145
143
143
144
143
142
146
145
148
147
147
147
149
150
150
151
153
153
154
154
155
160
159
159
157
158
159
162
163
163
163
162
162
161
163
164
164
163
164
166
167
166
165
165
166
166
167
166
166
166
169
169
168
168
167
166
166
161
162
164
165
167
166
167
166
165
165
166
167
167
166
166
170
167
167
168
169
170
174
180
176
178
180
181
181
181
181
180
178
180
181
181
182
179
176
177
177
176
178
180
182
182
184
183
187
187
186
187
188
188
187
187
188
187
189
190
192
192
192
194
190
189
189
189
187
189
189
191
191
191
191
192
193
192
193
193
190
190
190
191
192
181
185
184
188
192
186
189
192
190
190
192
192
190
190
192
194
193
192
191
193
194
193
194
193
193
194
193
196
196
198
193
193
195
196
189
190
186
187
186
181
183
184
183
182
185
186
189
191
191
194
193
193
193
190
189
191
186
183
184
190
191
194
195
196
200
206
207
211
210
210
210
211
214
217
216
216
216
217
218
218
218
221
221
221
220
221
221
221
223
227
236
234
225
224
223
226
226
226
230
232
227
229
227
229
228
226
226
226
226
228
225
228
230
230
233
232
233
234
239
241
243
250
251
250
250
251
253
251
257
244
260
247
242
238
226
234
