56
56
57
57
57
57
57
58
59
60
61
60
60
61
61
60
61
61
60
61
60
60
60
60
60
59
59
59
59
60
60
61
61
62
61
61
61
61
60
60
61
61
62
62
63
62
62
61
60
60
61
61
61
61
59
60
60
61
63
63
64
64
65
64
64
65
66
66
66
66
66
66
65
65
66
66
66
66
64
64
63
63
65
66
65
66
65
66
65
66
65
63
63
63
63
64
65
65
65
65
65
65
66
66
65
66
67
67
68
67
68
68
68
67
67
66
67
67
67
68
68
69
69
69
69
69
68
69
68
69
68
68
68
68
68
68
69
68
67
66
67
67
67
67
66
67
67
68
68
68
68
69
69
70
74
75
75
76
76
76
75
74
75
73
74
73
72
72
71
72
73
73
73
73
74
74
75
75
76
76
75
78
78
79
80
79
79
78
79
80
79
81
81
79
80
81
82
81
81
81
82
82
82
82
82
82
82
82
81
83
83
82
83
82
82
82
82
82
84
83
83
83
84
84
83
84
83
83
83
82
82
82
84
82
81
83
83
84
84
84
82
81
79
79
80
80
79
80
77
77
78
78
81
81
83
83
84
84
85
85
86
86
86
86
86
86
85
86
86
86
87
87
87
86
86
83
83
85
86
84
86
86
85
84
83
83
83
85
85
85
85
82
81
82
83
79
80
80
82
82
82
82
82
82
82
86
84
85
85
85
84
85
85
86
86
86
86
86
85
86
86
87
87
87
88
88
89
90
90
90
90
89
90
90
90
90
90
90
90
90
90
90
91
91
91
90
90
91
90
90
90
90
91
90
90
90
90
90
90
90
90
89
89
89
90
91
91
90
86
87
86
86
84
84
84
83
84
84
85
85
86
86
85
85
86
86
86
87
87
87
87
86
87
87
88
88
88
87
87
87
86
87
87
87
87
87
88
87
86
86
87
86
86
87
87
87
87
88
87
85
83
82
81
80
79
79
81
80
81
82
82
82
82
83
84
90
84
86
87
89
89
89
89
90
90
90
90
90
90
90
90
91
92
92
92
92
92
92
93
93
95
95
97
97
97
96
96
95
95
97
97
97
97
97
97
96
96
96
95
94
94
93
95
95
95
94
93
94
94
96
94
95
96
94
94
94
91
90
90
92
93
93
95
96
97
98
100
101
100
101
100
100
100
100
100
100
100
100
100
100
100
100
99
98
96
97
98
96
98
98
99
99
100
99
98
96
96
97
97
96
96
96
98
98
98
98
98
98
99
98
97
97
98
96
97
97
99
98
98
97
97
98
99
98
98
99
100
100
99
99
100
100
101
101
102
102
102
103
103
103
101
101
102
101
101
101
100
101
102
103
101
102
104
104
104
103
104
104
104
103
102
101
101
100
99
100
99
100
102
103
102
103
103
103
102
102
102
102
102
101
101
101
101
102
101
100
101
102
101
102
102
101
101
101
101
102
102
100
99
92
94
92
94
94
93
91
92
91
90
91
93
91
91
91
91
92
92
90
90
89
90
88
90
89
88
89
89
87
90
91
91
91
92
91
91
91
91
92
92
90
92
92
93
93
92
93
94
93
93
94
95
94
96
93
92
93
93
93
93
94
94
95
94
95
94
95
95
94
95
96
95
94
96
96
94
94
93
94
95
97
97
93
91
91
91
92
92
93
94
93
91
91
90
88
89
88
87
88
86
88
87
85
85
86
86
86
86
86
87
88
86
87
87
89
92
92
93
91
94
95
95
95
94
94
93
93
95
96
95
96
96
97
98
98
98
99
99
100
100
99
99
100
102
101
101
101
100
102
102
103
104
104
105
104
102
102
102
102
102
103
104
103
104
106
106
104
103
103
104
104
103
103
106
106
105
106
105
105
105
106
106
106
106
106
106
105
105
105
106
107
107
107
109
109
109
109
109
109
109
110
109
109
108
107
106
107
108
108
108
109
104
103
102
105
107
109
109
108
108
110
110
111
111
111
111
111
110
110
110
110
110
111
111
110
108
107
108
108
110
111
110
110
110
110
110
110
109
109
110
109
109
110
110
110
110
110
112
111
112
112
112
112
112
111
109
110
110
109
110
110
111
110
113
112
112
112
112
112
111
112
112
112
112
113
114
111
110
110
111
111
111
111
110
109
110
110
107
108
110
111
111
109
108
109
109
112
112
112
113
111
110
110
110
111
113
113
114
113
113
113
114
114
112
112
112
113
116
113
113
113
112
112
112
112
113
112
112
113
113
113
112
112
112
112
113
114
114
113
112
112
113
113
114
114
112
112
112
113
113
113
113
112
113
111
113
113
115
114
115
117
116
116
116
117
117
117
116
116
115
117
116
118
118
116
116
116
116
116
117
118
119
118
119
120
119
119
118
118
118
116
118
118
117
118
119
118
119
119
119
120
119
119
118
118
118
119
119
120
120
120
120
120
120
120
121
120
121
122
123
125
124
124
124
124
126
125
126
127
127
128
129
130
130
130
131
131
131
131
130
131
132
132
132
133
134
135
136
137
137
136
135
134
132
133
133
135
133
134
133
133
134
135
135
134
135
135
136
136
138
138
138
139
141
140
139
136
139
139
139
139
140
139
138
138
139
139
139
140
140
139
136
137
139
139
138
138
138
138
138
138
139
139
141
140
139
143
143
143
143
142
144
144
145
146
145
145
146
148
147
147
146
147
147
147
147
147
147
148
148
150
150
150
149
149
152
152
152
152
152
147
143
143
144
143
139
139
140
141
141
143
143
142
143
143
141
142
142
142
140
139
138
140
141
141
143
140
140
139
139
138
139
138
137
138
139
137
137
137
135
134
134
134
135
134
131
135
135
136
137
137
137
136
136
135
136
136
135
136
138
139
140
143
142
141
142
143
144
138
140
