84
85
84
84
84
80
77
77
75
75
76
74
73
74
74
73
73
73
75
76
75
76
75
75
75
75
76
75
75
74
75
75
74
76
77
77
76
75
74
74
75
76
76
76
74
73
71
70
71
69
70
71
72
73
73
74
73
74
74
75
77
77
79
81
82
83
83
82
81
81
84
84
81
81
83
82
84
84
83
84
85
85
86
85
85
85
84
85
85
86
87
86
86
84
83
83
84
84
84
83
82
82
83
82
81
81
82
82
83
82
83
85
85
84
83
83
82
82
81
81
82
81
82
82
82
82
83
83
83
82
80
80
78
76
76
77
79
80
78
79
79
85
86
85
86
86
86
88
87
87
87
88
88
88
89
89
88
88
87
87
86
85
85
86
86
86
86
87
86
87
87
87
89
89
90
91
91
90
89
89
90
91
91
91
89
89
90
90
90
89
89
90
90
89
91
92
91
92
93
93
94
94
93
93
92
91
91
91
90
91
89
89
88
86
86
86
86
85
86
86
87
86
86
86
87
86
86
86
86
86
88
86
86
86
84
86
84
86
85
85
84
83
82
81
81
82
80
80
79
79
78
80
81
80
82
80
81
83
83
84
85
85
84
83
80
80
79
80
80
79
80
80
80
79
79
79
80
79
80
79
81
81
81
82
82
82
84
83
83
84
86
85
84
85
83
82
83
83
84
84
85
85
86
88
87
87
88
87
87
87
87
87
87
89
88
89
90
90
90
89
88
89
90
90
90
90
91
92
93
93
92
92
93
93
94
94
95
96
97
98
98
98
99
100
101
102
99
100
99
100
101
100
100
100
99
98
98
99
98
98
98
100
99
98
104
103
103
102
101
101
102
103
100
100
102
99
100
99
100
100
99
99
98
99
99
99
100
101
100
102
102
101
101
102
101
100
98
99
98
97
96
97
96
97
98
98
98
96
94
94
95
93
93
94
94
90
89
87
85
84
85
81
80
76
73
71
74
73
74
75
75
76
75
74
76
75
76
78
75
76
74
76
77
75
75
73
72
73
72
72
72
76
75
76
73
68
63
63
64
63
62
61
57
57
58
56
57
54
57
62
63
64
64
65
65
64
63
62
62
62
60
60
59
61
60
59
57
61
61
61
61
63
63
63
64
64
62
60
64
67
67
68
69
69
67
65
66
66
66
66
64
67
65
67
67
67
66
65
66
67
67
65
63
61
60
62
59
59
60
59
60
60
60
59
60
61
59
60
60
61
60
62
65
66
65
67
68
68
70
71
70
70
71
69
68
68
67
67
67
69
68
68
69
68
66
66
65
63
64
63
62
63
63
62
62
62
62
61
61
60
60
60
59
59
58
59
59
60
59
58
58
58
60
58
57
57
58
59
59
58
57
58
58
56
56
55
55
55
54
53
53
54
54
52
50
49
47
47
47
44
45
46
47
46
45
46
46
44
46
47
47
48
49
48
47
48
48
46
44
41
42
40
41
43
44
43
44
43
42
43
44
42
40
40
40
41
43
41
40
39
39
37
38
38
37
37
40
39
43
44
47
46
47
47
44
45
45
47
46
45
46
45
46
46
44
44
46
47
47
48
50
48
49
54
54
50
48
49
49
50
50
50
50
49
49
50
50
50
49
49
48
45
45
43
45
45
45
42
44
45
45
43
43
43
44
46
45
46
45
44
44
44
42
37
37
37
36
36
36
35
36
33
34
39
38
38
38
41
41
41
40
40
42
40
38
37
35
34
35
37
38
41
38
38
39
37
38
39
39
38
38
42
46
48
50
47
46
47
48
47
49
50
51
49
49
49
47
49
47
49
48
47
48
46
48
49
51
51
51
53
53
52
50
54
54
55
55
56
55
56
57
56
55
53
52
52
54
53
53
53
55
54
54
55
58
56
57
57
58
59
58
58
58
56
56
56
55
56
59
56
55
53
54
54
54
54
55
55
57
57
56
54
53
55
56
56
55
54
56
56
56
56
58
57
57
57
56
54
55
54
53
52
53
52
51
52
50
50
51
50
50
51
50
49
50
49
50
51
52
53
53
53
53
53
53
52
53
52
49
50
51
57
57
58
59
59
57
57
58
59
58
58
62
60
61
59
60
63
64
64
64
65
65
64
64
64
63
62
63
62
62
64
64
63
62
62
60
62
62
60
60
59
58
55
58
57
57
58
58
58
60
63
63
62
64
64
62
63
63
60
65
67
65
66
66
66
67
67
68
67
67
65
67
67
67
67
67
66
67
66
64
64
65
64
64
64
63
63
63
64
63
63
62
63
63
62
61
61
62
62
62
60
60
58
59
60
58
56
57
57
57
56
55
56
55
56
55
54
53
53
53
53
52
52
52
52
51
49
51
50
50
51
51
51
51
51
50
50
50
50
50
51
54
52
51
51
52
52
53
53
54
54
54
52
52
50
49
49
49
49
50
49
49
49
49
48
49
48
49
50
51
51
51
52
51
51
50
50
51
50
50
50
48
48
47
47
47
47
47
48
46
47
49
48
49
47
48
50
49
47
46
46
46
46
46
47
48
48
49
48
46
46
47
48
47
48
48
49
47
50
49
49
49
49
49
50
50
44
48
47
44
45
44
45
44
42
42
41
42
41
40
40
40
40
40
40
40
39
39
38
39
40
40
40
40
39
40
41
42
42
42
42
42
43
43
44
45
46
46
46
45
46
45
45
45
45
45
43
42
42
42
43
43
42
42
42
40
40
40
39
41
41
42
42
42
43
46
45
44
45
44
43
41
41
41
41
41
42
42
41
40
40
41
42
44
43
42
41
41
41
40
40
40
40
40
40
41
41
43
43
43
43
43
43
44
46
47
46
46
45
44
46
47
46
46
46
46
48
48
49
48
48
46
45
45
44
42
40
41
