84
84
84
83
84
84
82
84
80
81
82
79
78
80
79
80
81
83
82
83
83
84
84
84
85
84
85
87
86
86
87
88
88
89
87
86
86
84
83
85
86
87
87
87
84
81
81
80
81
80
81
82
84
84
84
85
84
84
86
87
90
87
88
87
86
87
88
88
89
90
91
91
88
89
91
91
90
89
88
88
87
86
88
88
86
87
86
88
87
87
87
85
84
82
84
86
87
85
86
87
87
87
89
89
89
90
90
91
89
88
89
91
92
91
91
90
89
89
89
89
89
90
90
90
89
90
90
89
89
89
88
90
91
89
89
89
90
92
90
91
92
92
92
93
92
93
93
94
94
95
97
96
93
94
95
95
93
94
94
95
94
93
93
93
94
93
93
94
93
93
94
95
96
97
97
97
98
96
95
92
94
96
97
98
96
95
95
95
94
93
90
91
91
90
91
91
91
91
91
91
93
92
90
90
89
89
89
90
88
89
87
86
85
84
74
78
79
79
80
79
79
78
78
78
79
79
79
79
78
79
80
79
79
80
78
81
82
82
81
82
83
83
81
80
80
81
80
81
79
80
79
79
80
81
82
81
82
82
83
83
83
83
83
83
82
83
84
85
86
87
87
85
85
83
82
82
82
82
83
82
84
84
84
84
84
84
85
85
86
87
102
99
97
99
99
96
97
98
99
99
99
99
99
99
100
100
100
99
99
100
99
103
103
102
100
101
102
103
101
99
99
100
100
101
102
102
102
102
103
103
102
102
101
102
103
103
103
108
108
109
108
107
110
111
112
111
108
110
109
109
111
109
108
108
106
108
106
106
106
109
110
112
108
109
109
109
110
110
109
108
111
109
106
107
110
108
107
107
109
108
107
107
106
108
109
110
110
110
110
112
112
110
110
112
112
112
109
108
107
107
106
107
105
106
107
107
106
104
103
103
104
102
102
104
101
98
99
99
97
94
95
90
88
87
83
83
91
88
93
93
91
92
89
89
90
91
88
93
90
90
90
94
95
94
92
90
90
90
89
90
91
94
93
93
89
82
79
78
80
80
79
78
76
77
76
74
74
71
75
81
82
83
85
83
84
84
83
82
81
81
75
77
77
79
77
75
75
79
77
78
79
81
81
82
82
82
80
79
83
85
84
84
85
83
83
83
87
88
88
87
83
86
85
86
86
85
86
83
82
83
83
82
81
80
79
80
78
78
80
80
81
81
82
81
82
84
83
83
83
84
83
85
86
87
87
90
90
90
91
95
93
94
93
93
93
93
94
93
93
94
94
94
94
91
90
90
89
86
88
85
84
84
84
84
84
85
85
84
84
84
84
84
85
83
83
84
84
85
85
83
82
83
84
84
82
82
82
82
82
81
80
79
78
77
76
77
78
77
77
76
76
76
76
75
74
73
73
73
72
71
70
75
76
76
74
74
75
74
76
73
74
75
77
76
76
76
76
72
70
60
68
66
67
69
70
70
69
70
68
69
70
67
66
66
65
66
69
67
66
65
65
63
64
62
59
60
61
60
65
67
70
69
72
72
71
71
71
74
72
72
73
72
72
72
68
65
65
68
66
68
71
70
70
69
67
64
60
58
60
62
62
61
60
59
61
61
61
61
60
60
59
57
55
52
52
51
50
49
48
49
49
46
46
47
50
51
50
51
49
48
49
49
47
42
41
41
39
38
35
33
32
30
30
35
35
33
34
38
38
39
38
40
43
40
38
39
37
36
36
39
40
41
36
36
37
34
37
39
38
39
40
42
43
45
45
42
42
44
45
46
47
50
50
49
48
47
45
47
45
47
46
45
46
44
44
45
47
49
48
50
50
49
47
51
50
51
50
52
51
53
54
54
53
51
49
48
46
46
45
47
49
47
49
49
50
48
50
49
50
51
53
52
52
51
52
52
52
54
56
54
54
53
53
53
53
54
56
55
55
55
53
52
51
52
53
54
53
53
56
56
56
57
57
57
56
55
55
53
55
55
54
53
55
54
53
54
52
52
52
51
53
53
53
53
54
55
55
54
55
56
54
54
56
54
55
55
57
55
53
54
57
58
58
58
57
56
58
57
56
58
58
60
62
61
60
58
59
61
63
63
64
64
65
64
64
64
63
64
64
63
63
64
63
63
63
63
60
61
61
61
60
60
61
60
60
60
60
61
62
61
62
62
63
61
63
64
64
64
65
61
64
71
68
70
67
68
70
71
73
72
72
70
71
71
72
71
71
71
71
72
71
70
71
70
71
72
71
70
70
72
71
72
70
70
71
70
70
71
71
71
70
69
70
69
69
70
69
66
68
69
69
68
68
68
66
68
67
67
65
65
65
65
65
64
63
63
63
61
62
62
62
63
64
64
63
63
61
61
61
60
60
61
63
62
62
62
63
63
63
63
63
63
62
61
61
61
59
59
60
59
60
59
58
57
57
52
51
52
53
52
52
52
51
53
52
51
51
53
54
53
53
53
52
51
50
51
51
50
50
50
47
47
49
48
48
47
46
47
46
46
45
45
46
45
44
44
46
46
46
45
43
43
44
44
44
45
45
46
44
45
44
44
45
46
46
47
46
44
44
45
44
45
44
44
44
44
44
43
43
42
42
42
42
42
43
43
42
41
40
41
41
42
42
42
42
41
41
42
43
44
43
44
44
48
48
49
49
50
49
49
48
49
49
49
49
49
49
48
48
48
48
48
49
49
49
49
48
48
48
47
49
48
50
50
49
50
52
51
51
51
51
50
48
48
48
48
48
48
49
48
48
48
48
49
49
48
48
47
48
48
49
49
48
48
48
49
50
51
52
53
54
54
54
54
55
55
55
55
56
56
56
59
59
59
59
58
58
61
61
61
62
61
60
60
61
61
58
56
61
