88
88
88
89
88
89
89
89
87
86
86
85
84
85
86
86
87
87
87
88
89
89
89
89
90
89
89
89
87
88
88
88
87
86
87
86
85
84
85
85
86
86
86
87
86
85
86
86
85
86
86
85
86
86
86
87
87
89
90
90
90
90
91
91
91
91
91
92
93
94
95
95
93
94
95
94
95
95
94
94
95
94
95
95
94
95
95
96
97
97
97
95
94
94
94
96
94
93
92
92
91
92
92
93
96
98
97
97
96
96
97
97
97
101
100
102
107
104
105
109
109
107
108
107
107
107
106
106
104
104
102
101
101
101
102
102
103
104
103
102
101
103
103
103
104
104
103
106
106
106
106
107
108
107
109
110
108
107
108
110
108
106
106
107
107
105
106
105
103
105
108
108
109
109
109
110
110
111
112
111
111
112
108
108
107
109
108
108
109
110
108
110
109
108
108
109
111
110
110
110
110
111
109
109
109
109
108
107
107
108
109
108
109
107
108
108
108
108
107
111
112
113
113
114
112
113
112
112
112
112
110
110
110
109
109
110
111
112
112
113
111
110
107
107
106
107
105
105
104
104
104
108
109
110
112
111
117
118
118
118
118
118
118
120
119
120
121
122
123
122
123
122
121
120
120
119
120
121
122
121
124
122
121
122
119
118
118
119
120
122
122
119
117
117
118
116
116
115
117
118
118
118
120
119
118
117
118
117
118
117
118
119
119
120
119
119
120
119
119
117
118
118
117
118
118
119
119
119
120
120
122
121
121
123
123
123
123
122
120
121
120
129
130
130
131
130
129
130
127
128
128
130
129
129
128
129
128
128
130
130
130
129
129
129
130
130
135
135
136
136
136
134
134
134
135
132
133
131
133
132
133
133
133
133
134
134
134
133
133
134
133
132
134
133
132
133
132
132
132
130
130
128
128
129
132
132
134
134
134
134
135
133
133
133
129
126
129
129
128
126
126
123
123
120
119
125
129
129
130
131
131
130
130
129
130
131
134
135
135
135
134
135
135
135
135
135
135
135
136
140
141
144
145
145
145
145
144
144
144
145
146
147
145
144
143
142
139
137
138
143
145
147
148
149
149
149
147
146
143
144
141
142
143
146
143
143
139
141
140
141
141
144
144
143
142
142
143
146
144
148
148
149
151
150
150
150
151
152
153
153
154
156
157
156
157
157
157
156
158
156
155
154
153
152
153
152
153
153
152
152
154
152
153
152
152
150
151
154
153
151
150
151
152
151
151
152
152
151
152
152
151
150
152
152
151
151
150
151
152
153
144
148
148
146
145
148
147
145
145
146
148
148
148
148
147
148
146
146
147
148
148
147
148
145
145
145
145
145
146
146
144
144
146
147
147
146
146
144
144
143
141
138
137
139
136
136
135
135
134
137
136
137
138
137
136
135
133
133
132
129
130
132
142
143
142
146
148
147
147
148
147
146
145
146
147
146
145
143
140
130
137
138
139
140
140
137
137
140
137
138
140
135
136
137
136
136
139
137
135
134
133
129
131
127
124
127
128
128
132
133
133
136
138
140
138
138
139
140
138
138
138
137
140
140
139
139
138
138
139
138
140
138
136
138
136
137
135
135
137
140
140
139
140
140
139
139
138
138
137
138
139
136
138
135
133
134
130
130
130
133
133
130
129
131
133
133
133
134
132
131
128
128
125
121
120
121
121
122
119
116
119
118
118
119
119
117
118
119
122
125
131
133
133
136
134
129
133
129
129
132
133
132
131
133
132
129
132
134
133
134
133
135
136
135
134
135
135
136
136
135
133
137
141
141
140
142
144
142
142
145
145
144
144
142
142
143
143
143
144
145
145
145
145
147
149
149
149
147
148
148
148
148
145
144
142
144
144
144
143
144
144
143
142
144
142
142
143
142
142
144
144
143
144
142
143
143
144
145
146
146
146
146
144
145
143
145
145
144
144
145
141
139
136
137
140
142
140
138
140
141
145
146
148
148
149
149
149
149
150
148
148
149
150
151
149
148
149
149
148
149
150
149
149
150
150
150
153
153
154
154
155
156
155
155
156
155
156
156
156
157
157
157
157
155
151
150
148
147
146
147
148
147
150
147
147
148
149
150
151
140
141
137
136
137
136
135
132
131
133
133
134
134
134
133
135
135
133
134
133
134
134
132
134
133
135
137
135
138
140
139
138
138
139
138
143
140
139
141
141
141
144
144
144
146
147
147
149
149
150
150
149
148
149
147
148
148
147
146
147
148
144
145
144
144
144
143
144
146
145
146
146
145
146
146
146
146
147
148
148
140
140
141
139
139
140
140
139
138
139
139
141
140
142
143
142
141
141
141
140
141
139
142
143
140
139
139
140
140
139
139
138
137
138
139
139
139
136
136
137
134
136
137
136
135
136
135
136
135
135
135
136
136
135
135
135
136
136
137
138
140
141
141
141
142
142
143
144
145
147
146
145
145
144
145
143
144
143
143
144
144
143
144
144
144
144
144
145
147
144
145
143
144
146
144
146
145
146
146
145
145
143
145
145
145
145
144
142
144
144
142
142
144
144
143
144
145
145
145
145
146
146
145
146
145
144
144
144
147
148
148
147
148
147
146
146
144
145
146
147
148
145
146
146
145
145
145
147
145
145
146
146
145
144
144
144
146
150
149
150
150
150
151
151
151
151
150
152
151
151
152
151
153
153
153
152
153
153
153
153
154
154
154
154
153
154
154
153
154
160
161
161
161
160
160
160
159
159
160
160
160
163
162
161
161
161
162
162
163
162
162
161
163
163
163
162
163
162
160
161
163
163
163
162
160
161
162
163
163
163
163
163
164
164
165
166
167
168
168
169
169
169
170
171
168
168
167
168
168
170
172
164
167
167
169
167
166
162
154
160
