73
73
73
73
72
72
72
72
72
72
72
71
71
71
71
71
72
73
72
72
72
72
72
72
72
71
71
71
71
72
72
71
71
71
71
71
71
70
70
71
72
72
72
72
72
71
71
71
70
71
71
71
72
71
71
71
72
73
73
74
74
74
75
75
75
74
77
78
78
77
77
77
73
73
74
72
70
70
69
69
68
67
68
68
66
67
65
67
68
67
68
65
64
62
63
63
65
66
66
66
67
67
67
67
68
69
70
69
69
70
70
70
70
70
71
69
70
70
69
69
69
68
68
68
68
68
67
68
67
66
66
64
62
61
62
62
62
62
62
62
62
62
62
62
62
62
62
63
63
63
63
64
64
64
67
68
66
66
65
65
65
64
64
64
65
63
63
64
64
64
64
63
64
63
64
66
66
66
66
67
66
68
67
67
66
66
66
66
66
65
64
64
64
63
64
64
65
64
64
64
65
65
65
64
64
63
63
66
62
63
63
64
64
62
61
62
62
63
64
63
64
64
64
63
64
64
63
64
64
64
64
65
65
65
65
65
66
66
66
68
68
69
68
68
68
69
69
71
68
70
70
71
71
72
71
71
72
72
72
73
72
73
72
73
73
73
72
73
74
74
73
72
72
73
73
73
73
73
74
72
72
73
73
73
71
71
72
72
72
72
73
73
73
73
73
71
72
73
74
74
73
74
74
74
74
74
74
74
74
73
74
73
75
75
75
75
75
75
75
75
76
76
75
75
75
75
75
75
75
76
77
77
77
78
78
77
77
76
77
77
77
77
78
77
77
77
77
76
76
77
78
78
78
77
77
78
77
78
78
78
78
78
78
79
79
79
79
79
79
79
79
77
78
78
78
77
78
77
78
78
78
78
79
79
80
80
80
80
80
79
79
79
79
79
79
80
79
80
80
79
78
79
77
76
77
76
75
75
74
73
74
73
75
75
74
74
74
74
74
74
76
77
78
79
80
80
81
80
81
82
82
82
82
83
82
83
82
83
84
84
83
82
82
84
83
83
83
82
83
83
82
82
83
84
84
86
85
86
86
87
88
88
90
90
90
89
88
87
87
89
89
89
90
89
90
89
89
90
89
89
91
92
93
93
94
94
94
95
95
97
96
97
98
98
100
100
99
99
98
97
97
96
97
94
94
95
95
96
95
95
96
95
96
97
96
96
95
96
97
97
97
96
95
95
94
96
97
97
97
98
99
100
102
102
101
99
97
98
99
98
97
97
98
96
96
95
95
95
94
93
93
93
93
94
94
94
94
93
93
92
92
94
93
91
91
93
93
91
93
92
94
94
94
95
95
93
93
93
94
94
93
93
93
91
90
90
90
90
91
92
91
91
92
93
93
93
92
92
90
89
88
88
88
90
89
90
90
91
90
91
91
91
92
93
92
92
92
93
92
93
92
93
93
93
93
94
94
93
92
93
92
92
92
92
94
94
94
94
94
90
90
87
88
88
88
85
85
86
85
85
85
84
84
87
87
88
89
89
89
89
88
89
88
87
85
86
85
84
86
87
88
90
91
90
91
92
92
92
93
94
95
94
90
91
89
90
90
90
90
90
91
92
92
88
88
89
89
89
87
88
89
90
91
91
91
92
92
93
92
93
91
90
91
90
90
89
88
89
89
90
91
91
91
91
91
91
91
91
92
91
90
89
90
88
87
86
85
84
81
80
81
79
77
77
78
78
78
78
79
78
79
77
76
77
76
74
72
72
73
72
74
74
74
76
76
76
77
78
79
80
81
81
82
84
83
83
84
85
85
85
87
88
89
88
87
88
88
89
89
91
90
90
91
91
91
90
90
91
91
93
92
92
94
94
94
92
91
92
93
94
93
93
93
93
93
95
95
96
97
96
94
94
95
96
95
93
94
96
96
98
98
97
97
96
96
97
98
97
96
97
98
99
98
98
98
98
99
98
98
99
97
99
99
100
102
104
104
105
101
102
103
104
104
104
103
104
105
105
106
107
109
110
109
109
111
112
112
110
111
112
111
112
113
112
111
113
111
110
110
110
109
110
110
109
110
109
110
110
110
111
112
112
114
112
106
108
105
105
105
107
109
108
111
112
113
114
112
112
110
108
106
106
103
105
104
104
102
103
104
104
105
105
105
106
108
106
107
106
105
106
107
107
105
103
105
106
105
109
106
104
107
106
107
108
108
109
110
111
112
112
111
109
108
110
110
111
110
111
109
110
109
107
107
109
110
111
109
109
109
109
109
111
112
111
113
113
113
111
111
110
109
110
110
111
110
111
114
114
114
114
112
112
111
109
110
111
113
113
115
115
115
114
115
115
116
116
119
119
119
120
120
119
118
116
117
117
117
116
108
109
109
108
110
110
110
111
111
111
112
111
111
110
110
110
110
111
111
111
112
112
113
114
114
114
115
115
116
116
116
113
114
114
113
113
114
115
113
115
115
115
113
114
115
116
116
116
116
117
118
118
119
119
117
117
117
117
119
120
120
119
119
119
119
118
120
119
119
118
119
119
119
121
121
121
121
120
119
121
121
120
118
119
117
119
119
119
120
121
121
122
122
121
121
120
120
121
121
121
121
120
121
121
120
121
121
120
120
121
122
122
121
120
121
120
121
122
121
119
119
120
121
121
121
121
120
120
121
120
119
121
121
120
120
120
120
118
119
119
117
117
119
119
119
120
120
120
121
122
123
124
123
123
124
124
123
123
122
122
123
122
122
121
125
125
124
125
126
126
126
126
127
127
126
124
126
126
127
127
127
127
127
126
127
128
130
129
126
127
129
130
130
131
132
132
134
134
132
129
129
130
131
131
131
131
130
125
127
127
127
126
126
125
125
125
125
126
126
127
127
126
127
126
125
126
130
124
124
119
118
