27
27
27
27
27
28
28
27
26
26
26
25
25
26
25
25
25
25
26
26
26
26
26
26
26
26
26
26
26
25
25
25
25
25
26
25
25
25
24
25
25
25
25
25
24
24
24
24
24
24
24
24
25
25
25
25
25
25
26
26
26
26
26
26
26
26
26
25
26
26
26
26
26
26
26
26
26
25
26
26
25
25
25
25
25
25
25
25
25
24
25
24
24
24
24
24
23
23
23
23
23
23
24
24
24
24
24
24
25
24
25
25
24
24
24
24
24
24
24
24
24
24
24
24
24
24
24
25
25
24
24
24
24
24
24
24
24
24
24
24
24
23
23
23
23
24
24
24
24
24
24
25
24
25
26
25
25
25
25
25
25
24
24
24
24
24
24
24
25
25
25
25
25
25
25
26
26
26
28
28
28
28
29
28
28
28
28
29
29
28
27
27
27
27
27
27
27
27
27
27
27
29
29
29
29
29
29
28
28
28
28
28
29
28
28
29
29
29
29
30
30
31
31
31
32
32
32
32
32
32
32
32
30
31
30
31
32
33
35
37
36
36
35
35
35
36
35
35
34
34
33
33
34
34
34
33
34
34
34
35
36
35
35
35
36
36
35
35
35
37
36
36
36
36
37
36
36
36
36
35
36
36
36
36
37
38
38
39
38
38
38
38
38
39
39
38
38
38
39
40
41
40
41
41
41
40
40
40
40
41
41
41
40
40
40
40
42
41
41
40
40
40
40
40
40
41
40
40
41
41
41
41
41
42
43
43
43
42
42
43
43
43
44
44
44
44
43
45
45
45
45
45
45
45
44
46
47
47
49
48
48
49
49
49
50
52
51
51
50
51
51
50
49
50
50
49
49
47
49
49
49
49
49
49
49
49
50
49
49
49
50
50
50
50
50
51
51
52
51
51
52
51
50
48
48
49
49
49
47
47
48
47
48
49
48
47
46
47
48
48
49
46
45
44
42
42
45
47
48
49
49
49
50
50
50
49
49
50
51
50
49
49
49
49
49
51
50
51
50
51
50
53
52
52
52
53
52
51
52
52
52
51
48
48
47
45
45
45
44
46
47
48
47
47
48
48
47
48
48
47
45
46
47
48
49
49
46
45
45
46
47
48
47
47
47
48
48
48
47
49
49
49
51
48
47
47
47
47
48
47
47
48
47
47
47
45
45
45
45
44
43
43
42
41
41
41
41
41
39
39
39
39
39
39
39
39
38
39
38
39
39
40
40
41
40
40
39
40
40
41
40
41
41
41
40
40
40
41
40
41
40
42
42
42
41
42
42
41
41
41
41
41
40
39
39
39
39
38
38
38
38
37
38
38
37
37
37
37
37
36
36
36
36
36
36
36
35
35
35
35
34
34
34
33
33
33
33
32
32
32
32
32
32
31
31
31
30
30
30
29
29
30
31
30
29
30
30
29
29
29
29
28
29
28
28
28
28
28
27
25
26
25
25
27
28
27
28
28
28
30
30
29
29
29
28
29
29
30
30
29
29
27
28
28
29
29
29
27
29
31
33
33
32
31
30
30
30
29
28
28
28
27
27
27
26
26
27
27
27
28
28
28
27
27
26
25
24
24
24
25
25
26
26
27
27
27
28
28
28
28
28
27
28
26
26
26
27
27
27
28
28
27
28
28
29
30
30
30
30
30
29
29
27
25
26
25
24
22
21
21
21
20
20
22
20
21
21
22
21
22
21
21
23
24
23
23
24
22
23
23
25
26
24
24
26
25
26
27
27
27
27
28
29
29
29
28
28
29
28
28
28
30
30
30
29
29
28
29
29
29
29
28
29
28
28
28
29
29
28
29
30
30
29
31
32
32
31
31
31
32
34
34
34
32
31
31
30
30
29
29
29
28
28
28
28
27
28
28
28
29
29
29
28
28
28
28
29
29
30
29
29
28
28
28
28
28
29
29
30
30
29
28
28
29
28
28
28
27
28
28
30
32
32
32
32
32
32
32
32
32
32
31
32
32
32
32
32
31
31
31
32
31
31
31
31
31
32
31
31
31
31
31
31
30
30
30
31
30
30
31
31
31
31
30
29
29
29
28
28
29
28
29
29
29
29
29
29
30
30
30
30
31
31
32
32
30
28
26
27
26
27
26
27
27
27
27
27
28
28
28
22
19
18
18
18
17
17
18
18
19
19
20
20
19
20
20
20
20
20
20
20
19
19
20
20
20
21
21
22
22
21
21
20
20
20
20
20
20
20
20
19
19
19
19
20
20
21
20
21
21
21
21
21
21
21
21
21
22
23
23
23
22
23
25
25
25
26
26
27
28
29
29
29
29
29
30
30
31
29
29
29
29
29
29
28
28
27
27
27
27
27
27
27
27
28
28
27
26
27
26
26
27
26
26
26
26
27
26
26
26
27
26
26
27
26
26
26
26
26
26
27
27
27
27
27
27
27
27
27
27
27
27
27
28
28
27
27
27
28
28
28
28
27
27
27
27
28
28
27
28
27
28
27
27
28
27
27
27
26
26
25
25
23
24
22
23
23
23
23
23
23
23
24
24
24
24
24
25
25
25
25
26
26
26
26
25
25
25
25
25
25
25
25
25
25
24
24
25
25
25
24
24
25
26
26
26
25
25
25
25
26
25
24
24
24
25
25
25
25
25
25
25
26
26
27
26
26
26
26
26
25
26
26
27
27
27
28
27
27
28
27
27
27
27
27
27
25
24
25
25
24
25
25
25
25
25
26
25
25
24
24
24
23
23
24
24
24
24
24
24
24
24
24
25
25
25
24
24
25
24
24
25
25
25
26
26
26
26
27
27
27
27
28
27
28
28
29
30
30
30
30
30
31
30
30
30
30
30
30
31
31
31
30
30
30
30
27
26
25
