35
35
35
35
35
36
35
35
34
34
34
33
34
34
34
34
34
34
35
35
35
35
36
36
37
36
35
36
35
36
36
36
35
36
36
36
35
34
34
34
35
35
35
36
35
34
34
33
31
31
32
32
33
33
32
32
32
32
32
32
33
33
33
34
34
34
34
34
34
34
35
35
34
34
35
34
36
37
38
37
38
37
37
38
36
37
36
37
38
38
39
38
37
37
37
37
37
37
38
38
38
39
39
38
38
38
39
39
38
39
39
38
38
38
37
36
37
37
37
37
37
37
37
37
37
38
37
37
38
38
36
36
36
36
37
36
37
37
38
39
38
39
39
39
39
39
39
39
39
39
39
39
40
40
41
41
43
42
43
42
42
42
43
43
43
43
44
43
43
43
43
43
44
44
44
46
46
47
47
45
45
45
46
46
45
46
45
45
45
45
44
44
45
44
45
43
45
44
43
43
43
44
44
44
45
45
45
44
46
48
47
47
47
46
46
50
50
53
53
51
52
52
53
53
53
53
53
52
53
53
53
54
54
54
53
56
57
55
57
56
57
56
55
54
54
55
54
55
54
54
54
55
56
56
58
57
58
59
58
58
59
59
60
60
61
61
61
62
63
63
64
63
63
62
63
63
63
63
64
64
66
64
64
64
63
63
64
65
65
65
65
61
61
61
63
59
58
59
59
59
61
62
64
65
65
63
61
61
63
65
64
68
68
67
68
68
69
69
69
68
69
68
68
68
69
71
71
70
72
71
71
71
72
72
72
72
72
71
72
71
71
72
71
71
72
72
71
72
71
71
72
74
75
75
74
74
72
73
75
74
73
73
73
75
76
76
74
72
70
70
71
70
70
70
71
70
71
70
71
71
72
73
75
75
76
76
76
77
77
76
76
76
82
83
85
86
86
88
88
88
89
89
88
86
88
88
90
89
87
88
89
87
86
88
87
85
84
84
82
81
83
78
71
72
70
71
77
77
79
82
82
82
82
82
85
84
85
86
86
86
86
88
85
86
86
87
88
89
88
92
89
92
91
92
92
94
93
91
93
102
104
104
100
102
100
99
100
98
97
101
102
101
102
101
101
101
101
101
101
100
99
97
101
104
105
104
101
104
101
104
104
106
105
107
105
107
105
105
103
102
103
105
106
104
103
107
109
110
110
110
110
111
113
114
113
123
129
127
128
128
129
130
128
126
125
123
126
127
129
129
130
133
135
135
133
120
125
130
129
127
126
123
127
125
126
128
127
125
125
125
124
122
124
124
125
124
120
120
116
117
118
123
120
118
120
123
124
122
124
124
128
128
131
130
130
130
134
132
145
144
148
146
146
142
141
144
139
140
142
141
139
143
142
141
143
144
144
142
140
139
133
134
134
136
136
134
130
130
127
131
129
132
134
135
135
135
127
131
134
127
126
128
126
128
126
126
123
125
121
123
126
122
126
124
121
126
122
120
113
101
114
113
120
126
127
122
122
125
121
125
130
129
128
132
132
134
132
129
128
125
125
124
126
126
122
122
123
120
124
121
119
118
117
118
116
113
118
122
121
118
122
122
127
128
123
125
121
121
124
121
122
125
123
128
123
120
120
119
117
121
122
126
126
127
123
129
129
129
131
133
145
145
147
147
147
146
145
144
143
143
145
140
143
147
146
146
146
147
148
147
142
143
135
131
130
130
130
128
124
120
123
118
125
126
124
125
124
123
129
133
135
137
131
137
127
120
122
116
118
123
127
132
127
130
130
127
131
134
133
135
138
138
146
145
142
141
143
146
147
148
147
147
152
153
152
155
152
153
153
155
157
154
158
154
155
157
156
157
156
156
157
158
155
156
151
153
150
150
151
147
150
146
146
145
143
144
142
142
142
144
144
141
141
143
141
143
144
148
149
152
154
153
154
153
155
166
163
163
164
162
162
160
159
159
157
159
158
158
156
157
152
146
147
152
155
154
152
149
150
153
157
159
159
160
161
162
161
162
163
160
160
161
166
165
164
163
163
162
164
168
170
169
171
172
172
173
175
172
173
174
175
177
178
176
177
177
178
177
177
177
174
171
168
166
159
164
165
169
172
172
172
168
171
169
165
167
172
170
173
173
171
172
173
175
175
175
171
169
170
170
171
171
172
172
174
176
172
174
172
170
171
173
172
170
174
177
171
174
167
166
165
166
167
167
169
174
176
177
176
174
175
170
164
166
167
165
170
181
178
179
179
178
181
179
181
184
183
180
182
183
180
180
178
178
176
174
177
177
180
178
179
179
180
185
189
191
193
200
204
205
204
202
202
202
205
206
207
206
207
206
207
207
206
206
209
211
213
215
208
211
214
213
224
218
216
217
219
219
223
226
225
224
225
224
221
222
216
217
218
217
219
221
222
220
219
218
220
217
218
217
217
216
209
212
213
214
215
217
221
222
223
223
223
222
223
225
225
225
227
226
229
231
231
236
240
238
232
237
236
238
238
241
241
240
243
242
249
254
251
254
255
256
240
245
244
235
239
245
242
244
246
244
246
241
237
239
236
235
231
228
235
241
242
243
247
249
251
247
252
254
252
253
253
255
258
249
251
248
255
253
251
249
252
250
247
240
247
252
254
253
247
252
252
254
259
252
247
241
242
247
252
250
251
250
246
247
250
246
245
248
251
251
250
242
238
237
238
240
240
243
245
240
239
243
240
246
248
245
250
250
249
246
243
241
247
245
245
246
247
245
253
262
264
262
264
278
273
269
269
266
262
263
262
267
272
273
276
277
277
280
285
278
272
275
274
263
259
275
266
259
259
260
262
262
264
263
266
266
262
257
259
260
260
260
267
272
272
271
273
266
264
263
265
265
265
269
266
262
261
258
249
248
241
250
242
237
235
226
239
