39
39
39
40
40
40
40
40
40
39
40
39
40
41
41
40
41
42
42
42
42
43
43
43
43
43
44
43
43
43
43
43
43
43
43
43
42
42
41
42
43
43
43
43
43
42
41
41
40
41
41
41
42
41
42
42
41
41
42
42
43
43
43
43
43
43
43
44
44
44
45
44
43
43
44
44
44
44
43
43
43
42
43
44
43
43
43
43
43
44
44
43
42
41
41
42
42
43
43
43
43
44
45
45
45
45
45
45
45
44
44
45
45
46
45
44
44
44
44
45
45
46
46
45
45
45
46
46
46
46
45
44
44
44
44
44
44
44
44
43
43
43
43
43
43
43
43
44
45
45
44
45
44
44
45
44
44
44
44
44
44
43
43
43
43
43
43
43
42
43
43
43
43
43
43
44
45
44
44
44
47
48
48
47
47
47
48
47
47
47
46
48
47
47
48
48
49
48
48
48
49
49
49
49
49
49
49
49
49
49
50
49
49
48
48
49
49
49
50
49
50
50
50
51
50
50
50
50
50
50
50
50
50
51
50
51
51
51
52
52
52
51
49
49
49
50
48
49
48
47
47
48
48
49
49
49
49
49
49
49
49
49
49
49
49
49
49
51
51
51
51
52
51
50
51
50
51
51
51
51
51
51
51
51
50
50
50
51
51
52
52
51
51
51
51
49
49
49
50
50
51
51
49
50
49
49
49
48
49
48
48
48
48
49
49
49
49
48
48
47
47
47
47
47
48
48
49
49
50
51
50
49
50
50
50
50
50
50
50
50
50
51
51
51
51
51
51
51
51
52
51
51
51
51
51
51
50
51
51
51
51
51
51
51
51
51
51
51
49
49
48
48
47
47
47
47
47
47
48
48
48
48
48
48
48
49
49
48
48
48
48
48
48
48
48
48
49
49
49
48
48
49
48
49
48
48
48
48
47
47
47
46
45
45
45
44
44
44
44
43
43
43
42
42
41
41
43
43
44
45
44
46
46
45
46
48
46
47
46
47
47
47
48
48
48
48
48
48
48
48
48
48
48
49
49
49
49
49
50
50
50
50
49
50
50
50
50
50
50
51
51
52
52
52
52
53
52
53
52
51
52
52
53
54
53
54
53
54
52
53
53
53
54
52
52
53
52
52
52
51
51
52
53
52
52
53
54
54
54
54
54
54
54
54
55
54
54
53
54
53
53
53
52
52
52
52
52
52
52
52
53
53
53
53
53
52
52
53
53
53
53
53
53
53
54
54
54
54
53
52
52
51
52
52
52
52
52
52
55
55
56
56
57
57
58
58
58
58
59
60
60
60
60
61
61
62
62
62
63
63
62
62
61
61
61
61
61
61
62
62
62
61
62
63
63
62
63
62
62
62
62
62
61
62
62
62
61
61
61
62
62
63
64
63
62
62
61
62
61
60
60
62
60
62
61
61
61
61
62
63
64
64
64
64
64
64
63
63
62
55
59
57
59
59
59
57
57
58
57
58
60
58
59
59
59
59
60
60
59
58
58
57
58
56
56
56
56
57
60
59
59
59
59
60
59
59
59
60
60
60
61
61
63
64
63
63
64
65
65
66
65
65
64
65
65
64
65
63
62
64
64
65
66
66
65
66
66
66
66
66
65
64
65
64
64
64
63
63
63
64
65
63
63
63
63
64
64
64
63
63
62
61
61
60
60
60
60
60
59
58
60
58
59
60
60
58
59
60
60
61
60
64
63
64
63
61
63
62
63
65
65
64
64
65
65
63
65
67
66
66
67
67
68
67
68
69
69
70
70
69
69
70
70
70
71
71
71
71
71
73
72
72
73
73
72
72
72
72
71
72
72
72
72
74
73
73
73
73
73
74
74
73
73
74
75
74
74
75
75
76
76
76
76
76
75
74
74
73
74
75
75
74
75
74
74
75
76
76
76
76
76
77
75
76
75
76
76
76
76
77
75
73
72
73
73
73
72
71
72
73
74
73
73
74
74
73
73
73
73
72
73
74
77
79
78
78
78
78
77
78
78
79
79
79
78
78
78
77
77
76
77
78
78
77
78
77
77
77
78
77
79
78
78
77
75
76
76
76
77
77
78
78
79
78
78
77
78
78
78
77
78
76
76
77
77
76
76
75
76
77
77
77
76
75
76
76
74
71
70
69
70
69
70
70
72
71
70
71
70
70
71
71
71
72
71
71
72
71
72
72
73
72
71
72
73
74
73
73
73
73
73
72
72
72
71
71
72
71
72
72
71
71
71
70
72
72
72
73
72
72
72
72
72
73
73
72
73
74
74
74
73
73
79
80
80
79
79
79
80
79
79
79
79
80
80
79
80
80
80
80
80
82
82
82
81
81
80
80
80
81
80
80
81
80
80
80
79
79
80
79
80
80
80
80
81
81
81
80
80
80
80
79
80
80
80
81
82
82
83
83
82
83
83
83
84
83
84
84
84
84
83
83
83
83
84
84
82
83
83
83
83
83
84
84
85
84
86
84
84
84
83
83
84
84
85
85
86
86
88
88
88
88
88
88
89
89
89
89
89
89
90
91
92
92
93
93
94
94
94
94
94
94
96
91
92
92
92
93
93
94
94
93
93
93
93
92
94
94
94
94
93
93
93
93
93
93
94
93
93
94
94
95
95
93
93
94
95
95
95
96
97
99
98
99
99
99
99
99
99
100
98
99
99
100
100
101
101
101
101
101
102
102
102
100
99
100
99
104
104
105
106
105
107
107
108
108
107
107
107
106
105
108
108
108
108
110
111
111
111
112
112
112
112
114
113
112
113
112
112
114
115
114
114
116
117
117
117
116
114
114
115
116
116
115
116
116
117
118
119
119
119
120
120
118
120
121
121
120
120
120
121
121
118
121
120
120
117
112
114
