69
70
70
70
71
72
72
73
73
72
72
70
71
70
68
68
68
71
71
72
72
72
72
72
72
70
71
71
71
71
71
70
69
70
69
69
74
71
71
72
73
74
74
73
72
70
70
71
71
71
72
72
73
73
73
72
73
71
72
74
74
74
75
75
75
74
76
77
77
77
77
77
76
75
76
75
75
75
75
75
74
73
74
76
75
76
75
76
76
77
78
76
76
74
75
76
75
76
76
79
82
83
84
84
85
86
86
86
86
85
85
88
88
88
89
87
87
87
86
87
88
88
88
87
86
86
87
86
88
88
85
85
85
84
86
86
87
87
87
85
86
88
87
84
86
88
88
91
92
92
91
92
90
92
94
93
92
92
91
91
91
90
93
98
94
94
95
96
95
94
96
97
99
98
97
99
101
103
103
104
104
103
103
103
102
100
100
99
100
101
100
101
103
103
105
105
105
105
103
101
102
102
101
103
104
102
102
100
101
102
102
103
102
100
101
102
104
105
106
106
108
109
110
111
110
110
109
108
109
107
109
120
128
132
130
131
133
133
132
131
131
129
125
125
126
129
126
127
125
126
127
128
129
128
129
131
133
132
134
134
137
136
137
137
141
142
140
142
143
144
145
143
142
139
140
140
141
142
143
141
141
140
140
141
134
129
132
133
129
141
135
132
127
127
127
121
125
122
125
125
126
128
126
128
125
125
123
123
125
124
123
124
123
121
119
121
122
122
120
120
121
122
121
122
124
125
126
125
126
126
125
124
125
129
130
132
130
131
129
128
129
132
133
135
135
134
134
136
136
136
130
117
120
119
119
116
114
113
115
114
113
112
112
114
113
114
114
112
113
111
110
109
107
108
108
109
110
111
114
114
114
116
118
118
120
121
121
122
122
122
123
123
123
124
125
123
122
123
123
122
122
123
124
124
124
125
126
125
121
123
122
121
120
120
125
131
134
135
132
132
134
129
127
125
123
123
129
128
130
134
133
133
135
136
139
138
140
140
138
139
139
141
141
140
138
139
138
138
137
139
139
143
142
142
142
141
138
137
138
139
141
140
136
137
134
131
131
129
129
134
137
137
140
140
141
140
140
142
141
139
137
136
139
151
155
155
151
151
149
152
150
151
150
152
152
154
152
153
151
152
154
153
154
154
159
161
162
162
163
163
161
160
160
161
162
160
160
159
161
160
160
159
159
159
159
161
161
160
162
162
167
167
168
165
164
162
167
169
172
167
169
165
168
168
168
167
168
166
167
169
166
167
169
168
168
168
168
167
165
169
167
170
173
171
170
173
174
175
179
181
181
182
181
182
183
182
181
181
180
179
177
177
178
179
178
179
177
180
180
181
180
184
184
184
185
187
186
185
181
182
180
181
186
189
187
187
187
189
189
193
194
196
195
194
195
194
191
192
192
191
192
193
196
198
202
201
206
207
205
208
208
209
208
210
210
210
208
206
200
186
193
190
192
195
198
191
192
195
194
199
204
199
189
190
191
194
195
192
192
191
188
180
175
175
170
172
176
174
179
181
182
183
197
202
197
197
196
199
198
200
202
207
210
210
207
209
212
213
219
218
215
217
215
210
212
213
210
208
212
219
217
226
225
226
227
228
231
233
232
233
230
226
226
225
230
230
231
234
234
234
235
233
233
235
240
240
239
241
236
235
232
235
233
226
223
219
209
210
200
203
205
203
202
200
199
194
194
196
190
200
199
198
193
195
181
175
181
179
177
182
187
196
193
193
196
194
199
206
209
211
217
220
222
220
213
215
214
214
214
213
218
222
224
220
219
221
217
215
215
220
215
216
222
217
246
255
251
251
250
253
256
255
256
259
260
258
255
256
254
256
253
246
245
245
240
243
244
245
249
252
254
251
247
252
248
246
248
250
252
257
257
256
257
259
254
253
255
253
259
257
257
250
250
248
247
247
249
250
250
254
245
244
236
251
248
249
248
246
252
256
266
268
269
263
266
266
263
268
267
264
264
262
264
262
263
262
261
260
265
265
269
269
270
274
275
274
275
276
275
277
277
278
278
274
275
273
275
276
275
276
275
271
270
269
259
260
259
259
263
262
264
254
261
260
259
259
262
262
263
265
263
235
241
243
241
244
240
243
247
247
245
246
243
239
241
238
233
231
226
225
223
220
218
220
231
225
228
242
253
254
256
257
257
251
250
253
254
255
256
251
253
252
252
251
253
252
250
246
248
248
249
243
244
248
242
231
230
233
235
236
230
234
233
234
240
239
208
207
208
210
216
214
210
206
209
207
208
211
211
209
205
205
207
205
208
205
207
207
209
212
213
214
214
216
217
220
223
219
218
219
220
213
213
214
208
204
205
206
210
211
208
207
207
210
208
207
203
205
202
200
199
201
207
205
205
175
173
170
172
173
174
178
175
173
175
175
175
178
180
178
177
176
177
176
176
178
177
180
185
188
190
194
187
175
175
171
170
170
170
170
170
168
166
164
163
163
167
167
169
172
173
174
177
183
180
180
180
176
178
177
175
176
177
177
176
194
200
205
203
201
200
198
198
200
199
204
204
201
202
204
203
206
208
206
203
203
205
200
200
200
200
200
198
197
193
185
187
187
183
183
180
178
177
180
177
176
177
174
174
175
177
177
177
180
179
181
180
183
180
174
171
163
158
161
162
164
165
165
168
168
172
172
163
177
175
173
171
169
165
166
163
164
163
161
162
161
160
159
157
159
158
165
168
166
161
162
166
160
157
160
160
162
163
164
163
162
162
163
162
158
161
168
171
172
170
172
170
163
166
172
173
173
165
165
169
173
174
169
172
172
177
177
179
177
180
178
181
186
164
155
158
160
160
161
164
161
163
165
168
167
168
168
162
159
154
152
149
142
148
