380
385
385
382
378
375
374
376
379
378
385
377
378
376
379
378
382
382
377
382
385
389
388
392
388
390
392
392
394
394
396
394
393
393
396
394
401
395
398
397
392
385
390
390
392
386
382
383
379
380
380
385
393
399
407
404
409
409
410
411
413
418
419
417
408
418
418
417
414
410
413
427
417
416
419
416
417
417
408
411
408
406
418
418
418
417
417
419
430
425
425
418
415
408
418
421
416
424
424
424
422
427
429
437
434
437
442
439
438
435
432
437
436
438
438
439
437
438
442
444
448
448
447
447
435
436
429
428
426
432
427
420
417
421
423
420
423
423
419
418
418
419
421
420
423
420
418
418
421
421
418
418
411
420
422
423
419
417
417
425
420
419
422
423
422
419
419
421
416
419
420
422
425
426
423
431
431
436
437
424
428
431
431
431
431
436
435
438
444
447
444
444
448
451
458
456
465
459
465
464
467
467
461
459
459
461
458
460
460
463
457
467
471
466
466
466
464
465
471
472
465
480
480
475
477
484
478
474
479
479
484
489
493
490
498
497
495
500
499
503
503
499
509
504
499
493
495
497
484
482
493
517
531
530
562
540
544
541
540
538
534
545
550
540
535
538
537
547
540
545
545
542
541
540
543
529
537
539
537
533
540
537
534
529
522
529
528
540
536
535
535
523
517
529
528
511
513
516
522
520
515
521
523
525
525
525
533
535
529
528
529
535
527
524
529
539
544
533
530
519
525
531
535
535
544
541
522
534
527
532
527
530
541
540
538
533
532
529
523
523
523
525
529
531
531
530
529
530
531
533
537
535
537
539
536
535
535
534
537
532
536
528
521
521
515
510
512
519
514
512
510
524
514
514
516
516
520
520
529
524
526
526
534
531
534
537
538
538
539
542
538
535
540
535
538
537
536
536
534
528
526
530
530
528
541
536
536
515
502
509
506
503
506
508
510
509
515
519
510
511
517
509
509
506
500
502
507
508
521
529
525
531
537
540
551
547
555
556
552
559
558
566
564
566
571
570
571
568
568
571
565
574
569
574
570
570
576
572
585
588
588
594
606
606
603
599
609
604
600
607
621
615
619
622
618
618
623
626
624
614
611
616
610
608
607
599
585
584
575
583
582
588
603
603
608
610
606
611
601
599
607
606
614
607
620
615
620
614
616
614
621
619
625
639
641
633
647
642
671
653
656
647
645
650
640
647
654
658
659
663
668
666
665
671
669
661
664
683
683
687
692
685
695
691
697
699
699
696
698
690
686
686
692
691
695
705
703
692
690
683
675
683
682
674
678
684
689
678
677
684
685
690
696
695
685
693
689
682
681
682
677
674
680
680
679
674
676
677
685
681
680
674
676
676
682
684
684
683
681
681
673
668
671
676
668
676
676
673
678
685
685
678
685
679
677
676
672
680
682
674
676
689
694
698
702
697
707
712
697
709
710
710
721
739
739
743
742
746
732
667
716
702
724
725
724
712
721
731
724
723
738
720
716
728
722
728
735
727
727
730
730
741
749
752
731
731
733
730
750
747
748
740
733
738
741
739
730
743
741
746
749
750
767
764
769
763
780
786
784
785
791
789
793
797
782
790
777
789
753
780
772
783
784
783
777
779
785
786
786
780
770
760
760
768
794
786
765
756
764
766
763
760
749
747
748
744
740
743
745
748
733
735
733
720
736
713
723
733
703
696
713
708
713
723
729
731
740
752
745
765
768
769
748
749
717
692
703
699
717
745
762
750
747
767
767
761
780
786
784
782
788
776
785
771
766
770
779
791
795
792
794
792
789
779
784
788
803
804
803
803
805
794
803
790
786
787
786
783
774
782
776
779
778
782
777
777
767
768
776
775
775
767
770
771
780
783
771
775
785
784
775
782
769
778
760
745
759
760
733
761
766
768
767
760
761
766
761
754
758
761
757
753
748
748
745
751
757
749
752
760
743
765
770
794
793
796
800
803
805
804
815
811
805
806
810
801
789
797
799
796
797
795
802
791
816
816
814
804
803
810
808
801
799
807
799
797
790
788
787
788
794
795
785
773
771
754
753
741
744
748
740
737
730
728
725
736
746
738
737
735
749
742
759
746
744
772
780
765
768
763
763
763
758
766
765
765
759
759
770
761
759
749
753
745
748
749
750
752
727
737
743
730
741
742
736
733
721
743
744
751
743
746
750
772
754
780
794
796
795
794
791
781
783
786
787
790
808
811
802
803
800
791
800
794
799
809
801
797
799
804
796
800
796
790
789
791
796
789
796
788
788
780
786
775
771
754
742
743
736
730
728
726
729
714
725
724
721
720
744
752
741
735
735
743
738
745
743
734
727
734
733
740
740
732
728
722
711
718
718
716
728
729
714
723
730
731
730
724
726
716
713
717
722
718
720
700
699
705
703
701
703
696
694
692
685
693
700
706
713
724
714
714
701
696
683
689
696
705
703
712
704
691
690
681
680
666
665
675
671
607
581
595
605
622
614
606
623
619
617
605
607
599
607
613
610
604
610
598
591
586
573
580
576
578
576
571
563
571
530
514
503
503
508
502
493
508
503
504
497
496
499
509
501
511
520
529
528
543
546
541
530
538
548
527
531
525
538
502
520
525
513
511
519
518
514
516
530
521
522
530
531
541
544
540
541
542
538
551
570
565
571
567
534
542
553
575
586
589
583
589
596
600
600
591
600
601
592
588
588
590
599
600
609
602
598
592
588
586
576
589
583
591
593
584
601
606
606
603
596
604
598
602
601
609
622
629
633
633
642
634
641
666
689
690
687
747
706
701
703
720
711
715
706
707
706
703
706
704
707
711
714
710
718
717
740
760
767
775
768
768
770
773
789
781
790
789
793
790
788
793
787
792
782
778
761
763
747
720
742
