77
76
76
76
75
75
75
76
75
77
77
75
76
77
77
77
77
79
79
81
81
83
84
85
85
85
86
86
85
85
85
85
86
86
86
85
84
85
84
86
87
87
88
88
88
87
86
87
88
88
87
92
91
92
91
91
91
91
93
93
94
94
94
95
94
95
96
97
97
99
99
99
97
100
101
100
99
100
99
100
99
99
100
103
102
102
101
102
103
103
104
101
100
99
99
100
102
103
103
103
101
104
104
105
104
106
107
104
106
104
105
107
107
107
109
106
106
104
105
106
106
106
107
107
106
107
105
105
104
106
103
103
103
105
104
104
106
106
104
103
103
105
105
105
106
107
107
108
108
109
110
114
116
117
119
119
117
117
119
119
119
117
118
117
117
115
116
117
115
116
119
117
119
119
120
122
123
122
126
129
129
129
129
130
130
131
134
132
134
133
131
133
132
132
134
135
140
138
136
132
133
134
133
135
135
135
134
132
131
135
135
134
134
132
133
134
138
136
135
135
138
136
137
139
137
136
136
137
139
139
141
142
143
142
141
140
140
140
141
142
143
140
137
138
132
132
124
124
123
121
122
124
129
128
130
127
129
130
130
128
130
128
129
127
126
129
127
129
130
129
130
127
127
125
125
122
124
126
124
123
124
124
124
125
123
124
125
126
129
129
129
127
125
125
127
123
123
123
125
126
128
128
131
130
130
128
127
128
129
129
129
132
131
130
130
132
133
134
133
131
130
131
130
132
132
133
134
135
135
136
136
136
136
137
138
138
135
134
133
132
132
133
132
133
132
130
129
127
128
128
128
128
128
128
129
128
126
127
129
130
130
127
126
127
129
128
126
124
123
123
123
121
120
121
120
119
119
120
121
121
121
122
124
124
125
126
128
127
128
129
129
127
127
126
125
126
125
126
128
128
128
127
127
126
128
128
129
129
128
127
128
127
127
129
127
124
125
127
126
123
125
123
122
122
121
119
122
123
125
128
121
122
122
122
124
123
125
125
126
126
124
125
125
125
125
126
129
129
129
131
131
133
133
135
135
136
134
132
133
132
132
132
129
129
125
122
121
125
124
127
126
127
129
130
131
132
132
132
131
130
129
129
131
132
132
132
129
130
130
131
131
133
136
135
132
136
140
146
144
146
146
147
149
146
148
148
148
148
149
150
151
154
155
154
154
152
151
151
155
155
155
154
153
153
153
151
152
152
153
154
155
155
155
152
151
148
149
150
152
150
149
148
151
152
153
154
154
153
154
152
151
151
154
152
151
150
149
148
147
145
144
144
144
143
141
143
146
145
145
147
148
147
147
147
147
147
144
143
143
142
141
141
144
143
141
140
140
141
142
143
142
141
143
144
145
146
146
144
143
143
141
140
140
141
139
141
142
144
144
146
147
148
148
147
147
147
149
147
146
143
142
142
143
144
144
144
144
145
143
144
144
143
142
145
145
144
143
142
135
124
130
129
131
131
132
128
128
132
130
132
136
132
133
135
135
136
137
136
136
134
135
131
132
130
128
130
131
129
132
134
136
137
139
140
139
140
135
137
138
138
142
142
147
146
146
148
148
147
148
148
147
148
147
147
145
145
143
142
143
145
146
149
150
149
147
149
148
147
147
148
147
146
148
147
145
145
145
144
146
148
149
144
140
142
143
144
143
145
147
146
141
141
139
136
134
131
132
133
130
126
127
124
123
124
125
125
120
117
118
120
120
119
121
124
121
118
118
113
105
110
114
117
117
117
117
115
116
118
118
119
120
119
120
121
122
122
123
124
124
126
126
128
131
133
135
135
132
133
130
131
128
126
127
126
127
127
128
128
128
130
132
131
131
133
129
131
131
130
131
133
136
134
134
133
132
132
132
133
133
134
133
134
132
134
132
130
129
127
128
128
128
129
130
126
127
126
128
132
133
132
132
131
130
131
129
130
131
133
132
134
128
126
124
125
127
130
128
127
127
129
131
133
131
132
132
132
133
135
135
132
133
133
136
135
133
133
133
132
132
132
132
133
132
133
133
134
134
135
135
134
134
135
134
133
134
133
133
131
130
131
132
132
132
132
127
129
129
128
128
128
128
128
131
131
131
130
132
132
132
131
133
133
135
134
135
135
134
132
135
134
135
135
136
135
136
138
138
146
144
143
143
142
141
139
142
142
142
147
147
148
148
147
147
145
147
148
150
150
149
150
152
151
152
153
151
152
155
156
156
159
156
154
154
155
157
157
158
158
158
157
156
156
156
158
158
159
159
159
160
159
159
158
158
159
160
159
159
164
167
169
166
165
164
163
163
162
165
165
165
165
166
168
168
170
170
174
175
176
177
178
180
182
184
183
181
181
182
181
182
177
179
179
180
178
180
180
176
177
177
174
176
177
177
178
177
177
179
178
178
179
178
178
176
176
179
178
179
179
182
183
182
183
183
184
183
183
183
183
185
186
185
183
184
183
183
181
178
178
184
184
183
186
187
187
187
187
188
190
188
187
188
190
190
190
191
191
196
198
199
200
199
199
203
200
200
200
198
198
199
202
202
202
204
207
207
207
209
209
209
211
210
212
213
223
237
241
242
243
239
237
239
238
240
238
234
233
236
237
240
237
235
236
236
239
239
239
236
237
241
241
240
240
238
235
236
240
241
240
243
247
250
253
253
256
256
257
255
255
254
254
255
256
256
255
258
259
260
261
261
263
262
256
258
259
260
265
263
265
260
258
255
259
258
258
262
263
264
266
265
262
262
262
261
264
263
263
266
267
265
265
267
269
270
278
276
279
275
278
285
286
288
290
293
296
295
296
299
298
295
296
296
296
297
296
296
298
297
309
311
317
322
330
340
338
351
342
335
338
336
336
344
341
339
360
353
354
343
320
341
