88
88
88
89
88
88
88
88
87
87
88
87
87
88
88
88
89
89
88
88
89
89
90
91
92
92
92
92
93
92
93
93
94
95
96
96
97
97
96
96
96
96
96
96
96
95
95
95
94
95
95
96
95
96
95
95
94
95
97
97
97
97
97
98
99
101
102
101
101
102
101
101
100
100
102
102
101
100
99
99
97
97
98
99
97
99
97
98
100
100
100
98
97
95
99
99
100
99
99
99
97
98
99
100
99
100
100
102
102
102
102
103
103
105
105
104
103
103
104
103
104
103
102
101
100
101
100
100
100
100
99
97
97
98
98
98
99
99
98
97
97
98
98
97
99
99
99
100
100
100
100
101
101
102
103
103
102
102
101
100
100
99
100
101
100
100
100
99
98
100
101
102
102
102
103
104
104
105
106
107
106
105
107
106
106
106
106
108
107
107
106
108
108
108
108
109
109
108
108
109
109
110
109
109
109
109
106
107
107
107
108
108
108
105
105
106
106
106
108
108
109
109
110
110
110
111
110
109
110
110
111
111
112
112
112
112
112
111
112
112
111
109
108
107
107
108
107
108
107
106
107
108
110
111
113
113
114
114
115
114
116
115
115
114
115
115
115
116
117
116
116
115
116
115
116
115
116
116
117
116
116
115
114
115
115
116
116
118
117
118
118
116
115
114
115
112
112
113
114
113
113
115
114
114
114
113
113
112
113
112
112
113
114
115
117
118
118
118
117
116
116
116
116
116
116
116
117
117
117
118
118
118
119
119
119
120
119
119
119
118
118
118
119
119
119
118
118
119
119
119
119
120
120
120
120
120
118
119
120
119
120
119
118
118
118
118
118
118
119
119
119
118
116
116
117
115
116
115
117
116
117
118
118
118
118
118
118
118
117
117
118
117
117
117
117
118
116
116
115
116
115
115
114
114
114
115
116
114
112
113
114
114
113
114
114
114
115
125
125
127
129
127
128
126
123
123
121
122
123
124
125
125
126
127
126
126
129
129
130
127
128
128
126
128
128
130
129
129
130
131
130
132
131
131
137
142
140
141
141
141
141
139
138
139
137
137
138
135
135
138
141
139
141
139
140
139
140
140
140
140
142
141
145
145
145
145
140
142
140
141
142
143
144
143
142
143
141
139
138
141
141
144
145
143
141
142
144
143
144
144
143
143
145
147
149
148
149
147
147
146
149
148
145
144
142
142
143
143
142
141
145
146
145
146
145
142
144
145
145
144
142
140
142
142
141
142
143
142
142
141
141
142
145
145
143
144
145
142
142
142
141
143
144
142
142
143
141
140
140
140
141
141
141
141
141
142
142
140
141
141
141
140
141
140
139
140
139
138
141
140
139
138
140
140
141
143
143
143
142
142
142
143
143
144
142
143
143
143
143
145
146
147
147
148
148
148
148
148
148
147
147
150
152
153
152
153
154
153
150
150
149
148
148
147
148
148
147
146
143
138
141
140
141
142
143
138
136
137
135
136
139
136
135
136
136
138
139
139
139
138
138
138
139
135
130
132
132
131
136
137
136
137
137
138
138
137
137
138
139
139
141
140
139
140
140
141
142
143
143
145
151
152
152
153
152
152
151
149
149
151
151
151
151
151
148
151
151
152
151
153
152
150
154
154
154
153
153
152
154
155
156
155
154
155
155
156
156
157
157
155
151
149
146
145
145
143
142
143
142
142
144
141
141
143
145
145
146
147
143
144
145
147
140
138
134
130
136
136
137
141
143
144
143
146
146
145
148
149
149
149
150
151
150
149
148
148
148
149
149
150
149
150
149
150
149
150
148
150
149
152
152
151
154
154
153
155
156
155
154
159
159
158
159
160
158
159
159
160
160
160
161
161
161
161
160
163
163
165
166
168
168
167
166
168
165
165
165
165
165
166
167
167
167
166
167
169
169
169
169
170
169
169
168
169
166
167
168
169
170
171
169
167
164
165
168
170
169
170
172
174
176
176
177
177
177
176
174
175
175
175
174
173
175
175
176
175
176
177
169
172
174
174
174
175
176
174
173
173
173
173
174
175
175
173
174
175
177
178
178
178
177
177
177
176
170
172
172
173
176
176
177
176
180
179
178
177
181
179
177
179
178
176
177
177
178
179
175
173
174
172
173
173
172
172
173
172
170
168
167
167
168
167
169
173
177
177
178
176
175
171
163
167
170
174
172
170
166
170
170
171
172
169
165
166
166
164
164
164
167
169
169
168
169
168
167
166
166
166
168
167
166
167
162
165
164
165
168
169
171
173
173
173
174
173
174
172
171
171
172
172
175
174
176
181
179
179
179
178
178
178
179
178
178
180
180
182
181
182
182
183
183
184
185
184
184
184
182
184
185
185
184
184
183
182
184
183
182
182
184
183
183
183
184
183
184
184
184
183
184
185
183
183
183
183
183
184
184
186
179
179
180
180
182
186
186
185
184
185
184
182
181
182
184
184
186
181
181
183
184
185
187
187
187
186
189
188
193
193
193
192
193
192
192
191
193
192
192
192
193
195
193
195
195
194
196
194
195
196
195
196
196
198
197
197
198
198
201
200
202
202
203
205
206
204
203
202
202
200
201
193
200
197
199
196
198
198
201
202
202
201
200
198
199
200
199
198
199
198
198
198
199
198
201
198
200
205
203
202
196
198
196
196
193
194
192
193
194
195
194
193
197
196
194
195
197
198
197
196
197
199
201
201
203
207
210
212
212
211
211
210
210
208
208
215
218
225
223
221
221
224
219
219
220
220
221
221
223
226
225
226
226
227
227
228
228
219
218
218
219
220
219
219
220
221
222
222
222
220
218
218
217
217
216
215
219
219
222
222
222
226
225
227
228
230
231
234
234
236
236
240
244
246
243
244
241
241
238
217
228
