33
33
32
32
32
32
33
33
33
33
34
33
33
33
33
33
34
34
34
34
34
34
34
34
34
34
34
35
34
34
35
35
35
35
36
36
36
35
35
35
35
35
35
35
35
35
36
35
35
36
36
36
35
35
35
35
35
35
36
36
35
36
36
35
35
35
36
36
36
36
36
36
35
36
36
36
35
35
34
34
35
34
35
35
35
35
35
35
35
35
35
34
34
34
34
34
34
34
34
34
34
34
34
35
35
36
36
36
36
36
37
37
36
36
36
36
36
36
36
36
37
36
36
36
36
36
37
36
36
36
35
35
34
35
35
34
35
35
34
35
34
34
34
33
34
34
34
35
35
35
35
36
35
36
36
36
35
35
35
34
35
34
34
34
34
34
34
34
34
34
35
35
35
35
35
37
36
36
36
36
36
37
37
37
37
36
37
37
37
37
37
37
37
37
37
37
38
37
37
37
38
38
38
38
38
38
37
37
37
38
38
38
38
38
37
37
37
37
37
37
38
38
38
38
38
38
38
37
38
37
37
37
38
38
39
39
40
40
40
40
40
39
39
39
38
39
38
38
38
38
38
39
39
39
40
40
40
41
40
41
41
41
42
42
41
42
42
42
43
44
44
44
44
44
44
43
44
44
45
44
45
45
44
44
44
44
45
45
45
45
45
44
44
45
45
44
44
44
44
44
44
44
44
44
44
45
45
45
45
45
45
45
45
45
45
45
45
46
46
45
46
46
45
46
46
46
46
46
46
47
47
46
47
47
47
47
47
47
47
47
47
47
48
49
48
48
47
47
47
47
47
47
47
47
48
47
47
47
47
47
47
46
46
46
46
46
46
46
46
45
45
44
44
44
44
44
45
45
46
46
46
46
46
46
46
47
46
46
47
47
46
46
46
46
46
46
46
46
45
45
45
45
45
46
46
46
47
46
46
45
46
45
44
45
45
44
44
45
44
44
45
44
43
43
42
44
42
44
43
44
45
44
44
45
45
45
46
46
46
47
47
46
47
47
47
47
47
47
47
47
47
48
47
48
48
48
49
48
47
46
46
45
45
45
44
44
43
43
43
44
44
44
45
45
45
45
45
44
44
44
44
44
45
45
45
45
44
45
44
45
45
46
47
46
46
46
45
45
44
45
45
45
45
45
45
45
45
45
45
45
46
46
46
46
46
46
46
46
46
46
45
45
44
44
44
44
45
45
44
44
45
44
45
44
44
44
44
45
45
45
44
45
46
46
46
46
47
46
47
47
46
46
47
47
46
46
46
46
46
46
45
46
46
46
45
46
46
46
46
46
47
48
48
48
48
47
47
47
47
47
47
47
47
48
49
49
49
49
49
49
49
49
50
50
51
51
51
51
50
50
50
50
51
51
50
50
51
51
51
51
51
51
51
51
51
51
51
51
51
51
51
52
53
54
54
54
55
55
55
55
55
55
54
54
54
54
54
53
52
48
50
50
50
49
49
48
48
48
48
48
49
48
49
48
48
49
49
48
49
50
49
49
50
49
48
48
48
49
50
51
52
52
53
53
53
53
53
53
54
54
54
54
54
54
54
54
54
53
53
54
54
54
53
52
52
52
53
52
51
52
53
53
54
53
53
53
53
53
51
51
51
51
52
51
51
51
50
50
51
51
52
50
50
51
51
52
51
51
51
51
49
49
48
47
47
47
47
47
46
46
47
46
46
46
46
46
47
47
48
49
48
48
48
48
48
47
48
47
48
49
49
50
51
51
51
51
51
51
50
50
47
48
48
48
49
49
49
49
49
48
48
48
49
49
49
49
48
48
48
49
49
49
50
49
49
49
48
48
48
48
48
48
48
48
48
49
47
47
47
47
47
48
48
48
48
48
48
49
49
49
49
49
49
49
48
48
48
48
48
48
48
49
49
49
49
49
49
49
49
50
49
49
49
49
48
49
49
49
49
49
48
47
47
48
48
50
50
48
49
49
49
49
49
49
49
49
49
49
49
49
50
49
49
48
49
49
49
48
48
49
49
48
49
49
49
49
49
50
50
49
51
51
50
51
51
50
51
50
49
48
48
47
47
47
45
46
46
45
45
46
47
47
47
48
47
47
47
47
47
47
47
47
46
47
47
47
46
46
46
45
45
45
45
45
45
45
45
45
45
46
46
46
46
46
46
47
46
45
45
45
45
46
45
46
46
47
46
46
47
47
47
45
45
45
45
44
44
46
46
46
46
45
45
45
46
45
45
45
45
45
45
45
45
45
45
45
45
45
44
44
44
44
44
45
45
45
45
46
46
46
46
46
45
45
45
46
45
46
46
47
47
47
47
47
48
48
48
49
49
49
49
49
49
49
49
48
47
46
46
46
46
46
47
47
47
47
47
48
47
47
47
47
47
46
46
46
46
46
46
46
46
46
46
46
46
46
46
46
47
47
47
47
47
47
48
48
48
49
49
49
49
49
50
49
50
50
52
53
53
57
53
54
52
52
52
52
53
53
52
52
50
49
49
49
49
49
50
49
49
49
49
49
49
49
49
49
49
49
48
48
48
48
47
48
48
48
47
48
48
48
48
48
48
49
49
51
50
49
49
49
49
48
49
49
49
48
48
49
50
50
51
51
51
51
51
50
51
50
52
53
53
53
54
54
54
54
55
54
54
54
54
54
54
54
54
54
54
54
54
54
54
54
54
54
54
54
54
55
55
55
55
55
56
56
56
56
57
56
56
56
56
56
57
55
56
56
55
56
56
57
57
58
59
58
58
59
59
59
59
59
59
60
59
60
61
62
65
66
66
66
66
65
65
66
67
68
67
68
67
68
69
69
69
69
68
68
68
68
68
68
68
67
66
67
68
68
68
68
69
69
68
70
69
69
69
69
67
63
65
