164
165
164
163
166
165
169
166
165
163
164
161
163
166
165
168
170
172
172
172
172
174
176
176
176
175
176
177
177
177
178
177
177
187
194
195
198
198
193
194
195
194
199
203
207
202
200
204
198
205
217
212
212
216
220
224
215
215
220
222
215
212
210
211
216
223
229
227
228
226
226
232
230
231
237
239
236
237
234
224
219
214
224
226
220
218
206
212
214
210
210
202
201
198
202
202
210
222
220
217
215
220
223
219
219
223
223
228
224
224
225
224
235
232
223
234
226
222
217
217
219
220
228
227
221
220
215
211
207
211
209
206
207
207
206
208
211
212
210
208
209
214
216
224
230
230
226
230
228
237
235
238
239
246
247
248
248
242
244
242
241
242
243
244
245
236
237
235
227
228
234
233
238
237
241
247
245
244
250
252
251
250
256
254
249
246
244
238
245
240
233
236
234
234
236
237
245
242
246
247
278
287
296
293
290
292
294
286
285
290
293
287
285
278
278
277
275
272
279
278
284
281
281
282
278
280
279
280
278
276
277
292
292
299
285
297
297
294
300
310
307
315
304
302
299
311
313
315
299
307
302
303
316
314
319
317
329
328
334
330
336
348
347
342
342
346
341
344
345
347
342
328
338
333
341
333
335
347
352
348
355
320
316
313
307
305
296
308
312
308
304
286
295
288
300
285
278
281
290
291
291
300
309
307
293
289
285
285
287
291
281
288
286
286
283
290
300
295
296
288
289
292
290
294
302
303
311
315
321
319
316
316
320
322
320
316
314
311
310
310
307
306
311
314
318
314
313
316
319
317
317
325
331
329
324
323
317
320
325
321
314
302
301
303
305
335
338
335
335
337
344
343
333
330
326
324
326
321
327
320
326
335
339
348
345
344
343
340
343
343
343
341
344
345
343
344
335
329
331
326
330
327
323
319
328
329
330
327
329
333
344
334
330
330
331
323
323
331
325
316
323
318
315
308
297
300
305
305
321
300
314
316
322
321
318
315
330
321
320
325
321
325
320
328
324
322
318
305
306
305
300
305
306
307
305
308
306
336
329
346
342
342
340
347
345
339
346
333
326
339
343
352
354
336
343
342
342
344
343
339
340
338
359
350
346
353
348
350
339
354
361
364
353
358
358
360
352
373
389
391
389
394
400
398
398
395
395
392
389
397
401
406
408
410
405
409
410
411
415
411
417
424
417
410
415
411
407
415
420
425
435
476
466
463
449
428
430
434
430
423
415
409
416
419
425
426
427
424
431
428
424
425
425
424
423
410
402
389
378
381
378
389
385
387
384
391
403
393
396
393
395
389
396
394
400
399
397
394
402
400
399
391
389
386
383
388
384
383
391
391
387
387
389
393
407
415
420
415
413
412
404
404
408
407
400
405
405
404
401
391
397
405
403
406
408
410
394
394
327
305
313
322
313
320
320
326
333
337
316
312
313
312
317
314
313
317
312
315
306
269
293
290
301
301
302
292
298
306
298
307
314
303
311
317
316
319
321
321
315
293
299
296
299
283
271
284
292
283
291
282
280
278
280
271
262
260
256
270
271
273
285
276
279
280
276
292
294
294
295
302
300
294
293
294
294
298
292
290
286
284
281
292
292
290
291
290
293
293
289
289
284
277
283
280
286
285
286
284
285
292
299
295
295
298
304
300
302
305
310
306
300
295
293
287
285
281
281
279
269
271
277
263
270
266
269
263
275
276
268
270
268
268
270
271
260
247
253
246
249
249
256
267
257
265
265
256
262
264
263
261
270
272
270
262
267
261
257
256
259
257
250
250
248
250
253
257
254
255
252
256
255
259
261
262
266
278
275
272
265
269
271
271
268
273
272
269
280
282
286
282
278
278
275
273
272
264
263
265
272
272
268
261
263
265
263
263
259
264
266
274
280
282
285
288
287
290
290
264
255
253
248
246
243
242
237
242
241
238
234
237
232
227
226
233
239
243
245
242
247
249
253
254
254
253
254
260
261
260
280
282
288
286
287
289
289
300
303
322
320
316
316
314
315
309
312
313
313
314
314
314
316
317
318
309
307
308
305
308
308
312
310
310
311
305
294
300
298
300
303
305
306
309
313
313
312
310
316
310
307
313
312
313
308
307
308
304
298
289
296
290
293
296
294
299
292
291
295
298
290
285
280
282
278
269
291
295
312
322
320
320
322
323
318
319
318
321
294
306
304
305
303
296
297
299
292
286
286
305
289
287
288
287
288
287
281
285
282
283
295
292
289
288
286
292
295
295
295
300
297
287
288
284
285
283
282
280
276
275
278
280
278
275
279
264
265
264
269
265
268
271
276
280
285
292
290
289
288
288
285
285
290
290
294
293
297
294
290
291
293
292
292
293
285
276
277
276
276
277
277
273
276
274
269
269
274
273
274
270
271
269
269
270
269
272
274
273
272
273
275
290
285
280
277
271
272
271
271
268
263
261
261
257
255
254
259
255
252
253
251
251
249
253
253
250
247
250
253
257
257
258
255
256
260
262
256
254
255
253
261
266
280
282
282
279
271
275
274
273
273
276
272
274
273
274
276
280
280
283
284
282
280
283
290
289
295
287
288
291
290
289
287
289
291
286
287
282
285
287
291
293
283
281
284
286
284
287
288
289
291
305
317
319
317
317
327
330
327
330
323
325
322
318
319
316
311
318
318
319
313
309
315
317
314
321
325
327
329
332
333
333
338
343
347
343
343
335
319
318
310
307
308
315
313
316
310
314
316
315
312
310
310
313
310
311
313
314
311
309
308
310
314
318
321
321
319
318
319
315
321
327
325
328
332
329
330
326
331
320
323
319
320
321
321
321
333
340
342
341
330
335
338
333
338
340
344
348
344
348
349
358
356
365
355
357
348
344
345
323
330
