237
238
239
240
242
247
243
244
238
238
243
238
236
241
238
236
242
246
250
250
248
248
250
255
255
254
255
255
256
254
255
253
257
257
256
253
258
248
247
245
252
255
261
263
260
258
255
251
246
251
252
260
260
263
264
268
265
262
266
272
275
275
275
276
276
280
284
288
287
289
291
292
281
280
285
286
282
284
280
279
276
265
273
279
279
278
269
272
273
277
277
265
259
246
250
252
257
264
258
256
254
258
260
259
265
268
270
270
270
269
274
280
280
286
285
282
283
287
285
283
286
286
285
285
283
283
279
279
279
280
274
269
269
267
266
265
270
269
265
258
258
262
265
264
266
263
262
266
264
259
262
271
273
273
281
284
279
275
270
271
270
266
270
269
270
270
269
268
263
268
277
279
283
285
290
299
302
304
305
305
307
308
309
309
306
301
304
304
306
308
297
301
301
295
298
302
306
304
303
299
304
305
299
304
310
302
303
297
296
300
303
300
300
292
293
298
305
302
310
309
319
315
323
316
316
317
315
312
316
314
318
317
316
314
308
311
324
320
319
320
321
314
307
301
302
301
301
297
287
291
291
297
298
301
305
299
304
303
303
300
301
299
302
300
298
306
301
304
306
309
314
311
309
306
310
299
298
300
301
297
303
302
304
312
310
309
314
316
317
320
320
310
304
303
309
296
298
300
302
313
308
306
308
306
303
302
301
299
300
301
298
298
297
298
300
297
305
303
301
301
297
299
297
299
300
303
305
303
304
305
305
307
310
312
313
314
313
312
310
308
308
312
320
320
317
317
315
317
315
317
322
323
321
321
321
320
316
316
319
323
327
323
318
318
319
320
318
316
315
317
316
312
301
306
304
300
306
304
309
308
313
313
316
317
320
321
324
325
328
334
337
331
330
332
332
333
331
332
331
330
328
328
328
326
328
331
336
331
326
326
327
328
331
330
327
322
325
328
324
318
325
313
310
305
306
302
314
314
316
319
320
322
323
327
346
330
336
343
338
346
345
348
352
352
349
350
350
346
347
347
344
353
357
357
358
359
357
356
355
355
363
362
359
363
360
354
346
337
339
355
364
361
363
365
364
363
363
362
358
353
349
345
353
354
350
350
346
349
344
350
345
354
361
354
353
353
346
345
342
348
347
352
362
360
365
370
370
375
380
381
377
376
377
378
378
375
375
368
374
369
370
370
365
361
357
361
369
371
373
374
376
371
378
373
370
361
362
363
366
365
363
363
367
370
370
373
370
370
374
379
370
368
372
369
368
373
375
370
376
366
367
370
368
366
364
367
370
366
364
368
372
370
372
371
370
368
367
366
367
369
366
363
364
363
358
356
354
355
357
356
352
354
359
358
360
361
360
360
356
353
350
348
350
348
342
343
340
341
340
343
343
343
350
353
356
352
352
350
346
340
339
337
340
340
337
336
334
335
332
334
333
326
328
326
326
328
328
322
313
291
310
302
307
313
307
294
297
300
296
300
305
298
301
303
304
310
312
308
310
308
304
301
304
300
295
301
297
291
306
313
316
319
319
319
313
320
324
327
329
326
328
324
338
340
336
337
346
351
354
353
359
356
360
356
347
352
347
345
343
352
355
361
361
363
361
358
360
359
363
361
359
354
359
353
348
344
341
323
325
331
333
327
326
326
334
340
337
345
342
340
333
334
327
321
318
309
312
315
305
299
300
289
293
296
300
292
299
303
303
312
306
302
302
312
301
287
299
289
300
312
319
320
313
319
315
304
310
317
313
315
320
323
323
321
323
324
330
330
337
333
333
334
344
343
337
341
336
336
336
344
340
337
342
336
334
334
333
335
334
343
343
354
353
362
366
364
365
364
364
366
363
357
359
356
353
352
351
356
358
358
357
355
348
351
347
350
354
354
358
363
364
363
366
362
361
358
359
363
359
357
352
346
343
342
337
340
350
349
348
353
337
326
324
329
338
342
339
332
335
342
348
350
358
354
356
358
355
359
359
360
363
361
362
363
363
367
366
367
368
370
375
372
370
366
365
368
369
367
369
370
372
374
372
368
370
372
374
373
374
375
374
370
372
370
360
366
362
361
363
369
372
368
374
372
363
359
364
360
360
362
360
358
358
357
360
357
352
349
355
355
356
357
353
345
349
342
340
342
342
341
343
341
339
341
352
356
353
369
372
374
374
369
368
371
374
375
372
373
371
369
373
374
377
374
375
374
380
392
394
391
391
392
395
392
392
399
390
387
388
388
381
382
385
385
385
384
384
382
380
380
379
377
376
378
379
381
380
385
383
380
375
375
375
366
372
375
378
375
376
380
385
386
385
393
390
391
389
391
388
390
389
394
395
392
388
387
388
385
387
386
383
385
389
391
382
383
374
374
377
369
374
379
378
383
384
381
383
381
382
386
384
383
379
381
382
385
378
380
386
389
388
390
390
387
384
384
386
383
385
382
381
380
382
387
390
387
383
390
396
396
397
400
404
405
408
408
412
415
411
415
414
417
418
419
418
419
423
423
426
426
420
424
424
426
426
430
426
426
429
427
428
432
437
434
437
436
428
422
429
427
426
428
432
432
434
425
426
429
429
424
429
427
428
426
429
422
428
430
432
427
417
416
417
418
419
417
417
410
415
416
422
419
415
414
413
417
426
428
426
427
429
431
434
435
433
435
439
438
442
445
448
449
451
459
464
465
463
474
476
481
477
477
477
474
490
477
478
474
472
474
475
472
473
469
473
479
475
472
469
466
462
463
468
473
472
475
478
481
481
481
483
496
504
500
509
514
507
511
514
515
514
517
513
507
517
517
516
516
514
513
514
515
520
519
509
516
524
524
529
534
534
553
563
567
577
583
592
593
592
585
578
586
570
565
561
565
540
511
535
