97
97
97
98
98
100
100
101
100
100
102
99
99
101
101
102
102
103
103
104
104
104
103
104
104
102
102
102
102
102
103
103
103
103
104
104
106
105
104
105
105
105
106
106
107
105
106
105
103
106
105
107
107
108
107
107
106
106
108
111
110
110
111
111
112
112
113
113
112
113
113
113
110
110
112
112
113
115
115
114
113
111
114
116
114
114
113
115
115
115
115
113
113
112
112
113
114
113
113
113
112
113
116
116
116
116
117
117
117
118
118
119
119
119
118
116
117
117
117
116
117
117
119
118
117
117
118
116
117
117
116
115
115
114
115
114
115
114
113
111
112
112
112
112
112
112
112
113
114
114
113
114
115
115
117
118
117
116
115
115
115
114
114
114
114
113
113
113
112
113
115
115
116
115
117
117
117
117
117
117
117
117
117
118
116
115
116
114
115
115
114
116
115
114
115
115
117
116
116
115
117
117
116
117
117
116
115
114
115
116
117
117
116
114
114
114
114
114
116
116
116
117
117
118
118
118
118
118
118
117
116
116
116
115
114
115
116
115
115
115
115
113
112
112
111
112
112
112
109
109
109
111
113
113
114
113
114
115
115
113
113
113
113
114
113
115
116
117
118
119
122
123
124
124
126
124
123
123
123
123
125
126
125
125
123
124
124
125
125
124
125
124
123
123
124
123
122
123
124
126
128
126
127
128
127
128
128
129
129
129
127
126
125
127
126
128
128
128
127
126
127
127
126
127
127
127
127
127
128
128
127
127
128
128
128
128
128
128
127
126
126
126
128
127
127
126
127
127
127
127
127
127
128
129
128
128
128
128
129
129
129
128
127
128
129
128
128
128
128
128
128
127
125
128
130
128
130
129
131
132
133
133
136
135
136
135
135
136
136
137
137
136
136
138
138
138
138
138
138
137
137
138
138
138
139
140
142
141
139
139
140
137
138
138
138
137
138
140
139
137
140
137
137
137
137
133
136
137
138
139
139
139
139
140
141
139
141
141
141
143
143
144
144
145
145
146
146
146
146
146
145
147
147
148
148
149
149
149
150
150
150
151
151
150
150
149
148
145
146
151
152
152
152
152
152
151
151
152
152
149
148
148
151
152
150
150
147
149
147
150
148
148
150
149
148
148
145
146
144
148
148
148
150
150
150
150
150
150
148
149
148
147
148
148
149
149
148
148
147
145
145
146
146
145
143
144
145
145
145
145
146
145
145
145
145
143
143
144
146
144
144
143
144
143
143
143
143
144
143
142
141
142
142
141
142
142
142
141
142
142
142
145
146
145
143
147
148
145
144
145
146
145
146
146
146
145
144
144
145
145
143
143
143
143
142
140
139
140
141
141
140
139
140
140
142
142
142
141
140
140
139
138
138
138
136
137
138
138
140
141
141
141
143
144
144
144
144
143
142
141
142
143
143
143
143
142
143
144
143
141
142
142
141
142
142
142
141
139
137
128
134
131
134
136
135
132
131
133
131
132
134
130
131
131
131
132
132
130
130
130
129
128
130
129
128
130
131
128
130
132
132
132
134
133
133
132
132
135
134
133
135
134
138
138
136
136
138
138
137
138
138
137
136
136
134
135
134
133
132
134
133
136
137
136
135
135
135
135
135
136
135
133
136
135
133
132
130
130
133
135
136
133
131
132
133
134
133
134
134
133
130
131
130
129
130
129
129
129
126
125
127
126
126
128
127
125
125
126
127
129
128
126
126
127
126
125
128
124
127
129
129
131
130
132
131
130
132
133
133
135
137
137
137
138
138
139
140
139
141
139
140
140
143
142
142
142
140
141
141
143
143
141
144
142
141
141
142
142
141
143
144
144
143
145
146
146
145
146
147
147
147
145
146
146
144
144
144
145
143
145
143
143
141
142
140
141
141
142
142
144
144
143
144
141
142
141
142
142
142
142
141
141
141
142
140
142
142
142
144
145
141
139
140
141
142
145
143
142
142
143
144
145
145
146
146
146
146
147
146
145
145
144
144
144
144
145
144
143
144
144
145
146
147
146
147
148
148
147
149
148
149
149
148
148
149
148
149
150
151
151
151
150
150
149
146
148
146
146
146
145
146
146
147
146
145
144
145
145
144
144
144
144
144
144
145
145
144
144
144
144
145
145
145
144
144
144
143
144
145
144
145
143
143
143
145
147
146
152
155
157
158
157
157
158
158
159
159
159
158
158
158
158
160
160
161
162
165
164
165
166
167
166
166
165
166
166
166
166
166
165
164
163
164
164
164
163
163
162
162
162
162
162
160
161
160
160
159
162
165
165
164
165
165
163
164
164
164
163
163
165
165
166
167
167
168
169
169
170
170
171
171
174
178
176
175
176
176
176
176
175
175
175
175
174
172
172
169
170
170
167
167
168
166
167
167
167
167
166
166
166
166
165
165
164
164
164
163
164
166
167
168
168
166
166
166
166
168
167
166
165
163
164
163
164
164
162
162
162
165
165
166
165
165
166
165
166
166
166
166
166
166
168
169
172
171
171
171
171
172
171
169
169
168
168
168
171
170
170
172
172
171
171
170
170
170
169
169
170
171
171
172
172
172
173
173
173
175
176
176
178
180
177
178
176
177
176
177
178
178
178
177
178
178
179
180
179
180
178
179
180
182
180
177
177
174
178
178
178
179
179
180
182
183
183
183
182
183
183
183
184
183
186
186
186
187
188
187
187
188
187
188
188
188
187
188
189
190
190
190
188
188
188
188
187
188
186
187
186
183
184
183
184
182
182
182
181
182
184
183
183
184
188
190
194
196
198
196
196
197
197
197
199
198
198
199
200
199
199
199
198
198
199
200
199
197
201
201
201
203
203
206
207
213
212
216
213
213
216
216
216
216
217
215
215
214
216
205
193
202
