104
105
106
107
107
107
107
107
106
106
107
105
104
104
104
103
105
106
105
104
103
104
105
105
105
105
105
103
101
101
101
101
100
100
101
101
102
104
105
106
108
109
110
110
110
110
109
109
110
110
109
109
108
108
108
109
109
109
110
109
109
110
111
110
111
111
111
111
112
112
114
115
112
112
113
111
110
108
107
109
109
108
110
110
108
107
107
111
111
111
111
107
101
100
104
103
104
106
106
104
105
106
105
106
107
108
111
110
110
110
110
110
110
112
111
108
108
109
109
109
107
105
104
103
104
103
103
105
104
103
103
101
99
98
101
101
102
104
103
103
102
103
103
102
103
104
105
106
106
107
105
107
106
106
111
111
109
109
107
106
106
107
107
107
107
107
106
105
104
104
106
107
107
107
108
109
109
108
109
108
107
110
107
107
105
104
104
103
102
102
101
101
101
100
102
101
104
103
103
102
102
102
102
101
102
100
99
99
99
101
101
102
102
100
100
99
99
101
103
102
104
104
104
101
101
101
100
101
102
103
104
103
103
104
104
104
105
105
105
107
106
107
105
104
105
107
107
108
107
108
107
109
109
110
110
109
110
111
111
111
111
111
111
113
111
111
112
113
113
113
112
111
111
112
112
112
112
112
113
111
114
114
114
114
112
113
114
115
115
116
115
116
117
117
117
114
116
115
117
117
118
117
118
118
118
118
118
118
117
118
117
118
118
119
120
120
120
119
119
119
120
120
121
119
119
119
120
119
120
120
121
120
120
122
122
119
118
114
117
117
116
115
117
118
118
118
118
117
117
118
118
118
118
118
119
119
118
120
120
120
121
121
121
121
122
122
122
121
120
121
120
121
119
119
119
118
119
120
121
121
121
122
121
121
123
123
123
123
123
121
121
121
121
121
122
122
121
123
122
121
119
119
116
115
117
119
118
117
116
115
115
113
116
116
115
116
116
117
116
116
118
119
119
120
120
119
119
120
121
122
122
122
122
123
129
124
126
127
129
129
129
128
128
128
128
127
128
127
127
127
127
128
129
128
129
130
129
130
131
131
131
132
131
133
134
131
131
129
129
133
135
134
136
137
135
131
131
132
129
132
133
135
137
137
138
139
137
140
140
142
140
141
143
142
144
145
143
143
139
140
142
142
143
140
141
142
141
142
141
140
141
138
140
140
139
137
136
138
139
139
138
136
134
135
135
135
137
137
137
137
141
141
144
144
144
141
140
140
142
140
139
141
142
140
139
138
138
137
138
136
137
137
136
137
136
138
138
138
137
134
133
134
132
130
129
133
133
130
132
131
134
134
133
134
133
132
132
131
132
132
130
131
129
128
127
127
126
125
127
126
126
125
126
127
128
127
125
125
124
123
123
122
118
123
121
123
124
124
124
125
125
124
125
126
125
126
125
126
124
125
126
125
126
124
123
124
124
121
121
121
120
119
119
121
122
123
122
122
121
119
115
111
115
116
116
112
112
112
111
111
114
111
112
114
113
114
117
118
119
118
117
117
116
115
115
119
119
118
120
120
120
121
122
122
122
121
120
121
122
124
124
123
124
122
121
122
122
122
126
130
129
127
126
124
123
124
124
125
123
123
124
125
125
127
125
125
125
126
126
126
123
123
124
125
124
123
122
123
126
127
131
129
128
128
127
129
129
129
129
129
125
124
127
126
125
122
123
121
119
118
120
118
116
117
119
118
120
119
117
115
116
116
115
116
115
110
110
110
109
110
112
112
111
114
114
114
115
115
114
115
118
118
118
117
118
117
118
118
122
122
123
126
127
126
126
125
124
124
124
127
127
127
127
127
127
127
127
128
128
130
128
128
129
130
131
129
128
129
131
130
130
129
130
130
129
130
131
131
133
133
131
131
130
130
130
125
125
125
125
126
125
125
126
125
127
128
128
127
128
127
128
129
127
126
126
126
128
128
128
129
127
127
127
130
132
132
132
133
131
131
134
134
137
137
136
136
137
137
137
138
139
139
139
139
139
142
139
141
141
141
142
142
144
143
142
143
143
142
143
142
141
142
142
140
141
139
141
140
140
142
142
142
142
140
135
137
135
135
134
135
136
136
139
139
139
139
138
137
137
135
134
132
127
129
129
128
128
127
128
127
127
127
127
125
127
126
125
122
120
119
120
117
114
114
118
118
116
118
122
122
126
124
123
122
121
122
122
122
123
124
125
123
123
124
124
126
128
129
128
130
129
125
123
125
126
128
124
125
124
123
123
124
128
128
130
132
131
130
129
127
129
129
130
130
129
129
131
133
131
132
131
130
131
129
132
131
132
131
132
132
134
134
135
136
137
137
139
139
139
138
140
139
138
135
135
135
135
134
133
131
130
130
133
133
133
134
133
132
134
132
131
131
131
131
132
133
134
134
134
134
136
136
137
136
137
136
135
135
135
133
133
127
126
127
127
127
124
124
124
123
123
122
121
121
121
121
121
120
121
121
122
122
122
121
121
121
122
122
122
121
122
122
125
127
127
126
128
126
126
126
125
125
126
125
124
123
124
124
125
123
120
120
118
118
120
121
122
121
119
120
119
119
120
119
120
121
122
124
123
122
124
124
123
123
121
121
120
122
122
121
121
120
121
120
121
120
122
120
119
120
121
121
121
121
121
121
121
120
120
123
122
122
120
121
123
121
123
124
122
122
123
122
122
124
125
127
127
127
128
128
128
128
128
127
124
123
123
121
122
121
121
120
121
122
122
121
124
124
125
125
126
126
125
124
125
125
125
125
125
125
125
125
125
126
127
128
126
125
124
124
126
126
127
128
130
130
128
128
127
128
129
128
129
130
130
129
127
128
126
125
125
124
123
122
122
122
122
124
124
123
123
122
121
120
124
118
118
113
115
