45
45
45
46
47
46
47
46
46
46
46
45
46
46
46
46
46
46
46
46
46
47
47
47
47
46
43
42
42
42
42
42
42
42
42
42
42
43
42
42
43
43
43
43
43
43
43
43
43
43
44
44
46
44
44
44
44
44
46
46
46
46
46
46
46
46
46
47
47
48
48
48
47
47
47
47
47
48
47
47
46
46
46
47
46
47
47
48
48
48
49
48
48
47
47
47
48
48
48
48
47
48
48
48
48
49
50
50
50
49
50
50
50
51
50
50
50
51
51
50
51
51
51
51
51
51
51
51
52
52
52
51
51
51
51
50
51
51
51
50
50
50
51
50
50
50
51
51
51
52
53
53
53
54
53
53
53
53
53
53
52
52
52
53
53
53
54
54
53
53
55
54
55
55
55
57
56
56
55
56
55
56
56
56
57
58
60
62
61
61
61
62
63
63
64
64
65
65
65
65
65
65
65
65
65
64
64
65
63
64
64
64
67
66
66
66
66
66
67
67
67
67
67
68
67
67
66
66
67
67
66
67
68
70
68
68
68
68
68
68
68
67
65
65
67
69
69
68
66
65
66
67
67
67
70
69
70
70
71
71
72
72
72
72
71
72
71
72
73
74
73
72
73
72
73
72
73
73
73
72
72
71
70
71
70
69
70
70
70
70
72
69
68
68
70
67
67
67
68
68
68
69
69
69
69
68
69
70
67
65
63
64
64
64
64
65
65
66
65
65
65
66
66
67
68
69
69
69
71
71
70
71
71
71
71
70
70
70
68
68
68
68
69
69
69
69
69
70
69
69
69
69
70
70
70
70
70
70
71
71
71
71
71
71
70
71
72
72
72
73
72
72
72
70
70
70
71
70
71
71
72
72
72
72
72
72
72
73
73
73
73
73
73
74
74
74
74
75
76
76
75
75
75
75
76
75
76
76
76
76
77
76
75
76
75
75
76
77
75
75
77
76
75
74
74
72
73
73
75
76
77
76
77
79
78
79
79
79
79
80
79
80
78
79
79
80
81
80
80
81
79
80
80
81
81
82
82
82
82
82
82
82
82
81
81
80
81
80
79
81
83
83
83
82
82
82
81
82
81
80
80
80
83
84
84
84
82
82
81
83
82
82
84
83
84
86
84
85
81
83
83
84
85
85
85
85
87
86
86
86
86
86
87
88
89
88
88
89
90
88
89
89
87
87
87
88
88
89
89
89
90
90
91
90
90
89
89
90
91
90
89
89
90
90
90
90
90
90
91
90
89
90
90
90
91
91
92
89
90
89
85
86
86
85
85
86
87
86
87
87
88
88
88
87
88
88
88
88
89
88
88
88
88
87
87
88
89
88
89
89
89
88
89
90
90
91
90
89
87
87
85
85
84
85
84
85
84
85
85
86
86
86
87
87
87
87
86
87
84
83
82
84
85
83
85
86
86
86
85
86
85
85
85
84
84
84
84
84
82
77
81
81
84
84
83
80
81
82
80
82
83
81
83
85
84
85
86
84
84
82
82
82
82
79
77
78
77
76
79
79
78
78
78
79
80
80
79
79
80
80
79
78
78
80
81
82
83
83
86
86
87
87
88
88
88
88
87
85
85
86
87
89
88
88
87
87
87
87
87
89
87
87
88
88
88
88
86
86
87
87
89
88
87
88
89
89
89
91
90
89
88
88
88
86
85
82
81
80
78
80
82
80
80
81
82
82
83
82
80
76
79
78
77
76
76
75
77
77
78
80
80
81
81
81
81
80
82
83
83
83
83
83
83
84
83
83
84
83
84
82
80
81
80
81
81
81
81
82
81
82
82
82
82
83
82
84
84
83
82
83
84
84
84
85
85
87
87
87
86
87
83
78
78
79
79
76
79
77
79
79
77
77
76
77
77
77
78
77
77
78
77
78
78
79
79
80
80
80
80
80
79
79
78
78
76
77
76
77
77
78
76
75
75
76
77
78
78
78
79
80
80
81
82
83
83
82
83
83
83
83
83
83
84
83
83
83
83
85
85
84
85
84
84
84
84
83
83
83
83
82
82
82
82
81
80
79
80
80
80
80
80
81
81
80
78
79
78
75
76
77
77
76
77
78
77
77
78
77
77
77
76
76
75
77
76
76
76
75
76
75
76
76
75
75
76
75
75
75
65
69
69
67
69
66
66
64
69
70
71
71
73
71
71
72
71
70
70
71
71
72
71
71
71
71
72
70
71
71
73
74
74
72
73
74
74
72
73
72
73
73
72
72
72
74
75
75
75
75
75
73
74
75
76
76
76
75
75
75
73
74
73
74
74
75
75
75
76
77
78
78
78
78
79
80
80
80
81
81
82
82
82
82
82
82
82
81
81
81
82
82
82
83
84
83
83
82
82
82
81
81
82
82
82
82
82
81
81
81
82
82
82
82
82
81
73
73
73
73
73
72
73
73
73
71
73
73
73
73
73
72
72
72
73
73
73
72
72
73
73
73
73
73
73
73
74
74
75
76
75
74
74
74
75
75
75
75
76
75
76
76
78
79
80
80
80
79
79
78
78
78
77
77
77
77
77
78
78
78
77
77
77
76
77
78
77
77
78
78
71
70
70
69
69
69
68
68
67
67
67
66
65
64
64
65
66
66
66
66
66
66
68
68
68
68
69
69
70
69
69
68
68
67
66
67
67
66
67
68
68
67
67
68
68
68
68
66
65
66
66
66
65
64
65
65
66
67
66
67
68
64
62
62
61
62
61
60
60
60
61
60
59
58
56
57
57
56
55
56
57
56
56
58
59
59
59
61
60
60
59
59
60
60
61
61
63
62
63
63
63
62
63
62
62
62
63
63
64
63
65
67
68
69
72
72
72
72
72
74
74
74
74
75
72
74
71
69
67
63
65
