96
97
97
97
96
96
96
95
93
92
92
90
90
92
92
91
90
91
90
90
90
91
90
89
89
88
89
88
86
87
88
87
86
87
87
86
84
84
83
85
84
86
87
85
84
84
82
81
81
81
84
84
85
84
85
85
84
83
86
87
88
90
90
90
88
88
87
87
87
88
89
88
86
86
87
86
86
86
86
86
85
84
85
85
83
84
83
85
84
84
84
83
84
82
82
83
83
83
83
83
82
83
82
84
85
86
87
87
88
88
86
85
85
85
85
82
82
82
83
84
84
84
84
83
82
83
84
84
87
87
85
86
85
84
84
83
84
84
83
82
82
83
83
83
83
83
84
87
86
87
87
88
87
86
88
88
85
85
85
85
84
83
84
84
84
84
83
84
83
84
85
85
86
86
85
86
88
88
84
83
84
84
84
84
83
84
84
84
84
84
84
84
84
83
84
84
84
84
83
83
82
84
85
84
85
85
84
84
84
85
86
86
86
85
86
86
87
87
88
88
89
90
91
91
91
91
90
90
90
89
89
89
89
90
90
91
92
92
92
91
89
88
92
91
91
92
92
94
92
92
92
94
95
95
95
95
96
96
96
97
97
98
97
97
97
97
96
97
97
97
98
97
97
96
97
95
96
96
96
96
97
98
97
99
98
99
100
99
100
102
103
102
101
103
103
101
102
103
103
103
103
103
104
106
105
105
105
105
105
105
105
104
104
105
105
106
106
107
106
105
105
105
101
103
103
104
104
103
103
102
103
104
105
107
108
108
109
108
107
106
107
107
107
108
109
109
107
109
108
109
109
109
110
110
110
110
108
110
110
110
110
109
109
110
111
110
106
104
105
105
105
102
101
100
101
101
103
102
105
106
104
106
106
107
107
107
108
108
108
108
108
108
109
109
109
108
109
108
108
106
106
105
104
104
105
104
105
102
101
100
101
99
99
100
99
98
98
98
97
95
96
93
93
93
91
91
94
95
95
96
98
100
99
99
102
102
101
102
100
99
100
101
102
102
102
103
101
101
102
102
100
104
106
106
106
104
100
99
100
100
100
99
94
95
94
92
91
89
89
92
92
92
93
94
94
94
94
93
92
90
87
87
89
89
88
88
85
86
84
84
84
86
87
85
80
80
80
80
80
81
83
82
84
83
85
84
84
84
85
85
84
83
84
84
85
85
84
83
83
83
80
80
80
80
80
80
80
80
79
78
80
81
81
81
81
80
79
80
81
80
80
80
81
81
80
81
83
83
83
84
84
84
85
84
87
85
85
85
86
87
88
88
88
88
87
88
88
88
89
89
88
88
88
88
88
89
88
88
87
86
86
85
87
86
85
86
86
87
89
88
87
87
87
87
87
88
88
89
88
86
86
86
85
85
84
83
83
83
83
83
84
85
85
84
83
82
81
78
77
75
76
77
77
79
78
77
78
77
78
78
79
77
79
78
78
79
78
77
76
72
75
74
75
75
75
74
76
76
73
75
75
73
72
72
73
75
75
73
72
71
72
66
65
64
64
65
66
64
67
70
71
70
72
72
70
70
70
71
69
69
71
68
72
72
70
71
71
72
73
74
75
75
73
73
72
73
71
69
69
70
70
70
70
71
71
72
71
71
72
71
71
69
69
67
66
66
65
66
65
66
67
65
66
66
70
70
69
69
69
68
67
68
66
65
64
64
62
62
61
60
60
58
59
61
59
58
58
62
62
62
61
61
64
66
65
64
64
61
62
64
66
67
65
66
67
65
66
67
67
68
69
70
72
73
74
72
72
72
73
71
73
74
76
76
76
75
73
75
75
77
76
76
77
75
76
74
75
75
75
77
79
79
78
80
80
79
79
78
77
78
78
78
77
77
76
74
72
72
71
73
73
72
70
71
71
70
70
70
71
72
73
72
72
72
73
74
75
77
78
77
76
76
75
75
74
75
77
76
77
78
75
72
72
73
74
75
76
75
75
76
78
79
80
80
80
80
79
79
80
80
79
79
83
84
83
83
82
81
82
82
83
84
83
83
83
83
84
84
83
83
84
84
83
83
83
83
83
82
82
82
82
82
84
83
80
81
80
81
82
82
82
82
84
84
82
82
83
86
88
88
88
88
89
90
89
89
88
87
88
87
88
87
87
86
86
86
84
84
83
84
83
82
82
81
84
84
90
92
93
93
93
94
94
93
93
93
95
96
96
94
96
96
95
96
94
95
97
96
96
96
96
94
94
92
94
94
94
94
94
95
93
93
94
94
93
93
93
93
94
94
94
94
93
94
94
95
95
98
98
98
98
97
96
95
94
93
94
93
93
95
98
98
98
99
98
99
98
98
95
95
97
98
98
94
94
96
94
92
92
93
91
92
94
93
93
95
92
92
92
91
92
93
93
93
92
94
95
94
96
96
97
97
95
94
94
95
93
95
96
103
104
104
103
103
102
101
101
100
99
100
100
102
101
102
103
101
99
102
103
102
103
104
105
105
105
106
106
106
105
104
104
105
106
106
106
104
107
108
108
107
104
102
105
104
105
106
106
107
107
107
107
107
108
109
109
109
108
108
107
108
107
108
113
114
114
114
114
114
113
113
114
114
115
114
114
113
113
114
114
114
113
114
114
115
115
115
116
114
116
118
117
118
119
117
117
119
119
120
120
121
124
124
125
125
125
124
125
125
124
125
124
125
126
127
126
127
128
128
128
131
131
131
130
131
131
132
140
137
137
137
137
136
136
136
136
137
138
138
136
135
136
138
136
135
136
136
138
138
138
137
138
139
139
142
144
142
140
140
144
145
143
144
149
147
147
150
152
153
155
156
157
158
158
158
157
158
160
164
166
166
167
170
173
169
169
170
170
172
171
173
169
166
160
165
161
161
155
148
155
