85
86
86
87
86
87
87
87
86
87
87
85
85
86
85
85
86
87
87
87
87
87
88
89
89
88
88
88
88
88
89
88
88
88
89
89
89
88
88
89
90
91
91
92
92
90
89
89
88
89
90
90
90
90
89
89
89
88
89
90
91
91
92
92
91
91
92
93
92
91
91
90
89
89
91
89
89
90
90
89
89
88
90
90
89
90
88
90
89
90
90
88
87
85
86
88
89
89
90
90
89
90
90
92
92
93
92
94
94
94
94
95
94
96
94
92
92
92
92
92
92
92
92
91
90
90
90
89
90
90
90
90
89
89
89
89
91
90
89
88
88
88
89
88
88
88
88
90
90
92
91
93
92
93
95
95
95
94
95
95
94
93
94
94
94
92
92
93
92
92
93
94
94
94
95
97
97
98
95
97
97
96
96
97
96
95
96
96
97
98
98
98
98
96
98
98
99
98
99
98
101
103
102
103
103
103
101
101
101
101
102
101
101
100
100
99
100
99
100
100
102
102
102
103
103
103
103
102
102
101
100
99
99
98
97
98
98
97
97
97
96
94
92
93
94
95
94
93
93
93
93
94
94
95
96
95
96
97
97
97
97
97
97
96
96
97
97
97
98
98
98
97
98
97
98
97
98
99
99
98
99
100
99
95
98
98
99
99
99
99
99
98
98
98
99
99
100
100
101
101
101
101
101
102
102
102
102
103
102
102
102
102
102
103
102
103
103
103
102
102
102
103
103
103
103
103
103
103
104
104
103
103
104
105
105
105
104
104
104
104
103
104
105
106
105
105
104
104
103
103
104
105
105
105
105
105
103
104
105
105
105
104
103
104
103
104
105
104
103
103
103
101
100
100
100
100
101
100
100
100
102
102
104
104
105
104
105
105
105
105
105
106
107
107
107
107
106
106
106
106
105
105
105
105
106
106
108
107
107
105
106
105
105
104
105
104
105
107
106
105
107
105
105
104
103
101
104
104
105
107
107
105
107
109
109
111
110
109
109
111
110
111
111
111
111
111
111
110
111
111
111
113
113
114
114
114
114
115
115
116
116
116
117
115
115
114
113
111
111
114
115
115
116
116
116
116
116
116
115
115
113
113
114
115
113
113
108
110
110
112
110
112
113
112
112
112
110
109
108
110
111
111
114
112
113
112
113
112
114
114
113
114
114
113
114
114
115
114
114
114
113
113
112
112
110
112
113
112
113
113
115
114
114
113
112
111
111
111
111
112
111
110
111
111
111
112
112
111
112
112
112
111
111
108
108
109
109
107
109
108
107
108
107
107
107
108
108
108
107
108
108
108
109
109
109
109
108
107
107
107
107
106
107
106
106
105
103
104
105
106
104
105
107
106
107
106
106
106
103
102
103
103
110
101
103
104
104
104
105
105
104
104
105
104
104
104
106
107
106
106
107
108
108
110
109
111
111
111
110
111
109
109
108
109
110
110
110
109
107
100
104
102
103
103
102
100
101
101
100
101
103
101
100
101
100
101
102
100
101
101
101
101
103
102
101
102
103
101
103
104
104
105
106
106
107
106
106
109
109
110
112
114
115
115
115
115
116
115
114
114
114
113
115
113
112
113
113
111
112
114
113
115
116
117
115
116
115
115
115
116
116
114
117
117
115
115
113
113
115
117
117
115
114
116
118
118
118
118
119
118
115
114
114
111
112
110
111
113
110
111
111
110
110
110
110
109
108
109
110
112
112
113
112
113
112
107
112
110
112
115
116
117
116
117
117
115
117
119
117
116
117
118
118
117
116
117
118
119
119
118
119
120
121
122
121
120
119
120
119
120
120
119
123
120
118
118
119
119
118
120
120
121
121
123
122
122
118
120
119
119
117
117
118
118
118
120
122
122
123
125
124
125
125
125
124
125
126
125
126
127
128
127
127
126
127
127
128
127
126
126
126
126
124
125
123
125
125
125
125
127
124
123
123
126
128
131
129
129
129
130
130
131
130
131
131
129
129
129
128
128
128
128
127
127
126
124
125
125
126
126
127
127
127
126
126
127
126
126
127
127
126
126
125
125
126
126
127
127
127
128
128
127
127
126
124
125
126
124
125
125
126
126
127
126
125
124
125
126
125
125
125
124
123
123
125
124
124
124
126
126
126
126
126
122
123
122
124
127
127
128
127
126
125
125
125
125
125
126
126
127
126
125
125
126
127
128
127
127
126
127
129
128
129
128
129
130
132
132
133
133
133
132
133
133
134
133
134
133
133
132
132
133
133
132
131
131
131
130
130
130
130
130
131
132
132
132
132
133
133
133
133
131
129
128
132
131
132
131
131
132
133
134
134
134
135
136
136
138
138
138
137
139
140
138
138
137
138
137
138
138
137
138
138
138
138
137
136
137
137
135
136
137
136
137
136
136
138
137
137
137
137
137
137
137
138
138
137
137
137
137
138
139
138
137
137
137
138
139
138
137
137
137
137
137
136
137
138
139
139
140
141
141
143
142
142
144
145
145
145
145
145
145
147
146
146
146
148
148
147
147
147
146
145
145
145
146
146
146
147
146
146
146
145
145
145
144
145
146
146
147
146
147
148
148
144
143
146
150
148
149
150
150
149
148
149
149
147
148
148
148
145
146
145
145
141
143
143
141
143
142
141
139
137
137
134
143
146
146
145
143
144
144
144
144
143
143
143
143
141
142
143
145
144
145
146
146
146
147
148
147
149
150
150
151
155
154
156
155
155
154
153
153
151
152
149
148
150
152
150
151
151
151
150
151
148
149
150
149
149
149
150
152
153
152
153
151
150
151
149
150
150
151
148
147
150
148
148
147
145
145
146
146
147
146
142
144
144
144
144
146
145
145
146
147
148
148
149
150
153
155
155
156
154
154
156
155
153
145
146
