34
34
35
35
35
36
36
36
35
36
36
35
36
36
36
36
36
36
36
36
36
36
36
36
36
36
36
36
36
36
36
37
36
37
37
37
37
36
36
36
37
36
37
37
37
36
36
36
36
37
36
37
36
37
37
37
37
37
38
39
39
39
39
39
39
40
40
40
40
41
41
41
40
40
41
41
41
41
40
41
40
40
41
42
42
42
41
42
43
43
43
43
43
43
44
45
46
47
47
47
47
47
48
48
48
47
47
48
48
48
49
49
49
49
49
50
49
49
50
50
51
51
50
48
47
48
48
49
49
50
48
48
48
48
48
48
49
49
48
46
47
47
46
45
45
45
45
46
46
46
46
46
45
45
46
46
45
45
45
45
45
45
45
46
45
46
46
46
45
46
47
47
48
47
48
49
50
50
50
51
50
51
50
50
49
50
49
50
50
51
50
51
51
50
51
51
52
51
51
53
54
55
54
53
53
52
53
51
51
51
52
51
52
51
52
52
52
52
52
52
53
53
53
53
52
52
52
51
52
51
51
50
50
50
48
50
50
49
51
50
51
51
50
49
50
50
51
52
50
51
51
52
54
54
55
56
57
57
56
55
55
55
54
54
54
54
53
56
57
57
58
57
56
56
57
57
59
59
57
56
57
56
57
57
56
57
56
57
56
55
55
54
52
52
52
51
51
50
51
51
52
52
53
53
53
53
53
53
53
53
52
53
52
51
51
51
51
51
50
49
48
49
48
49
50
50
51
51
51
51
50
48
48
49
49
48
47
48
49
50
50
51
50
49
49
49
48
49
49
49
49
49
48
48
48
48
47
47
47
47
47
47
48
49
50
48
49
49
49
49
49
49
48
50
49
49
50
50
51
51
50
51
51
51
52
51
51
51
52
53
54
53
53
53
54
53
53
53
54
54
54
55
55
55
55
56
56
55
54
54
54
54
53
53
54
54
55
55
54
54
55
56
56
55
55
56
56
54
56
56
57
57
58
58
58
58
58
59
61
62
61
62
62
62
61
61
61
61
60
59
60
60
59
59
60
60
60
60
59
60
61
61
61
62
64
63
63
62
63
63
64
64
65
65
65
64
65
64
64
63
66
66
68
66
66
66
65
65
65
67
66
64
66
66
66
66
65
65
64
64
64
65
62
61
62
62
62
62
63
62
62
62
62
63
63
62
60
60
59
59
59
59
60
60
60
61
60
60
60
59
59
60
59
59
59
57
57
58
58
57
56
56
56
57
57
57
57
57
58
58
58
58
58
57
57
58
57
57
57
57
57
56
55
56
56
57
57
58
59
59
60
59
59
58
58
58
59
59
58
58
59
58
57
57
57
58
57
58
58
59
58
60
59
59
59
59
58
58
57
57
57
57
57
59
59
61
60
61
62
62
60
61
61
62
62
62
61
62
61
62
61
60
61
62
62
62
62
63
63
64
64
63
63
63
64
64
64
63
63
59
61
62
63
64
64
63
63
64
63
64
65
65
65
66
66
66
66
64
65
65
65
66
67
66
66
66
67
67
68
66
66
65
66
66
65
66
66
66
65
66
66
65
67
67
67
68
69
68
67
68
69
68
69
69
69
70
70
69
70
70
71
71
72
72
71
72
72
72
71
70
70
68
70
68
67
64
64
66
67
68
66
65
65
65
66
65
65
66
66
65
65
63
62
62
63
63
63
64
63
62
65
64
65
63
65
64
64
65
65
66
66
64
64
62
59
60
62
61
63
63
62
63
62
63
63
63
64
63
63
63
63
63
64
64
63
65
66
65
65
66
67
66
65
65
64
65
66
65
65
66
65
65
67
66
65
66
65
63
64
64
65
64
64
65
66
66
65
65
65
65
65
64
62
63
63
63
62
63
64
64
63
64
64
64
62
63
63
64
64
65
64
64
64
63
63
62
63
63
63
63
63
64
64
65
64
64
64
63
63
64
64
64
64
64
66
67
66
67
67
67
68
68
68
69
68
69
68
69
68
68
68
68
68
69
69
69
68
69
69
69
69
68
68
68
67
67
68
67
68
68
68
68
68
69
69
69
69
69
69
68
68
68
69
68
68
69
69
67
68
69
70
70
70
70
69
67
67
66
66
65
67
67
67
67
68
67
67
66
66
66
65
65
65
64
64
65
64
63
62
63
63
63
63
63
64
63
64
67
67
68
68
68
68
69
69
69
68
68
68
69
69
69
70
72
73
74
75
76
77
77
76
76
76
76
75
75
74
74
74
74
74
74
74
74
76
76
75
75
74
74
75
75
75
75
76
77
76
77
78
78
77
79
80
78
79
78
79
79
77
78
78
79
80
80
80
81
80
81
79
80
79
79
79
79
78
78
78
79
79
80
80
81
80
80
80
81
80
80
80
79
79
79
79
80
81
81
81
80
80
81
81
81
81
81
82
82
83
83
84
84
82
84
82
83
83
82
83
83
84
83
85
84
84
84
85
83
84
85
85
85
86
86
86
87
87
87
87
87
86
87
89
89
89
90
89
89
89
89
90
89
89
89
89
90
90
91
91
92
92
93
92
93
93
93
92
92
92
92
93
93
93
94
94
94
94
93
94
95
95
95
96
94
94
96
97
97
96
97
98
98
97
96
97
99
99
99
100
100
100
101
101
101
103
104
104
105
105
105
105
106
105
106
106
107
106
107
106
105
107
107
108
109
109
110
109
108
109
109
109
110
110
110
110
110
109
110
111
110
110
111
112
112
114
113
116
115
113
113
113
114
115
116
117
116
116
117
120
120
120
121
121
123
121
124
126
123
124
124
125
127
127
128
127
126
127
126
125
124
125
124
124
125
125
125
122
124
124
127
130
130
132
132
132
131
131
133
134
134
135
136
138
137
135
134
134
136
133
126
111
