42
43
42
43
42
43
45
45
44
44
43
42
43
44
43
43
44
45
45
45
46
46
46
46
47
46
47
46
46
46
46
46
45
46
47
46
46
45
44
45
46
46
47
46
46
45
46
45
45
46
47
47
46
46
46
46
46
47
48
47
47
48
47
47
48
49
50
50
50
51
51
51
51
51
51
51
51
50
50
49
49
48
48
48
47
47
46
47
48
48
49
48
47
46
47
48
49
49
49
49
49
50
50
51
51
52
51
53
53
53
53
54
53
53
53
52
53
53
52
52
54
55
54
54
54
54
54
53
54
53
52
52
52
51
51
52
53
53
52
51
51
52
53
54
54
54
54
54
54
55
55
56
56
56
57
57
56
56
56
56
55
55
55
55
55
55
56
55
54
54
56
56
57
57
57
59
59
59
59
59
60
60
60
60
59
59
60
59
60
59
57
59
59
58
60
61
61
59
59
59
59
59
58
59
59
59
58
58
58
59
59
59
60
58
58
59
59
59
60
61
61
62
62
63
63
64
63
63
64
63
63
63
62
62
62
61
61
61
61
60
60
60
58
58
58
59
58
59
57
57
59
61
61
61
62
64
64
65
66
66
66
66
66
66
65
66
66
67
68
68
68
67
68
66
66
65
66
66
66
66
67
66
65
64
62
62
62
62
63
64
63
61
60
61
62
60
59
59
60
60
61
60
60
59
58
59
57
57
58
57
57
58
57
57
57
57
57
57
56
56
57
57
57
59
59
61
60
61
60
60
60
60
60
61
61
61
62
62
61
60
61
60
61
60
59
59
58
63
62
61
62
63
64
64
63
63
62
62
62
61
61
60
62
61
61
60
59
58
58
58
58
57
56
57
57
58
58
58
60
60
59
59
60
61
60
60
61
60
61
61
60
60
60
59
59
59
59
59
59
58
57
57
57
57
57
57
57
56
55
55
55
54
54
54
54
52
53
53
52
52
52
51
50
50
50
50
52
53
54
55
53
53
53
54
54
54
55
55
53
53
54
52
52
52
52
52
52
53
52
52
53
54
54
54
55
54
55
55
54
55
55
55
53
52
52
52
54
53
52
54
55
55
55
56
56
56
56
56
56
55
54
54
54
54
55
55
55
55
54
55
55
56
57
56
56
57
56
55
55
56
57
57
56
57
57
57
57
60
59
60
60
59
60
60
59
60
59
59
62
63
62
61
61
60
60
60
61
61
62
62
63
63
63
63
62
61
62
61
62
60
60
61
61
61
61
61
62
61
62
62
61
61
61
62
62
62
63
62
62
62
62
63
63
62
61
64
61
59
60
60
60
60
61
61
61
62
62
61
62
62
62
62
62
62
62
61
60
60
60
59
58
58
58
58
58
58
59
58
57
57
57
58
56
56
55
55
55
55
55
55
55
55
56
55
54
54
54
54
54
53
53
53
52
54
54
53
52
50
52
51
51
50
50
50
49
50
49
48
46
42
45
44
45
45
45
44
44
44
43
44
44
44
44
44
44
44
44
43
43
42
43
41
41
41
39
39
40
39
40
42
42
42
44
43
42
42
43
43
43
43
44
43
43
44
45
44
45
47
47
48
50
48
48
48
48
50
50
50
50
51
51
51
52
52
51
51
51
51
51
51
50
50
50
50
50
48
48
47
47
47
48
46
46
46
47
47
47
47
47
46
46
47
46
45
46
47
47
47
45
46
46
45
44
46
47
47
47
48
47
47
47
47
50
48
46
43
41
42
44
44
45
46
45
45
47
46
48
48
48
49
50
50
51
51
52
53
52
52
53
53
53
54
54
55
54
54
53
54
54
55
55
55
55
54
54
54
54
54
54
54
54
54
54
54
55
55
56
56
56
56
56
56
56
56
57
57
57
58
56
56
56
54
54
54
53
52
52
53
53
53
54
54
55
55
55
55
55
54
53
53
53
53
52
53
53
54
54
54
54
54
52
51
51
52
53
54
55
54
55
57
57
58
58
58
57
56
55
55
55
54
55
54
55
54
53
52
52
52
52
52
52
52
52
52
53
52
52
52
52
51
52
53
53
52
52
51
51
51
51
52
52
51
52
53
52
52
52
52
52
52
52
50
50
50
52
51
52
54
55
54
56
56
56
57
55
56
56
55
56
55
56
55
55
56
58
56
56
57
56
57
56
56
55
57
58
58
56
57
57
58
59
59
59
60
60
60
60
60
61
60
61
61
61
60
61
61
64
64
62
62
63
64
64
65
65
65
64
65
65
65
65
65
65
65
66
66
64
63
63
63
62
62
62
63
63
63
63
63
63
64
65
64
65
64
64
64
65
64
64
65
65
65
65
65
65
66
68
68
66
67
66
66
67
67
68
68
68
68
68
68
68
68
68
67
67
67
66
66
67
67
67
68
68
69
69
69
69
69
69
69
68
68
67
67
67
69
69
69
67
66
66
67
67
67
67
65
63
65
65
63
63
62
63
62
62
61
61
61
62
62
62
62
62
62
62
61
62
61
60
61
61
60
61
62
62
61
62
62
62
61
62
62
64
64
64
65
64
64
64
63
62
63
64
64
63
63
64
65
65
65
66
66
66
66
67
67
67
64
66
65
64
63
66
65
65
66
67
66
67
66
66
65
65
65
65
64
64
63
63
65
64
64
64
62
60
60
58
59
60
58
58
58
59
59
59
59
60
58
58
57
58
58
59
60
59
58
58
57
57
56
57
57
57
57
58
59
58
57
57
57
57
56
56
56
54
55
57
57
57
59
57
56
56
56
56
57
56
57
56
57
56
55
57
56
58
60
58
57
57
58
58
58
58
59
59
59
60
60
60
60
60
59
59
58
59
59
58
58
57
56
57
58
59
60
59
60
57
58
58
59
60
59
59
58
58
59
55
53
54
