70
71
70
68
68
67
68
67
67
68
70
70
70
70
70
70
71
72
72
72
72
72
71
71
71
69
70
70
70
70
71
71
70
71
70
70
71
70
70
71
72
72
73
74
73
74
74
73
75
75
75
75
75
78
78
77
77
77
78
78
78
78
79
79
78
79
79
79
78
78
77
77
73
73
75
73
72
72
71
71
70
70
70
70
69
70
68
70
71
70
71
69
68
68
68
69
71
72
72
72
72
73
72
74
73
76
77
78
77
76
77
76
77
77
77
77
74
73
73
72
71
70
70
70
69
68
68
68
68
68
67
68
68
69
69
68
68
70
68
70
70
70
69
69
70
70
72
73
73
73
71
71
71
70
71
71
70
71
70
72
73
73
73
72
71
71
71
71
70
71
71
71
72
72
74
77
74
76
74
74
76
76
76
77
77
76
75
75
76
76
76
75
74
74
75
75
76
76
75
75
74
74
74
74
74
74
75
75
74
75
75
75
75
74
74
74
72
71
72
73
72
72
73
73
73
73
73
72
72
71
73
72
72
72
72
73
74
74
74
74
74
73
71
71
70
71
71
71
69
69
69
71
72
73
73
73
74
75
74
75
76
75
74
74
74
76
75
75
75
75
75
75
75
75
76
75
75
75
75
74
75
74
74
74
74
75
75
74
75
75
75
75
74
75
74
73
73
73
74
74
74
75
75
75
74
73
72
72
73
73
74
76
77
78
77
77
77
77
77
77
77
76
76
77
76
76
76
77
77
77
76
76
76
76
76
75
75
75
74
74
73
72
74
74
74
74
74
74
74
74
75
74
76
74
74
74
74
74
75
75
74
74
74
75
75
75
76
73
73
75
75
74
74
74
73
74
76
77
77
78
78
78
78
79
79
78
78
80
80
80
80
80
80
80
80
80
80
81
80
79
80
80
79
78
79
80
80
79
79
79
79
79
79
80
81
80
81
81
81
81
82
81
79
80
80
79
80
81
83
85
84
84
85
85
84
79
81
79
79
79
79
80
79
80
79
81
80
80
80
80
81
82
82
82
83
82
83
81
80
80
80
80
79
78
77
77
76
76
75
76
77
78
79
79
79
79
79
79
79
79
79
79
81
82
82
82
81
82
82
83
82
84
85
87
88
88
87
87
87
86
87
87
87
86
87
87
87
88
88
88
88
88
89
88
87
87
86
87
86
86
86
86
85
85
84
85
86
85
85
85
86
86
87
86
86
84
85
85
84
83
84
84
86
86
85
85
85
85
86
85
86
86
87
86
86
87
86
85
85
84
84
83
83
82
82
83
83
82
83
83
83
84
83
84
83
82
82
82
82
82
82
82
82
82
83
83
82
82
83
83
83
83
82
83
83
83
82
83
82
82
81
81
80
81
81
81
81
81
81
82
81
81
82
82
81
82
81
81
83
83
83
82
82
82
82
82
82
82
82
83
83
84
85
85
86
86
85
85
84
81
81
81
82
84
84
82
82
82
81
82
83
80
79
79
79
78
78
77
78
77
76
77
77
78
78
78
79
79
80
81
81
81
82
81
81
81
81
82
82
83
84
84
87
85
86
86
86
86
86
87
88
86
87
84
84
84
84
84
84
84
85
86
86
87
87
87
86
86
86
87
86
85
85
86
85
85
84
85
86
85
86
85
85
86
87
87
87
88
88
87
86
86
86
85
85
84
84
84
83
83
80
79
78
80
82
83
83
84
86
86
86
86
86
86
83
81
82
80
83
84
84
85
86
86
86
86
87
85
86
87
88
88
88
87
86
86
87
86
85
84
84
85
86
86
86
86
86
86
86
87
87
86
87
87
86
87
87
88
88
88
88
87
87
88
88
87
86
88
87
87
87
87
87
87
86
88
88
89
90
90
90
90
90
90
90
90
90
90
91
91
91
91
91
90
91
91
93
93
94
94
94
94
94
93
94
94
95
95
95
96
94
96
98
99
100
102
101
102
102
102
102
100
100
100
100
100
99
100
98
98
99
97
97
96
97
97
97
97
96
97
96
96
96
96
96
97
96
95
95
94
94
94
94
95
95
94
94
94
95
95
97
98
99
97
93
94
91
91
91
91
92
92
94
94
95
96
95
94
94
94
94
91
89
89
88
89
89
91
92
92
92
92
92
91
96
95
93
93
91
92
91
88
88
88
89
89
88
85
83
83
82
83
85
85
85
85
85
84
85
84
85
83
82
82
84
84
85
85
86
87
87
86
86
86
87
88
87
87
87
88
87
87
87
87
87
87
86
86
84
85
85
86
87
87
86
87
87
88
88
88
87
87
88
87
88
89
87
88
88
88
88
90
90
90
91
89
90
91
91
93
93
93
93
92
92
92
92
91
91
90
90
89
90
90
90
91
91
92
93
93
94
95
95
94
94
94
94
94
94
95
95
96
96
96
96
97
97
96
96
97
94
95
95
95
95
95
94
95
96
95
95
95
94
94
96
96
98
99
99
100
101
101
103
103
104
102
104
104
104
103
103
101
100
102
102
102
101
101
101
100
100
100
100
102
102
101
100
101
99
99
99
100
99
99
100
100
101
96
95
99
96
99
99
100
100
100
101
101
101
102
101
102
101
100
100
101
101
102
103
104
104
104
105
105
106
107
107
107
107
108
108
107
107
106
107
107
107
106
104
105
105
105
102
102
101
100
100
100
100
100
100
100
100
102
101
101
102
102
102
104
101
102
101
102
104
105
104
104
105
103
103
106
108
105
106
111
112
112
114
113
113
113
113
113
111
110
111
112
112
113
114
114
113
113
112
109
109
109
110
110
111
111
111
111
110
110
108
108
108
109
109
110
110
111
109
108
107
108
108
106
105
104
104
105
106
106
108
109
110
109
110
111
109
110
113
113
112
109
108
