49
50
50
50
50
50
49
51
50
50
51
49
50
51
52
52
53
54
55
55
56
56
57
57
57
56
56
56
56
56
56
56
56
57
58
59
59
58
58
58
58
58
61
61
61
61
61
61
59
62
64
62
60
59
60
60
59
58
60
61
61
61
61
62
63
65
65
64
62
62
62
62
61
61
62
62
61
62
62
60
59
56
58
60
58
61
59
60
60
59
60
58
57
56
57
58
60
59
60
60
60
61
62
62
62
67
67
68
68
68
67
66
69
69
68
70
69
71
72
74
74
74
73
73
71
72
71
71
71
69
68
66
66
66
68
69
69
69
70
68
69
72
71
72
73
73
74
75
75
74
75
75
74
73
75
74
75
73
74
73
74
76
77
78
78
76
78
77
74
75
76
76
77
78
79
79
81
80
80
79
79
78
78
78
76
75
76
75
76
74
73
74
74
74
75
75
76
77
77
78
80
82
82
82
81
81
81
80
82
84
85
85
85
83
83
83
82
81
81
82
84
84
84
85
84
84
85
86
83
82
82
84
84
85
83
84
83
83
84
85
84
84
80
79
79
80
75
76
75
75
76
75
79
79
80
80
83
82
83
82
82
81
82
82
80
81
80
81
81
82
79
78
80
79
79
77
75
75
78
76
76
73
71
73
71
71
70
71
74
74
72
68
70
70
74
68
69
70
71
71
71
72
74
71
71
72
72
73
74
75
73
74
73
72
72
74
75
75
76
74
73
74
74
74
76
76
78
76
77
76
77
78
80
81
81
80
81
81
80
80
80
80
82
85
86
86
86
87
87
86
86
89
90
90
88
84
86
88
90
88
87
85
84
85
86
88
87
86
87
88
89
88
87
87
86
86
86
85
87
87
87
88
90
90
92
91
92
91
92
95
96
94
95
96
96
95
94
94
94
93
94
92
91
90
93
93
94
93
92
94
96
94
93
95
95
93
94
96
94
92
95
92
91
88
85
85
88
89
93
95
96
100
103
104
105
105
109
107
107
107
106
107
107
108
108
108
108
103
105
106
106
108
109
111
111
113
114
114
116
114
114
117
116
118
117
114
116
110
110
115
118
113
113
106
111
114
114
114
113
113
112
112
117
115
115
119
118
122
119
123
122
123
124
124
123
123
120
119
120
120
116
117
120
118
119
120
119
116
116
117
118
121
124
124
123
123
123
123
120
117
120
120
118
118
119
118
118
119
120
121
124
128
126
123
122
115
118
120
119
115
115
114
113
113
115
116
117
117
116
118
115
114
115
116
115
116
119
115
113
110
108
111
109
108
110
114
114
112
114
114
115
115
116
117
116
116
116
115
116
115
115
114
114
112
111
111
110
111
112
112
110
111
113
112
117
118
119
120
120
119
116
115
117
119
118
120
119
117
118
120
121
133
132
134
135
135
136
138
134
133
134
136
132
133
132
132
132
133
128
130
130
130
131
130
129
132
129
127
123
104
119
116
121
122
123
115
118
120
116
120
125
121
123
124
123
124
124
124
123
117
118
117
116
107
104
108
110
111
118
116
113
116
118
119
117
115
113
118
117
119
118
117
118
120
124
126
128
125
124
127
127
122
119
116
114
114
112
109
108
110
111
116
115
114
113
113
113
113
110
110
112
107
110
108
111
111
110
109
111
114
116
111
111
111
120
121
121
120
121
120
117
118
116
114
113
110
104
107
101
102
105
102
108
108
109
107
108
102
97
100
99
98
99
102
96
97
102
100
101
104
106
106
103
104
104
101
103
103
103
102
104
104
103
102
103
103
101
101
102
99
97
97
97
98
100
103
99
100
99
100
99
100
102
100
103
108
109
107
103
106
108
107
107
108
106
107
110
110
111
108
105
106
103
103
103
101
101
101
103
103
101
100
100
101
100
100
100
101
102
104
105
106
107
104
106
108
108
107
107
106
105
103
101
101
100
100
100
100
97
100
97
96
96
98
99
99
101
100
104
104
106
104
104
103
102
103
102
103
106
108
107
106
106
110
111
112
115
114
117
117
115
114
114
113
113
114
114
112
112
112
113
114
114
111
108
109
108
107
107
107
106
107
106
107
104
106
105
106
107
109
108
109
110
111
109
106
108
106
103
104
104
105
105
104
104
104
102
100
101
99
100
100
100
100
100
98
98
102
104
104
102
104
103
101
105
107
116
120
119
119
120
120
120
122
122
125
118
121
120
121
123
120
119
118
117
115
113
114
113
113
115
116
117
117
117
118
116
118
119
118
117
117
116
119
118
120
120
120
120
117
117
116
115
115
114
113
113
113
115
112
113
112
116
116
116
116
116
116
116
117
116
116
117
120
119
121
119
120
118
118
122
125
124
122
123
122
122
123
126
124
124
125
127
127
126
127
124
123
124
122
125
124
124
124
125
124
125
124
124
126
126
125
125
124
124
124
123
124
124
124
126
122
124
124
124
124
124
124
122
119
120
119
120
119
119
118
117
118
116
116
118
118
117
116
115
115
117
120
118
117
118
117
118
119
120
121
121
123
125
127
133
134
134
134
131
134
132
131
131
132
132
133
132
133
134
135
134
135
135
135
136
138
139
137
138
134
135
136
135
136
136
136
137
134
135
130
132
134
132
131
127
127
128
130
130
131
131
131
132
135
139
138
140
140
141
141
141
142
141
142
143
143
143
144
143
144
145
144
142
143
146
146
146
143
140
140
139
139
140
138
136
138
139
137
124
122
123
120
99
100
99
102
102
101
98
100
102
103
101
102
102
102
99
101
103
105
104
105
105
104
104
104
104
100
103
102
103
102
104
110
108
109
108
109
110
108
108
108
103
106
107
105
104
105
106
110
106
106
104
105
106
105
107
103
102
102
100
103
105
106
105
105
103
102
101
100
100
93
96
