59
60
60
59
59
58
58
58
58
58
58
57
56
57
57
57
57
58
57
57
57
57
57
59
59
59
59
59
58
58
58
59
59
59
60
59
59
58
58
59
60
60
61
59
59
57
57
57
57
57
57
58
58
58
58
59
59
59
60
60
60
57
57
56
56
56
57
58
58
58
58
60
59
59
60
58
58
57
57
57
56
56
57
56
56
57
56
57
57
57
57
56
55
55
55
55
55
56
57
56
56
57
58
58
58
59
59
58
60
61
60
61
61
61
60
59
59
59
59
59
60
61
60
60
56
56
57
57
57
56
56
56
56
56
56
57
57
58
58
58
58
58
57
57
57
58
58
59
59
60
60
60
60
61
62
62
62
62
62
61
61
60
60
59
59
58
57
58
58
58
58
59
59
59
59
60
60
61
61
61
61
61
61
61
60
60
61
61
59
60
60
60
59
59
60
60
60
60
58
58
58
59
59
59
59
59
58
58
58
58
58
58
58
57
57
57
56
56
56
56
57
57
57
57
57
58
58
58
58
57
57
56
57
57
58
58
58
59
59
60
59
59
57
57
57
58
58
58
58
53
53
53
52
53
54
54
54
55
54
54
54
54
53
52
52
52
52
52
52
52
53
52
53
52
53
52
51
51
51
50
50
51
51
51
51
51
52
53
52
53
53
52
52
52
53
54
55
56
56
56
57
57
58
59
57
57
57
59
59
59
58
58
58
58
58
59
59
59
59
59
59
59
59
59
60
60
59
60
60
60
60
59
60
60
61
61
62
62
62
62
62
62
63
64
64
64
63
63
64
63
64
64
64
64
64
64
63
63
64
64
64
65
64
65
66
66
66
66
66
66
68
68
67
68
68
67
67
67
67
67
68
68
68
67
68
68
69
69
69
69
69
68
68
68
68
67
67
68
68
67
67
67
67
67
67
68
68
68
67
66
66
66
66
66
66
65
67
67
66
65
66
65
64
65
65
66
67
68
69
70
70
71
70
72
74
71
70
69
69
71
71
72
71
72
72
72
73
73
73
72
71
73
73
73
73
74
73
73
74
75
75
74
74
73
72
72
73
72
72
73
74
76
77
77
77
76
76
76
75
73
72
70
71
73
72
73
73
73
73
74
73
73
75
74
74
74
73
73
72
75
72
71
71
70
71
71
72
72
72
71
71
72
73
73
74
74
74
74
75
74
74
74
74
73
72
73
74
75
75
74
75
76
76
76
75
73
73
73
73
73
72
71
71
71
71
72
72
70
71
70
69
69
70
70
70
71
68
66
65
64
65
66
66
64
64
66
65
65
65
65
65
65
65
65
64
64
63
63
63
62
62
62
62
64
63
64
63
64
64
64
63
64
64
64
65
65
65
64
63
63
62
62
63
63
62
62
63
63
63
64
65
64
63
63
63
64
65
65
64
64
65
70
69
70
70
71
71
71
70
70
69
69
69
69
69
70
70
70
68
65
66
66
68
68
67
66
67
69
67
69
70
68
69
69
69
69
70
68
68
68
67
67
68
69
68
68
68
67
69
70
70
70
71
72
72
72
71
71
71
72
72
72
73
73
72
71
68
69
69
70
70
69
69
68
68
69
68
67
67
67
68
68
69
69
68
68
69
69
68
65
63
62
63
62
61
61
61
62
62
64
64
64
63
63
64
64
63
64
63
62
61
62
62
64
63
63
62
63
63
62
64
63
64
65
63
63
64
64
63
64
64
65
66
67
68
69
70
68
69
70
71
71
71
71
69
69
70
70
70
71
71
71
71
71
71
71
72
72
73
72
73
73
74
74
73
73
73
74
74
75
74
74
74
73
73
73
72
72
72
73
73
73
73
74
75
75
74
75
75
72
71
71
71
71
71
72
71
72
74
73
73
73
72
72
73
73
74
74
74
75
75
75
75
75
74
73
74
73
73
74
74
73
73
72
72
72
73
72
72
72
70
71
72
74
73
75
75
75
75
74
72
72
73
73
72
71
71
72
71
71
72
72
68
68
69
70
69
69
69
69
70
69
69
69
69
70
69
70
70
69
69
70
70
69
69
69
69
69
70
71
71
70
70
70
68
69
68
67
67
68
68
69
69
69
69
70
70
70
71
70
71
71
70
70
70
71
71
70
71
68
69
69
69
68
69
69
66
67
68
68
68
68
69
69
69
71
70
72
73
74
74
74
74
74
75
74
74
74
74
74
75
75
75
74
76
76
77
77
77
77
77
76
74
73
75
74
74
75
75
75
74
74
74
73
73
74
74
73
73
73
74
73
74
74
74
73
74
75
74
76
77
77
75
75
75
75
75
76
76
76
77
77
77
78
78
79
79
79
79
80
80
81
81
81
79
79
79
79
79
79
79
79
78
78
79
79
79
78
78
77
77
77
77
77
78
77
77
77
76
76
76
76
74
75
76
76
76
77
77
78
73
73
73
73
73
73
73
73
73
71
71
70
70
69
69
69
68
68
67
68
68
68
68
67
67
67
68
67
67
67
67
67
68
69
69
67
69
70
70
68
67
67
67
68
68
67
68
69
70
68
68
68
68
69
69
69
68
69
70
64
65
66
66
67
66
65
65
66
65
65
66
67
66
67
66
67
66
67
68
68
67
67
67
67
67
67
70
71
72
73
71
71
72
73
73
74
73
73
72
71
72
72
73
73
73
73
74
75
76
75
76
77
76
75
76
77
78
77
77
79
78
77
76
77
78
79
79
78
80
80
80
78
81
80
80
79
79
80
80
80
80
80
80
80
79
79
79
79
79
80
80
81
84
87
88
87
86
87
87
88
88
88
88
86
87
87
87
87
87
89
89
90
90
90
89
90
90
89
91
91
92
94
94
93
93
94
95
95
95
97
97
96
96
92
91
91
91
89
90
