80
81
80
81
80
79
80
79
78
79
84
84
87
87
86
86
87
88
91
90
89
89
91
90
90
89
100
101
104
103
104
103
103
104
105
104
104
102
103
105
105
104
104
104
104
104
105
104
103
104
104
105
103
101
102
101
100
102
104
105
105
109
109
110
110
111
114
115
115
113
112
114
111
113
115
113
113
111
113
111
115
114
113
115
112
113
112
111
118
117
118
118
114
119
119
118
120
124
124
123
124
129
128
129
125
126
125
125
124
124
125
126
128
129
128
128
127
127
126
125
126
128
132
131
126
130
128
127
127
126
124
123
123
123
124
123
125
123
122
121
119
121
123
123
124
125
125
127
127
129
129
130
129
130
132
134
133
133
132
135
136
133
135
134
133
132
132
133
132
134
136
135
137
139
139
138
138
137
137
136
138
139
137
144
135
135
139
136
131
129
128
128
127
127
129
128
129
130
129
127
131
135
134
136
136
135
132
129
129
129
128
128
132
131
133
131
132
131
130
130
131
131
132
132
134
134
137
135
134
135
138
136
136
136
135
138
136
135
134
134
135
132
131
138
136
138
137
138
137
139
138
137
138
138
138
125
129
128
131
131
132
125
123
122
122
124
125
126
128
127
129
128
128
127
127
126
128
127
126
126
127
127
126
125
123
123
123
124
128
126
126
123
119
122
123
121
119
120
119
117
121
124
128
129
130
132
139
135
135
138
137
138
139
140
137
139
137
136
136
137
136
139
139
139
139
141
143
144
144
143
147
147
147
149
148
148
148
149
149
148
149
148
149
149
152
152
151
152
153
156
159
160
163
163
161
159
161
163
163
163
164
162
164
163
164
162
164
164
163
162
162
161
156
153
156
154
154
152
152
152
153
155
161
156
158
156
156
157
156
156
155
156
157
157
159
160
158
158
157
157
157
158
157
160
162
162
163
162
161
156
155
154
156
155
151
149
150
153
152
152
154
151
148
145
142
141
142
144
150
153
153
157
157
157
157
152
158
159
161
160
159
160
156
147
147
150
153
153
155
155
158
162
161
165
168
168
170
169
169
168
168
167
165
166
164
162
163
161
161
163
162
164
166
168
168
168
169
169
167
166
161
157
158
163
163
165
160
158
160
161
155
156
159
159
159
158
151
151
151
155
159
165
176
172
173
176
176
177
176
176
175
175
176
176
177
182
182
180
185
187
187
184
183
183
181
184
192
192
189
188
188
190
189
188
188
183
182
181
196
192
190
189
193
188
191
191
192
190
190
189
188
187
184
187
185
183
186
183
182
190
182
188
188
186
184
186
181
178
178
178
178
181
181
181
178
179
176
180
178
176
179
178
177
170
171
173
172
174
172
173
172
171
171
170
171
171
171
170
169
168
171
169
173
174
171
175
173
174
174
178
179
176
182
184
186
188
185
187
185
184
182
184
183
189
187
183
195
189
182
185
184
181
180
180
183
185
191
186
180
168
174
176
179
180
181
181
179
181
181
186
189
185
183
184
184
189
189
191
192
193
193
190
187
183
172
169
177
180
184
187
187
184
187
186
185
187
184
186
187
186
186
177
180
183
184
181
183
193
193
186
189
190
189
189
190
193
191
190
186
186
185
189
188
186
186
186
186
188
188
189
187
181
184
187
186
185
181
179
177
179
184
182
179
187
182
182
181
183
185
184
181
177
173
171
175
175
176
175
168
168
167
166
170
172
175
173
172
167
169
170
174
174
178
160
166
160
165
159
162
170
170
172
171
174
176
173
178
184
181
181
183
182
185
184
185
184
187
187
187
186
187
198
200
201
202
204
202
199
201
205
204
203
205
203
204
202
205
203
200
202
202
202
202
202
205
199
198
197
208
209
207
208
212
216
210
212
211
213
213
216
219
213
207
204
225
226
227
232
224
227
223
217
220
222
226
227
225
221
218
222
220
223
229
222
223
222
224
220
222
223
219
215
218
220
227
229
232
231
232
237
238
240
240
239
240
235
234
233
235
241
243
242
240
237
239
236
238
236
237
238
235
237
256
253
257
259
260
256
257
254
253
253
252
252
253
252
252
255
267
269
280
273
276
266
264
267
262
266
266
266
264
266
276
276
275
273
275
275
269
270
267
269
267
269
268
262
258
256
258
258
260
261
260
256
257
260
257
249
245
251
250
249
268
242
255
258
259
271
269
272
263
260
262
264
264
265
272
273
276
272
280
274
273
268
272
276
285
280
281
280
284
288
293
289
288
291
291
291
292
293
291
292
290
287
290
296
297
297
297
298
297
294
306
303
308
307
310
309
333
333
323
323
324
326
325
328
323
324
326
325
325
322
322
320
324
324
323
326
324
327
326
326
325
324
321
324
323
323
326
323
324
325
325
325
326
325
321
320
325
324
322
324
325
327
328
328
332
332
338
330
330
331
335
332
330
330
335
336
340
342
346
346
350
346
339
335
325
325
330
323
325
325
325
322
322
319
314
315
316
317
320
330
334
336
340
346
348
355
344
344
345
339
331
336
343
337
337
342
338
334
334
335
332
331
331
339
338
338
329
334
332
333
337
341
343
341
342
341
345
346
345
350
349
349
354
365
399
393
386
385
385
385
380
388
399
400
399
401
399
401
392
393
398
396
390
391
391
387
388
395
399
392
394
404
395
395
381
381
382
376
370
368
366
366
360
358
360
360
360
360
365
364
369
372
370
368
366
364
363
355
358
363
357
352
354
350
345
339
322
315
318
324
336
341
335
338
350
343
336
338
338
341
337
334
341
341
339
338
334
328
322
327
328
322
330
333
331
322
328
327
332
331
329
332
324
323
317
318
331
337
341
334
335
338
354
357
352
354
357
354
350
357
352
359
356
367
366
368
370
376
376
375
376
375
376
380
392
366
367
