62
62
62
62
62
61
57
61
59
59
59
58
58
59
58
58
58
59
60
59
60
60
61
62
62
62
62
63
62
62
62
62
62
63
62
65
64
64
63
64
65
65
65
66
66
66
66
64
64
65
65
66
66
66
66
66
66
66
68
67
67
67
68
68
69
68
68
68
67
68
67
68
68
68
68
69
69
69
68
67
67
66
68
69
69
70
69
69
69
68
70
68
70
71
71
71
72
72
73
73
72
73
74
74
75
76
77
76
76
75
76
78
78
79
79
78
78
77
78
76
78
77
77
78
78
79
79
78
79
79
77
77
77
77
78
78
79
79
79
78
78
79
79
79
80
81
81
81
82
82
83
84
84
84
81
78
78
78
79
79
78
77
77
78
78
78
78
78
77
78
79
79
79
79
80
77
75
76
76
74
73
74
74
74
77
77
79
79
80
81
79
81
81
81
82
83
84
84
85
86
86
87
88
88
88
87
87
86
86
85
88
87
86
85
85
84
84
84
85
85
86
86
86
87
87
87
87
86
87
86
88
88
90
89
89
90
90
89
90
90
89
89
87
87
85
87
87
86
85
84
86
80
77
77
77
76
76
78
78
77
77
77
79
78
78
78
79
79
80
80
79
79
80
79
80
78
77
78
78
80
84
82
82
80
80
78
80
84
83
82
83
81
81
82
82
79
78
78
78
73
76
76
77
78
79
79
78
78
83
82
82
84
84
85
86
87
88
88
88
87
88
88
89
89
89
89
90
90
90
90
90
90
90
90
90
90
90
91
90
91
90
90
91
92
92
91
90
92
92
92
92
92
93
93
92
92
92
92
94
94
94
95
95
96
96
97
97
95
96
97
95
90
94
91
92
91
91
89
91
90
91
91
93
93
93
94
94
94
93
94
94
94
95
95
94
95
96
96
96
96
94
94
92
92
94
94
96
95
94
93
95
92
91
91
91
89
90
91
89
89
91
90
90
89
86
88
89
89
91
93
93
92
93
91
102
94
99
100
100
102
100
101
99
102
102
102
103
102
103
104
102
103
103
102
102
102
103
103
104
104
103
103
103
104
103
102
103
101
100
103
106
104
106
105
104
104
104
104
104
102
102
104
105
109
109
107
106
108
107
108
108
111
112
110
109
110
109
109
107
108
108
111
112
111
112
113
116
115
114
115
116
116
119
121
121
121
122
121
122
119
122
122
121
121
121
121
122
123
125
125
127
129
128
129
130
126
127
131
129
130
130
130
133
130
131
132
134
133
133
134
132
132
131
131
130
131
131
131
131
126
126
126
126
126
125
127
129
128
132
132
132
132
134
134
133
133
136
135
135
136
141
143
142
140
138
139
139
139
140
139
136
156
154
156
156
166
163
165
166
169
164
166
164
163
159
159
153
152
158
157
155
156
156
154
153
153
151
157
151
145
147
146
147
144
144
143
145
147
147
146
145
144
143
143
143
146
148
149
145
127
140
136
138
138
137
139
140
140
140
140
142
139
137
140
140
141
143
141
142
142
141
140
142
137
133
133
135
132
140
139
137
136
133
136
138
139
137
140
140
142
143
136
130
133
133
137
136
136
135
134
132
130
132
132
133
134
131
131
132
133
134
130
129
133
133
135
134
135
135
139
139
138
141
137
136
137
138
141
142
142
141
143
144
145
146
147
146
147
148
146
145
146
143
141
142
139
135
139
135
137
136
139
139
138
138
137
135
132
130
133
133
132
131
134
132
124
129
128
129
132
135
136
137
135
136
137
138
140
140
141
138
140
140
138
140
141
140
142
144
144
143
142
138
139
138
139
137
138
137
139
138
137
137
141
135
133
133
130
132
136
137
136
136
138
140
141
141
142
140
141
138
139
139
138
137
135
137
131
132
133
131
128
128
130
130
129
130
128
127
126
130
129
129
128
128
129
130
129
129
130
129
127
126
128
126
129
128
128
128
129
127
127
124
126
128
128
128
127
129
128
130
128
130
131
130
133
133
131
132
142
146
140
139
138
129
129
127
124
125
129
128
129
127
128
127
133
132
131
132
132
133
134
133
131
130
128
128
128
129
128
128
127
127
127
128
129
127
126
129
132
132
132
133
129
131
130
132
132
131
130
128
128
127
127
127
127
125
122
122
121
120
124
124
123
124
124
124
124
123
122
120
116
120
118
123
126
127
136
135
134
136
138
137
140
138
137
140
140
139
137
138
134
135
134
136
137
137
137
134
133
135
133
135
138
138
137
137
137
138
140
138
136
134
136
139
141
141
141
141
142
144
146
145
141
145
144
145
147
148
148
147
145
147
150
149
149
147
147
148
148
147
145
146
147
144
144
146
148
147
147
150
150
152
151
151
153
152
153
153
152
153
154
154
152
152
152
150
150
149
144
146
148
148
148
147
149
151
150
151
152
151
151
150
151
151
151
152
155
156
155
157
157
156
157
158
158
158
159
161
162
162
163
164
162
162
160
159
160
160
159
161
163
162
161
161
162
164
165
164
166
168
167
166
167
167
168
168
169
170
170
170
171
170
169
168
168
167
168
168
169
168
169
170
172
172
173
174
174
172
174
174
174
175
173
173
172
174
173
173
176
178
173
176
176
177
176
176
177
180
180
178
177
178
180
180
180
180
180
180
180
183
182
185
182
185
185
186
185
187
186
186
186
182
182
182
183
182
184
184
187
188
189
192
191
191
190
189
188
188
184
186
185
188
189
189
192
193
193
196
199
202
199
198
206
199
202
205
205
200
198
198
197
197
197
200
199
200
202
201
201
201
201
206
212
211
205
204
204
207
209
209
208
208
205
205
207
208
207
204
203
204
203
206
204
203
206
208
210
208
206
208
213
215
216
220
221
220
221
221
222
222
226
212
214
207
204
203
193
196
