44
45
45
45
45
45
45
45
45
45
45
44
45
45
45
45
45
46
46
47
46
47
47
47
47
46
46
46
46
46
47
47
47
47
47
47
48
48
47
47
48
48
48
49
49
48
48
48
47
48
48
49
49
49
48
48
49
48
49
49
49
49
49
49
49
50
50
50
49
50
49
48
48
47
48
48
48
48
47
47
46
46
46
47
46
46
46
46
46
47
47
46
46
45
45
45
46
46
46
46
45
47
47
48
48
49
49
49
50
49
49
50
49
50
50
48
49
49
49
49
49
50
50
49
49
49
49
48
48
49
48
48
48
47
47
47
48
47
46
46
46
46
46
46
46
46
46
47
47
47
44
47
47
47
47
47
47
47
47
47
47
47
47
47
47
47
47
47
47
48
48
48
49
49
49
50
50
50
50
50
50
50
50
51
51
50
50
50
50
50
50
50
50
50
51
51
51
51
51
51
52
53
53
53
53
52
52
52
52
52
52
52
52
51
51
51
51
51
51
52
52
52
54
52
52
52
52
52
51
51
51
51
51
51
51
51
51
50
51
51
51
50
49
49
49
49
48
49
48
47
46
45
46
46
46
46
47
47
47
47
47
47
47
47
46
47
47
47
47
47
48
48
48
47
48
47
47
47
47
47
48
48
48
48
48
48
48
48
48
48
48
48
47
48
48
47
48
48
49
49
49
49
49
50
49
48
48
48
49
49
49
49
49
49
49
49
49
49
49
48
48
49
49
49
49
49
49
49
49
49
49
49
49
49
49
49
49
49
49
48
48
49
49
49
49
48
48
48
48
48
48
48
48
48
48
48
48
48
48
48
48
48
48
48
49
48
48
48
48
48
47
46
46
46
46
46
47
47
47
47
47
47
48
48
48
48
48
49
49
49
48
48
48
48
49
48
48
49
48
48
48
48
48
48
48
48
48
48
48
47
48
47
49
47
47
47
47
48
47
47
48
47
47
46
46
45
46
47
47
48
49
48
49
49
49
49
50
50
51
51
51
51
51
51
51
51
51
51
51
51
51
51
52
51
50
51
51
51
51
51
51
51
52
52
52
51
51
50
50
51
52
51
55
52
52
52
52
53
52
51
51
51
52
52
52
52
51
51
51
52
51
52
53
52
52
52
51
51
51
52
52
53
52
52
52
52
52
52
52
52
52
52
53
53
53
53
53
53
53
53
52
53
52
52
52
52
53
53
52
53
54
54
55
54
54
53
53
53
53
53
53
53
54
53
54
54
54
53
54
54
53
53
53
52
52
52
53
52
51
51
51
51
51
51
51
51
51
51
51
51
51
51
51
51
51
51
51
51
51
51
51
50
51
51
51
50
50
50
51
52
50
50
51
51
52
51
51
51
51
51
50
50
51
53
52
52
52
53
54
54
54
54
54
54
54
54
54
54
53
53
53
54
54
56
55
55
56
56
55
56
55
56
56
56
57
57
57
56
55
51
53
52
53
53
52
51
52
53
52
53
54
53
53
53
53
53
54
53
53
53
53
53
54
53
53
54
54
53
55
55
55
55
56
56
57
56
56
57
57
58
58
58
59
59
59
59
61
61
61
61
60
61
61
61
60
61
60
60
59
60
60
61
61
61
61
62
61
61
61
61
61
60
61
61
61
60
59
59
60
60
61
59
58
58
60
59
60
60
60
60
58
58
57
56
56
56
56
57
56
55
56
55
55
55
55
54
55
55
56
58
58
57
57
59
60
60
62
60
61
62
63
62
62
63
63
62
63
64
64
64
64
64
64
64
64
64
64
65
66
65
65
65
66
65
65
65
65
65
65
66
66
65
66
65
65
65
65
65
65
66
66
66
66
66
66
65
64
64
65
66
66
66
66
66
66
66
66
67
68
68
67
68
68
68
67
67
68
68
68
69
69
69
70
69
69
69
69
69
70
70
70
70
70
70
69
69
70
70
71
71
69
70
70
72
73
75
75
74
76
76
76
77
76
77
77
76
75
75
75
74
75
75
75
75
75
75
75
75
75
75
76
76
76
76
76
76
76
75
75
76
76
76
76
76
77
76
78
77
77
78
78
77
77
77
75
76
76
75
75
75
75
75
76
76
74
75
75
76
75
75
75
74
74
74
75
75
75
75
76
76
76
75
75
73
72
72
73
71
70
70
71
70
69
69
69
69
70
71
71
72
72
73
72
74
75
76
75
76
77
77
77
77
77
77
77
77
78
78
78
79
78
77
77
76
77
77
76
76
77
77
76
76
76
76
76
76
75
74
74
75
70
70
70
71
70
70
70
70
71
71
71
70
71
69
71
71
71
71
70
70
71
72
72
73
73
73
73
73
73
74
73
74
75
74
74
73
73
73
74
74
74
74
75
75
75
75
72
73
73
71
72
72
72
72
72
71
72
71
70
70
71
71
71
71
71
71
70
70
71
72
72
72
73
72
71
71
71
71
71
70
69
69
69
69
70
69
69
69
69
70
70
70
70
70
70
70
71
71
70
70
70
71
72
73
73
73
74
73
73
72
72
72
71
72
72
73
73
73
73
73
72
73
72
72
72
72
73
72
72
73
74
74
76
76
75
75
76
76
77
82
81
80
80
79
80
80
80
80
79
79
77
77
77
77
77
77
78
77
77
77
77
77
75
75
73
76
76
76
76
76
76
76
76
76
76
76
76
77
77
77
76
77
77
78
78
77
76
77
77
76
77
77
76
76
77
77
76
76
76
75
71
70
70
71
72
72
73
73
73
73
73
73
74
74
74
73
74
73
73
73
73
74
75
75
75
76
75
74
74
74
74
75
74
73
75
74
74
74
74
74
74
75
75
75
73
73
74
74
74
73
72
73
74
75
75
75
75
76
78
77
77
77
76
77
77
77
76
72
72
