81
81
81
81
81
82
82
82
82
82
83
83
83
84
84
84
84
85
84
84
84
85
84
84
84
84
84
85
85
86
87
86
87
87
89
89
89
87
87
87
87
87
88
88
88
88
89
89
89
89
89
89
88
87
87
86
83
85
86
86
86
86
86
86
86
86
88
88
88
87
87
86
86
86
87
87
85
85
83
83
84
83
84
85
84
85
84
85
86
86
86
84
82
82
82
83
84
84
84
84
83
84
84
85
85
86
85
86
87
87
86
87
86
86
86
85
85
86
86
86
87
85
85
85
85
87
86
86
86
87
85
84
84
84
84
84
84
84
83
83
82
83
83
83
83
82
82
84
84
84
84
84
85
84
84
84
82
83
84
82
83
82
82
82
83
83
81
81
81
83
83
84
84
84
84
85
86
86
87
87
88
88
89
90
90
90
90
89
91
92
90
90
90
91
92
93
94
92
92
93
94
93
93
93
93
93
92
93
93
94
96
96
95
95
94
94
93
92
93
93
93
93
93
93
93
94
93
92
92
92
90
89
89
89
90
90
89
90
91
90
89
89
88
87
88
88
87
89
86
85
85
85
85
86
87
86
87
88
87
87
87
87
87
87
86
87
87
87
87
87
87
86
87
86
87
87
88
88
88
87
88
88
88
88
88
88
88
88
88
88
89
89
89
90
89
89
89
89
90
90
90
90
89
89
89
90
92
91
89
89
89
87
87
88
88
89
88
89
89
88
88
88
89
88
88
88
88
89
89
89
89
88
89
89
89
93
92
91
90
90
90
90
91
92
92
91
91
91
91
92
91
91
92
92
92
92
92
93
93
93
93
92
92
91
91
90
90
90
89
90
89
88
87
89
86
86
88
87
88
89
89
89
89
88
89
89
89
89
89
89
89
89
89
89
89
89
89
89
89
90
90
90
89
90
90
90
90
95
95
95
95
95
95
96
96
96
96
97
96
97
98
98
97
96
97
96
97
96
98
99
100
99
99
99
98
98
100
100
100
102
101
100
101
101
101
102
102
100
101
101
101
101
100
99
100
100
100
101
100
100
100
99
99
99
100
100
100
100
101
103
104
104
105
106
105
105
105
106
104
104
104
104
106
107
107
107
106
108
107
110
109
109
110
108
107
109
108
109
107
108
112
109
108
107
107
108
108
108
109
109
110
109
109
109
109
109
109
109
110
110
110
110
109
109
108
108
109
109
109
109
110
110
111
112
112
110
110
110
110
110
110
112
111
111
111
111
110
111
111
110
110
109
109
109
109
109
109
108
108
107
107
107
107
106
107
108
107
107
107
108
109
109
110
110
110
110
110
109
109
109
108
108
107
107
106
106
105
106
107
106
105
105
105
106
107
107
107
107
106
106
106
105
104
107
106
106
108
110
107
108
109
109
110
111
110
111
110
111
110
110
111
111
111
112
111
115
117
119
119
118
116
117
117
117
117
117
117
116
115
109
111
109
111
111
111
109
110
111
110
111
112
109
109
110
110
112
114
113
114
114
114
114
115
116
114
116
116
114
118
118
119
119
120
121
120
121
121
121
122
122
122
123
124
123
122
122
122
123
125
125
125
124
124
122
122
123
123
122
121
122
122
124
125
124
125
125
125
126
125
127
127
126
129
129
130
128
126
126
128
130
131
131
128
128
128
128
128
129
129
128
125
126
126
125
126
127
128
129
128
126
128
126
125
127
126
125
126
124
127
129
131
130
132
125
124
126
129
127
128
128
128
129
128
129
128
128
130
131
128
127
125
126
126
125
123
126
126
126
126
126
126
127
128
127
127
126
127
127
128
128
128
125
127
128
128
129
129
129
128
128
126
127
126
127
126
125
121
122
124
124
124
124
125
130
129
130
129
131
132
133
133
133
132
132
129
128
130
129
129
130
129
130
130
129
130
130
130
130
129
130
130
132
131
133
132
133
133
133
133
134
133
135
137
137
136
139
138
140
138
137
138
137
137
137
137
137
136
137
135
135
134
134
134
131
130
131
131
132
132
134
132
132
133
134
134
133
132
132
131
131
131
131
130
131
131
131
131
131
131
131
132
132
129
126
123
124
123
122
123
122
123
124
125
126
126
126
126
126
125
125
124
122
121
123
123
122
121
122
123
122
123
122
121
120
119
119
119
119
118
119
120
117
115
115
114
114
113
115
112
113
114
114
114
114
115
115
116
116
117
118
118
115
114
115
114
114
115
114
115
116
117
116
119
119
119
119
119
121
121
122
120
121
121
122
122
122
123
121
119
119
119
120
121
121
122
120
121
122
121
121
121
120
120
121
122
126
124
126
127
127
127
127
128
128
131
134
135
136
135
136
136
136
137
137
136
136
136
137
137
138
138
138
139
138
138
138
138
137
138
137
137
137
136
135
135
135
135
134
133
133
133
134
135
134
135
135
135
136
134
135
136
134
134
134
134
129
132
132
133
132
132
133
132
132
133
131
131
131
132
132
132
133
135
135
135
136
136
136
137
137
137
137
137
137
138
139
140
140
141
140
139
139
139
139
138
136
134
133
134
134
134
134
134
132
131
131
131
131
131
131
130
132
132
133
134
134
133
135
133
134
135
134
135
135
134
135
135
135
136
137
137
138
139
138
139
137
138
137
137
138
139
137
138
136
136
134
135
136
134
134
136
137
138
136
131
130
131
131
129
130
132
130
130
132
129
129
128
129
131
131
131
132
132
130
130
128
128
126
127
128
127
126
129
128
129
128
128
130
131
130
132
135
135
133
134
134
135
135
135
135
136
137
139
139
140
143
144
145
144
145
145
145
146
148
149
148
149
149
149
150
150
149
149
149
146
145
146
145
146
145
144
142
141
143
144
144
144
144
144
142
145
142
141
142
142
135
130
126
131
