35
35
35
35
35
35
35
35
35
34
35
34
34
34
34
34
35
35
35
36
36
37
36
37
37
36
36
36
36
36
36
36
36
36
36
36
35
34
34
35
35
35
35
35
35
34
35
34
34
35
35
35
36
36
36
36
36
36
37
37
38
37
38
38
38
38
39
39
40
40
39
39
38
39
40
39
40
40
40
39
39
38
39
39
38
38
38
38
38
37
38
37
38
38
39
40
40
40
40
40
41
41
43
43
42
42
41
42
41
41
41
42
42
43
43
43
42
42
42
42
43
43
43
43
42
43
42
42
42
42
42
42
42
42
42
42
43
43
42
41
41
41
41
41
41
42
41
42
41
41
40
41
41
41
40
40
40
39
40
40
39
39
39
39
39
39
39
39
39
39
40
40
41
41
41
42
42
42
42
42
42
43
43
43
43
43
43
43
44
44
43
45
45
45
45
45
45
45
45
45
45
46
46
46
46
45
45
45
45
46
46
46
46
45
46
45
46
46
46
47
47
47
49
47
47
48
47
47
47
47
47
48
48
48
47
47
48
50
49
50
50
48
47
47
46
47
46
46
44
45
45
46
46
46
46
46
47
48
48
47
47
47
48
48
48
48
48
48
48
49
49
49
50
49
49
49
49
49
50
50
52
53
53
52
51
51
51
52
52
52
52
51
51
51
51
48
49
49
49
49
48
48
49
49
48
48
48
48
48
48
48
48
47
48
48
48
48
48
47
46
46
46
46
46
47
47
47
47
47
48
48
48
49
49
49
51
51
50
50
50
50
50
51
51
51
51
50
50
50
50
50
51
50
51
50
50
50
50
51
51
52
50
50
50
50
49
49
50
50
50
50
51
49
49
49
49
49
49
49
48
49
49
49
49
50
49
50
50
51
51
51
50
50
50
51
51
51
50
50
50
51
51
51
51
51
52
53
52
51
51
51
50
50
50
50
49
50
50
49
49
49
48
47
46
46
43
44
43
44
45
45
45
45
46
48
48
48
48
48
48
48
49
48
49
48
49
49
49
49
48
48
49
48
49
49
49
46
45
46
47
48
48
47
47
46
45
45
44
44
46
46
46
46
47
47
47
47
47
47
46
45
44
44
45
43
43
41
41
42
42
40
41
42
42
42
42
41
42
42
43
44
44
45
46
46
45
46
47
46
46
45
45
46
46
46
46
46
46
46
45
46
46
47
46
46
46
47
46
46
47
46
46
47
46
46
45
45
45
45
45
45
45
46
46
46
46
45
46
45
46
46
46
46
46
46
46
46
45
46
47
48
47
48
48
48
48
48
48
49
49
49
48
49
49
49
49
49
49
49
50
49
48
50
50
50
51
51
52
52
52
51
52
52
52
51
51
52
53
53
53
52
52
52
52
51
51
49
49
50
50
49
49
50
49
47
48
48
49
48
47
47
47
47
48
48
47
48
48
47
48
48
47
47
47
47
47
47
46
44
41
42
41
43
44
43
42
43
43
42
43
44
42
42
42
42
43
43
41
41
41
41
40
42
41
41
41
41
41
42
42
43
43
43
43
42
42
42
43
42
42
43
41
42
43
42
42
45
44
44
45
45
45
47
47
46
47
46
45
45
46
46
47
47
46
46
46
46
47
47
47
46
45
46
44
43
42
42
42
42
43
43
42
41
41
42
42
42
42
42
42
41
42
40
40
40
39
38
39
37
35
36
34
34
34
33
32
33
34
34
34
33
34
34
35
34
32
33
31
32
34
34
34
34
35
35
33
34
35
35
34
35
36
38
38
38
37
37
37
38
38
38
38
39
39
39
39
38
39
38
38
38
38
38
38
37
37
37
37
37
39
40
40
39
39
41
43
43
44
44
45
45
45
45
44
43
42
42
42
43
43
43
42
42
42
43
45
45
45
46
46
47
47
47
46
47
46
46
46
46
46
44
44
43
43
43
42
43
43
43
43
41
39
38
39
40
41
40
39
40
41
42
42
43
44
44
44
44
45
45
45
45
45
46
45
46
45
45
44
45
46
46
46
46
45
45
45
46
45
46
46
46
46
46
46
46
47
47
48
48
47
48
47
47
47
46
46
46
46
47
47
47
47
47
46
47
45
47
48
47
47
47
48
49
49
49
49
49
48
49
48
49
50
52
51
52
52
51
52
52
52
52
52
51
50
52
52
55
55
56
58
58
59
59
61
61
61
62
62
62
62
63
64
65
66
66
68
69
70
70
69
67
68
69
68
69
69
69
69
69
70
69
68
69
69
70
70
70
69
69
70
70
68
66
67
67
66
67
68
69
70
69
68
68
67
68
68
69
68
68
69
69
70
73
73
72
73
72
72
71
71
71
73
75
73
73
73
74
73
73
72
71
72
72
72
71
71
66
67
68
66
66
68
68
69
69
68
69
67
67
68
67
67
66
65
66
69
69
69
71
71
71
72
71
71
71
71
73
72
72
72
71
71
70
71
71
69
67
68
69
69
70
70
69
69
69
69
68
69
68
69
69
72
73
74
73
74
74
75
74
74
72
72
71
72
72
74
73
74
75
75
75
74
75
75
75
74
74
73
73
73
72
72
75
75
73
72
72
74
72
73
74
74
73
73
72
71
71
72
72
71
69
69
69
69
70
71
71
68
69
69
68
69
67
67
64
66
68
69
69
68
69
71
72
73
73
73
74
75
75
76
76
77
76
76
77
77
77
77
77
76
76
76
76
76
78
79
79
80
79
79
79
79
79
78
79
80
79
77
75
76
74
77
78
80
78
79
80
80
80
79
79
81
84
83
86
85
84
83
85
85
85
86
85
84
87
87
87
87
88
88
87
87
87
87
86
87
88
88
89
91
92
93
93
94
95
94
95
95
96
96
95
95
94
95
95
97
93
89
92
