317
321
322
322
316
319
314
313
307
311
317
313
312
315
317
319
323
331
331
328
320
322
319
322
321
317
320
320
322
320
319
319
318
320
327
322
327
324
318
327
337
334
340
330
349
341
340
342
345
367
364
359
363
362
362
365
361
362
368
367
373
362
364
367
370
368
375
375
372
375
377
377
368
367
372
369
371
366
361
356
359
354
361
366
361
369
370
369
370
369
372
364
363
358
361
364
365
363
366
365
375
386
387
388
386
382
384
385
383
380
376
399
405
401
397
400
403
404
406
408
415
415
411
412
405
405
406
404
402
405
402
401
402
407
406
406
404
405
399
402
404
406
410
406
409
409
409
413
417
420
424
428
425
425
427
421
415
418
419
416
418
423
429
426
426
426
430
432
430
432
439
441
441
437
439
481
510
509
515
521
522
527
528
529
521
527
530
535
543
540
528
536
536
535
534
546
547
539
536
535
544
538
532
526
525
522
523
521
518
521
526
526
523
516
519
515
516
510
517
517
536
530
533
537
530
534
530
524
535
529
530
537
542
540
532
534
533
536
532
529
513
495
492
492
490
487
553
550
546
539
543
543
552
548
549
540
552
551
554
551
551
551
557
557
552
562
561
561
585
584
600
590
589
583
589
575
580
582
589
596
616
610
590
573
564
562
571
568
583
579
571
550
540
552
555
528
540
543
545
583
522
508
511
509
507
503
480
489
499
496
504
513
507
495
500
507
510
507
505
499
499
500
496
506
522
522
533
539
547
548
548
549
558
561
568
566
561
572
577
587
593
592
594
595
593
599
596
596
600
596
596
603
600
602
591
589
596
600
602
605
601
591
584
593
650
659
663
658
675
677
678
678
675
678
683
671
678
668
673
678
675
684
682
681
686
681
697
678
679
677
681
676
679
679
684
681
680
678
679
673
670
672
664
656
650
656
666
661
655
658
660
653
656
664
666
661
666
677
667
664
670
659
658
646
641
644
648
643
625
611
613
613
615
631
646
641
644
638
640
651
643
647
648
649
655
666
671
668
656
660
657
667
660
662
657
661
665
660
657
653
666
662
654
657
652
654
658
649
635
655
659
652
670
669
673
676
691
686
686
678
667
668
702
722
719
716
703
709
697
715
704
707
715
715
718
723
716
715
714
716
680
680
677
656
652
666
671
672
674
670
675
671
673
670
670
675
670
665
670
665
667
667
658
657
659
663
668
676
677
669
674
685
686
686
680
662
661
668
654
650
653
648
659
658
654
666
681
681
683
678
679
687
691
655
642
639
640
644
638
632
629
637
632
625
627
636
630
630
636
636
635
633
637
633
628
635
625
623
618
628
615
613
609
606
608
612
607
606
609
605
608
602
600
608
605
618
621
615
614
608
604
603
606
609
600
606
619
622
630
646
658
657
662
658
666
678
695
724
725
726
735
732
737
746
743
742
749
758
752
756
743
741
748
746
744
754
742
741
729
695
722
703
713
725
720
698
714
722
718
731
734
718
721
728
726
735
728
729
729
725
728
730
734
731
708
715
718
717
727
727
714
722
735
735
747
739
719
728
723
717
651
666
658
647
660
657
649
648
610
628
626
617
609
613
623
632
622
614
591
590
584
595
612
534
557
585
584
578
583
583
578
559
517
532
547
564
563
567
560
556
575
554
544
511
490
499
496
494
490
483
469
450
438
415
420
417
416
408
447
441
478
463
470
466
448
442
448
447
456
476
471
460
460
470
455
442
444
444
466
484
495
515
512
515
514
520
514
507
508
514
513
520
529
523
536
513
510
507
509
511
480
494
470
455
462
473
471
474
466
462
469
459
466
461
462
456
451
454
446
443
460
457
468
462
457
461
452
443
445
425
418
423
422
434
437
434
434
435
457
456
457
457
452
445
445
447
449
453
460
458
452
452
445
442
434
440
436
447
433
426
413
400
391
396
393
396
400
399
391
393
397
400
396
396
409
400
395
394
394
393
407
405
411
421
410
405
414
415
420
415
443
432
432
426
429
424
413
402
402
399
402
401
395
395
397
397
398
401
397
394
389
396
397
404
413
420
422
415
416
414
408
431
438
435
423
424
424
415
413
409
403
398
404
409
413
420
420
418
421
423
433
428
426
426
434
438
423
414
411
401
396
394
404
406
416
411
387
369
369
370
360
362
367
375
377
380
372
373
390
399
413
399
396
407
411
410
406
411
407
400
396
397
400
400
380
369
368
369
375
379
377
376
383
391
391
389
394
391
389
390
386
377
379
375
383
392
399
413
413
412
410
406
407
409
409
406
408
419
421
419
416
417
420
420
431
399
396
400
404
416
416
414
420
423
424
429
432
427
419
422
420
423
419
415
411
411
404
407
411
408
405
403
401
401
403
403
406
417
415
410
416
427
437
447
449
455
455
453
450
447
455
452
457
465
471
474
477
479
483
471
475
485
482
473
480
487
480
473
476
472
480
486
490
489
497
492
479
488
485
485
476
483
483
475
477
480
485
478
471
470
461
461
460
462
464
457
456
453
445
425
417
422
416
414
414
416
421
416
418
412
414
413
407
396
398
399
396
395
370
373
356
345
340
354
340
350
351
344
348
352
344
345
338
331
332
322
329
322
323
320
317
311
305
303
302
302
309
310
310
317
317
319
310
318
308
302
305
309
311
310
314
303
303
312
313
313
321
320
315
316
308
302
304
308
309
308
304
308
310
312
328
321
320
316
325
325
322
283
275
281
275
268
272
270
277
273
276
274
273
275
273
278
280
286
284
290
284
280
281
279
275
297
302
302
311
318
316
309
313
315
314
322
319
316
314
310
315
296
293
296
296
295
294
291
294
309
310
314
320
319
323
327
329
328
335
339
340
330
330
330
333
327
330
323
314
314
311
297
274
