118
119
119
120
119
119
119
118
114
113
116
112
113
116
115
114
115
117
117
118
119
120
118
118
117
116
116
117
116
114
114
112
112
114
116
113
112
113
112
113
113
116
118
118
116
111
110
108
106
107
109
108
111
112
112
110
105
104
108
111
111
113
115
114
114
114
114
114
115
116
118
119
115
116
118
116
118
117
120
118
118
116
118
119
117
119
115
117
117
116
117
115
113
109
107
109
108
108
109
110
109
110
111
111
113
116
115
116
118
117
117
117
118
119
118
116
116
116
120
119
123
122
123
122
122
123
123
123
127
128
126
125
125
124
123
124
127
125
123
122
122
124
125
124
127
128
127
130
132
132
133
136
133
132
134
135
135
133
134
134
133
132
132
132
135
132
132
131
130
131
132
131
134
133
133
135
137
138
137
136
138
136
125
128
126
127
129
130
132
132
129
131
132
129
132
132
132
132
131
129
129
131
131
132
133
133
132
130
129
131
130
131
133
130
130
131
133
133
137
137
139
139
139
140
140
140
140
139
140
139
140
140
139
138
137
137
137
139
138
136
134
131
128
127
127
130
127
127
124
126
124
132
134
133
136
137
141
142
141
140
142
144
145
145
145
146
144
145
146
146
147
144
145
142
144
140
141
143
142
142
145
145
144
145
144
144
148
149
149
149
151
147
144
147
148
143
143
143
144
145
146
147
147
148
148
148
151
150
150
151
150
150
149
150
151
151
153
154
152
150
149
150
148
148
148
151
153
152
152
153
153
153
154
156
159
160
160
158
155
156
156
156
156
158
159
157
156
155
155
155
153
155
156
157
156
155
153
153
154
153
153
153
152
152
154
154
153
150
148
146
144
142
139
139
143
139
141
140
142
142
141
142
143
142
142
144
147
146
146
145
145
144
145
145
145
144
143
142
142
141
140
140
138
136
138
137
140
137
135
135
134
134
132
133
131
135
134
136
134
130
134
131
128
126
126
126
132
130
132
135
134
136
136
141
144
146
146
146
143
145
145
147
146
146
146
146
145
145
144
145
142
147
148
149
149
148
146
145
149
150
150
146
146
148
145
143
142
139
139
144
145
143
146
146
146
146
147
146
145
145
142
144
145
146
143
144
139
144
142
142
141
146
146
147
143
143
142
141
140
144
145
138
138
135
135
135
135
137
139
139
140
141
142
142
142
143
142
142
145
145
144
141
140
139
139
139
140
140
140
138
139
138
139
140
139
136
137
138
139
138
138
137
138
136
135
135
136
136
135
137
135
135
136
136
137
136
137
137
137
138
139
141
141
140
139
141
141
141
142
143
143
143
142
141
141
142
141
141
140
139
136
135
136
135
136
136
136
137
137
137
136
136
135
137
136
137
136
135
136
134
133
132
132
132
130
131
130
131
129
130
130
130
131
130
128
128
129
127
127
124
129
128
130
130
129
128
128
128
127
128
129
127
129
128
128
128
127
127
124
113
120
117
120
122
123
119
122
121
118
120
121
119
119
120
120
122
122
119
116
112
113
110
111
109
107
109
108
104
109
111
113
113
114
113
111
110
110
109
108
107
110
109
113
113
101
101
103
104
103
107
107
106
106
106
105
104
100
98
99
99
98
98
99
99
98
100
100
100
97
92
94
92
92
90
90
90
89
87
87
88
87
86
86
86
88
90
89
90
89
89
87
90
88
87
88
87
86
87
85
84
85
82
85
87
85
84
85
87
87
89
90
89
91
96
98
98
101
95
96
98
99
98
96
98
98
96
96
99
98
99
100
99
102
102
104
102
102
103
104
104
104
106
110
110
110
109
107
108
107
111
109
108
110
107
107
106
106
107
107
109
114
115
115
116
118
115
115
116
116
117
117
117
117
115
119
115
113
114
113
115
115
115
112
114
112
110
108
108
109
111
114
113
113
114
114
115
114
116
118
118
117
116
114
114
113
113
116
116
116
117
114
110
107
108
110
112
112
109
111
112
115
117
118
119
120
118
117
117
118
118
118
118
122
123
122
122
122
121
122
123
126
126
126
126
127
127
127
127
125
126
126
126
126
125
126
125
125
126
126
126
121
117
119
119
116
118
117
118
119
120
120
120
122
121
120
120
121
123
125
127
128
128
130
130
129
131
128
126
126
126
127
127
128
126
127
126
125
127
127
127
123
122
122
122
127
130
132
138
137
139
135
137
136
135
136
138
140
141
141
138
140
141
142
144
142
143
146
144
143
142
142
139
139
136
137
138
139
138
138
138
137
137
138
140
139
138
140
138
140
140
139
139
139
141
141
141
142
146
148
147
147
146
148
147
147
146
148
147
150
150
151
152
152
152
151
153
153
153
148
150
150
151
153
151
151
152
152
151
150
152
151
152
155
155
155
155
150
152
152
149
150
151
152
151
152
150
151
150
150
150
149
150
148
146
145
146
145
146
148
150
152
152
151
152
163
159
159
156
155
157
158
159
158
158
157
155
152
153
156
156
155
156
156
156
157
159
160
158
156
157
156
158
159
160
161
158
162
162
163
164
160
159
159
159
160
162
161
162
163
164
165
164
165
166
166
165
166
166
165
165
164
165
168
168
166
166
168
158
158
158
158
159
160
159
158
155
157
156
155
154
151
151
153
152
153
152
153
152
155
158
159
159
160
160
161
162
165
165
166
164
166
167
167
167
167
168
168
169
168
168
168
169
171
171
172
173
173
173
171
173
173
174
175
175
176
178
179
178
177
178
179
177
179
173
174
173
173
172
171
167
169
169
169
167
163
160
161
161
163
161
163
164
165
167
166
165
165
166
169
171
171
169
170
170
171
173
174
175
175
176
176
176
178
178
177
180
182
181
182
182
181
184
185
183
183
187
189
190
189
190
190
192
189
189
188
188
183
174
176
