23
23
22
22
22
23
22
23
23
23
23
22
22
22
22
23
22
23
23
24
24
24
23
23
23
23
23
23
23
23
22
22
22
22
22
22
22
22
21
21
21
23
23
24
24
23
23
22
22
23
23
24
24
24
24
23
23
23
24
24
24
24
24
25
25
25
26
26
26
26
25
25
25
25
25
25
25
25
25
24
25
24
24
25
25
25
25
25
25
26
26
26
25
25
25
25
25
26
26
26
26
27
27
27
27
28
27
27
27
28
28
27
28
29
29
29
28
28
28
28
28
28
28
29
29
29
29
29
29
29
28
28
28
28
28
28
28
29
29
29
29
29
29
29
30
30
29
29
29
30
30
31
31
30
30
29
29
31
32
32
32
32
32
32
32
32
32
32
32
32
33
33
33
33
33
33
33
34
33
32
30
30
29
29
29
28
28
29
29
29
28
28
29
29
29
29
29
29
29
29
29
29
30
30
30
30
30
31
30
30
30
28
28
28
28
29
28
28
28
28
29
29
29
29
29
29
29
30
30
29
30
31
31
30
30
31
31
31
31
31
31
31
31
30
30
30
30
30
30
30
31
31
31
31
30
29
30
30
31
30
31
31
32
31
31
32
32
32
32
32
32
32
32
32
32
32
32
32
32
32
33
33
32
32
31
31
31
31
31
31
31
30
29
30
30
29
29
29
29
28
28
32
32
33
33
33
33
33
33
33
33
34
34
34
34
35
35
35
35
35
35
35
35
36
36
36
37
37
37
37
36
36
36
37
37
37
37
37
38
37
38
38
39
38
38
38
37
38
37
37
38
39
40
40
39
39
38
39
39
38
39
38
39
38
41
40
40
37
37
38
38
37
36
36
36
36
37
36
36
36
36
37
37
37
37
38
38
38
38
38
38
38
39
39
39
38
38
39
40
40
40
39
39
38
39
40
41
41
41
41
41
41
41
42
41
41
41
41
40
40
41
40
39
39
38
39
39
39
40
41
41
41
41
40
46
48
46
47
46
46
46
47
46
47
48
48
48
48
49
49
49
50
49
50
50
49
49
49
49
51
50
50
49
50
49
51
53
51
51
53
54
54
54
53
53
53
53
53
53
52
53
53
53
54
53
53
53
54
53
55
54
55
56
55
56
56
55
55
55
55
56
57
57
57
57
58
60
59
59
60
60
60
60
62
61
62
61
61
62
62
62
63
63
63
63
64
65
66
67
68
70
71
70
71
70
68
68
71
71
71
70
70
71
71
71
71
70
70
71
69
69
69
70
71
71
73
74
72
69
64
62
63
65
64
63
65
66
66
68
68
68
68
70
71
71
71
71
71
72
72
76
76
74
73
73
74
73
73
75
75
75
78
80
79
79
81
81
80
79
82
79
81
81
83
74
70
70
72
71
74
73
75
75
75
75
72
72
72
71
69
70
70
69
70
70
71
71
72
70
72
71
71
69
70
69
72
72
70
66
61
64
62
63
63
62
60
60
60
59
61
62
61
61
63
63
63
64
63
63
62
62
62
62
59
53
54
54
53
56
55
53
54
55
57
57
57
56
58
58
61
60
58
56
57
59
61
61
61
60
61
61
61
61
61
61
61
59
57
57
59
59
58
56
57
57
57
57
59
58
59
59
57
59
57
57
57
57
57
57
59
61
62
65
66
66
66
65
66
67
66
65
66
66
65
64
63
61
63
61
61
62
61
63
61
63
61
63
62
59
62
63
61
60
60
56
53
56
54
54
54
56
58
56
57
58
56
58
58
58
58
58
59
60
58
58
58
58
58
60
60
59
58
56
58
58
62
63
64
62
63
63
61
62
61
60
61
62
61
60
59
60
59
59
59
59
60
61
62
64
66
65
62
62
62
62
61
61
60
61
59
57
56
57
57
56
57
57
57
58
59
61
61
62
62
63
65
65
66
67
68
68
67
67
67
66
67
68
69
69
70
67
68
68
69
71
71
71
69
69
69
71
72
72
73
72
72
72
72
72
74
75
72
69
67
69
70
69
69
72
72
71
70
70
70
70
70
71
69
68
69
70
71
70
69
68
68
67
69
68
68
68
65
67
67
66
68
67
66
67
67
68
67
68
69
68
68
69
69
68
67
64
62
62
62
62
63
62
61
61
60
61
61
62
62
62
64
65
63
63
63
63
62
61
61
63
65
53
54
55
51
52
55
56
57
57
58
56
57
57
56
58
57
58
58
57
57
57
57
56
56
57
56
57
56
56
58
58
58
59
59
58
57
57
59
60
60
61
62
62
61
63
62
63
63
62
63
63
63
65
64
64
63
63
64
64
65
66
67
68
69
70
70
71
70
70
68
70
71
70
71
70
72
72
71
70
71
71
70
69
69
69
68
69
69
68
68
67
67
65
70
70
71
71
72
71
72
70
71
71
71
72
72
71
71
71
71
72
72
72
73
74
73
73
74
76
77
76
76
77
76
76
77
76
76
77
76
75
76
74
74
74
75
75
75
73
73
75
75
76
77
78
77
77
77
79
78
79
79
78
79
80
83
84
83
82
82
80
80
80
81
80
81
82
82
82
83
83
84
84
85
85
85
87
83
83
82
83
84
81
82
84
82
83
83
82
82
83
83
83
83
84
84
84
86
86
86
86
86
86
87
89
88
89
89
89
90
91
97
98
96
96
95
90
91
91
92
91
93
93
96
97
97
97
97
97
98
97
96
96
87
91
92
93
93
95
97
93
93
91
91
94
94
94
97
95
96
95
95
93
93
93
94
93
93
96
95
94
94
97
97
98
98
99
102
103
98
100
99
101
101
100
101
102
99
96
99
102
103
102
102
103
102
104
101
103
105
103
105
105
106
106
108
110
110
111
112
112
111
111
111
111
111
109
111
107
106
103
100
103
