103
104
104
105
104
104
104
105
103
103
103
103
104
105
106
105
106
106
106
104
107
106
105
105
105
103
104
105
105
104
105
104
104
107
108
107
108
107
107
106
106
107
108
110
109
108
108
108
106
106
107
108
105
107
108
109
110
109
111
112
113
114
115
116
116
116
114
112
111
111
111
111
107
107
110
111
111
114
113
113
111
111
117
120
120
122
120
121
122
123
122
120
118
117
119
118
118
118
120
121
121
123
124
124
124
125
124
125
127
126
126
126
127
128
128
127
126
125
126
126
128
129
129
130
130
131
131
131
132
132
131
129
129
129
129
129
130
130
129
130
130
132
132
132
133
132
131
134
135
135
132
134
133
134
135
132
131
129
128
130
130
129
130
130
129
127
126
127
125
127
128
129
130
128
128
128
126
127
128
129
129
129
130
131
130
129
128
126
129
128
126
127
127
127
128
127
129
128
128
128
132
134
133
131
132
132
131
134
134
127
125
126
123
120
120
121
120
123
121
123
127
126
127
126
126
125
123
123
124
120
124
124
126
126
124
126
129
131
131
130
126
126
123
124
124
125
123
123
118
119
120
121
123
125
126
126
126
125
127
127
127
127
128
129
129
130
128
129
132
131
137
136
134
132
135
133
133
134
137
137
139
135
136
135
133
132
134
137
139
137
138
132
131
131
132
125
125
127
128
129
126
129
130
130
129
130
131
131
132
133
133
134
135
134
132
134
136
134
133
133
133
134
132
130
130
131
130
128
129
130
130
131
131
131
133
133
132
133
132
131
132
135
135
136
137
136
135
137
135
137
140
146
146
145
145
146
149
148
151
151
151
150
149
150
152
155
156
161
160
160
161
162
160
161
159
158
158
158
159
158
159
162
162
162
162
161
162
163
163
161
163
164
164
163
163
162
160
163
164
163
161
161
159
158
158
158
158
159
158
156
157
156
155
157
156
155
156
157
155
153
154
154
150
148
146
145
149
150
153
157
156
156
157
159
161
159
167
165
163
165
164
166
165
161
159
161
161
162
166
170
167
168
168
169
167
170
169
166
167
169
164
161
161
162
160
158
159
155
156
162
162
163
164
163
164
163
164
164
163
159
160
159
163
163
163
163
160
161
159
160
160
163
164
161
160
164
160
159
158
159
157
160
162
160
160
162
163
163
165
164
165
164
165
165
165
163
165
164
165
164
165
174
179
182
183
186
185
186
187
188
186
189
187
183
184
183
186
187
189
187
187
187
189
185
186
188
187
187
184
183
179
181
181
181
183
183
183
180
182
180
178
179
179
177
178
179
180
178
178
179
181
181
182
183
182
180
180
179
179
180
182
182
183
183
175
175
174
172
174
176
176
176
177
178
179
180
178
177
175
176
177
178
179
177
176
177
177
176
177
177
178
179
176
177
174
177
173
173
173
173
173
176
177
177
177
177
177
178
175
175
174
173
174
173
172
174
174
170
165
154
161
160
164
164
164
160
161
163
142
153
150
149
148
150
148
149
150
149
154
153
154
154
154
148
145
147
149
145
150
148
145
143
141
137
139
140
140
146
144
144
146
147
144
146
146
146
149
150
153
155
152
153
154
153
152
152
149
147
148
149
145
146
145
145
142
145
145
147
146
148
150
126
130
132
134
132
134
135
136
137
138
136
136
134
135
136
136
137
137
135
132
132
130
130
129
129
128
128
126
122
123
120
124
125
127
126
128
129
127
129
131
133
133
131
126
124
129
131
135
135
139
139
139
142
142
140
142
145
144
144
145
143
151
153
151
149
148
148
150
148
146
146
145
149
150
150
148
149
149
155
156
154
159
155
156
159
157
155
155
156
155
155
155
157
158
159
158
158
158
159
157
155
153
154
153
153
152
153
155
156
156
156
158
160
158
157
159
161
162
164
165
162
163
163
166
171
165
163
165
164
165
163
164
163
162
163
163
165
166
166
165
166
164
169
171
173
176
176
178
179
182
182
179
180
179
179
178
178
178
176
178
176
179
180
181
182
183
182
182
182
182
182
183
181
182
181
181
182
181
181
184
185
189
185
184
184
186
187
185
185
187
188
189
186
185
186
186
186
189
189
189
188
187
184
181
179
178
178
177
178
178
177
177
179
181
181
180
179
179
179
180
181
179
178
180
181
181
176
175
176
175
174
174
174
177
180
182
184
180
178
171
172
172
174
173
173
170
169
170
170
169
165
160
162
164
165
168
168
171
175
176
175
177
175
175
175
175
174
176
177
175
176
176
175
178
176
178
177
181
177
178
178
183
183
182
181
180
181
180
181
184
182
184
185
188
188
188
188
189
192
191
190
191
192
191
195
195
195
197
200
199
200
201
199
194
194
194
195
195
194
194
194
194
194
195
196
195
200
200
199
199
199
199
199
200
199
200
197
197
197
196
199
196
197
196
198
198
200
200
202
202
200
199
201
201
202
203
205
206
207
207
206
207
208
211
209
210
210
212
217
218
218
218
217
219
219
228
239
241
243
242
242
237
237
242
238
240
240
243
243
244
246
247
246
245
241
238
239
236
237
237
242
244
245
248
247
251
252
255
255
251
248
251
250
247
246
247
245
245
244
245
244
245
243
241
241
244
244
243
244
246
245
247
248
247
247
247
247
247
246
245
236
240
242
245
253
253
250
246
248
246
249
236
236
233
239
239
236
236
231
238
240
240
241
241
241
237
233
237
237
236
238
237
237
237
236
238
238
238
241
244
243
241
233
226
228
228
230
231
231
229
236
237
236
238
239
241
241
239
243
244
243
243
242
239
231
231
235
227
227
229
229
224
227
230
227
225
224
222
219
221
222
220
218
221
228
226
230
232
233
230
229
232
232
236
236
241
242
239
240
244
246
241
243
243
241
241
227
228
