102
103
102
102
101
102
102
102
101
101
102
100
100
101
101
101
104
103
104
103
104
104
104
103
103
101
102
102
103
103
105
106
105
107
106
106
108
106
105
106
107
106
106
106
105
105
105
105
103
104
106
107
108
109
109
108
108
108
110
110
109
110
110
109
110
110
111
113
112
113
112
113
113
112
115
115
114
112
110
111
110
110
111
111
110
111
109
110
112
112
112
110
108
107
111
110
112
111
112
111
110
112
112
113
113
115
115
116
116
117
117
118
119
118
119
117
117
116
118
118
118
118
119
119
119
118
117
116
116
115
112
112
112
112
113
112
113
113
111
112
110
112
113
112
113
114
114
116
118
119
119
118
117
118
119
119
117
117
116
116
116
115
115
115
114
114
114
113
111
115
115
115
116
116
117
118
117
117
117
116
116
116
118
119
118
119
120
120
120
125
122
123
122
122
123
124
125
124
124
123
124
126
125
126
126
126
124
123
122
122
123
121
118
119
119
118
118
118
118
118
119
119
119
119
119
119
119
118
117
116
116
116
118
117
115
116
116
116
116
115
114
113
113
114
114
113
111
113
111
110
113
114
114
114
115
114
115
116
115
115
115
113
114
116
116
116
116
117
117
113
114
113
115
114
116
115
114
114
114
113
114
114
114
114
112
112
112
112
112
112
112
111
111
113
114
111
112
113
113
114
114
114
113
115
115
115
115
115
116
116
115
114
113
113
115
116
116
116
115
115
115
116
115
115
115
115
114
115
115
116
115
115
117
118
118
117
116
116
116
115
115
116
117
117
115
116
116
116
116
116
116
115
116
116
116
117
118
118
118
118
118
117
117
117
117
117
118
118
117
119
119
118
118
118
118
118
118
118
119
119
119
119
120
119
119
120
121
122
122
121
122
121
122
121
122
123
125
127
126
126
126
126
126
126
126
126
127
126
126
126
127
125
125
125
125
125
126
128
125
128
128
128
129
128
125
123
124
125
129
131
131
129
129
131
131
132
134
134
135
137
137
137
138
138
137
138
139
137
138
139
139
141
139
140
140
141
143
142
143
143
143
143
142
145
141
140
139
139
137
140
142
142
145
145
144
143
143
143
142
142
141
143
146
144
144
142
140
140
139
141
139
140
142
142
143
142
140
143
144
146
152
150
149
149
148
148
148
148
147
147
147
147
148
149
148
147
148
147
148
148
151
149
150
150
148
148
149
150
149
150
151
152
153
153
154
149
150
151
152
152
150
151
153
152
151
149
149
149
150
149
147
147
147
148
147
147
148
147
146
144
143
145
145
145
145
146
146
144
144
144
143
145
145
145
143
144
144
144
144
144
143
142
142
141
141
139
138
138
140
139
138
137
138
139
141
141
140
139
138
138
137
136
136
137
135
136
140
141
142
144
144
144
144
144
145
145
145
147
146
145
145
145
145
146
146
145
146
147
146
146
145
145
146
145
145
146
145
144
142
132
137
136
140
140
139
138
140
141
139
141
142
139
140
141
141
142
144
142
142
142
143
144
146
145
143
144
145
143
146
148
149
148
151
154
153
152
151
152
152
154
155
155
159
152
157
158
157
158
159
158
159
154
156
157
155
156
156
155
154
157
159
162
164
164
162
162
163
164
162
162
165
164
167
167
163
161
160
160
163
162
162
160
159
160
162
162
161
162
163
162
160
160
158
155
155
152
156
156
152
149
152
148
149
152
154
151
149
149
150
151
150
149
145
143
143
146
149
147
148
149
150
149
149
150
150
150
155
153
150
150
151
149
152
150
148
151
153
154
152
152
154
154
155
153
153
152
153
152
153
156
158
158
159
158
156
154
153
151
150
152
153
152
153
154
154
152
151
150
152
152
152
150
149
150
150
149
147
147
149
148
147
146
144
146
140
142
143
143
143
143
149
150
150
150
150
150
152
152
153
153
153
155
155
156
155
157
157
157
158
159
153
154
155
156
157
157
156
155
158
165
165
166
167
167
167
167
168
168
167
168
167
168
167
166
167
167
167
166
166
167
167
168
167
169
167
169
168
167
168
167
168
168
167
167
165
164
164
162
159
157
158
158
155
153
150
151
151
151
152
152
152
153
153
153
152
151
151
149
152
152
151
151
150
150
150
150
151
150
150
150
150
151
150
150
149
150
150
151
150
149
148
146
147
143
143
144
144
147
147
151
152
152
151
151
151
152
153
152
151
152
151
150
152
152
152
151
157
157
159
161
160
159
160
162
164
164
164
162
162
162
161
161
161
160
161
163
162
161
161
161
162
162
164
164
164
164
163
164
164
165
162
162
164
167
168
168
168
168
168
172
172
172
173
175
175
177
177
177
175
177
177
177
178
171
169
167
167
166
166
165
164
166
167
168
168
168
167
168
167
166
166
166
167
168
168
167
167
170
170
170
171
171
170
169
170
171
170
172
172
173
178
177
178
178
179
179
180
183
175
174
172
171
171
170
172
171
170
171
172
173
173
173
180
178
179
181
181
181
182
181
182
182
180
180
181
180
170
167
166
163
163
159
158
161
160
160
160
160
159
161
157
154
151
151
153
154
153
153
152
151
151
150
151
153
152
153
153
156
159
162
158
156
157
157
156
157
158
158
157
158
158
157
158
159
160
152
152
152
154
156
158
158
159
159
158
158
158
160
163
162
162
161
162
163
161
161
163
164
164
164
165
166
165
166
159
157
156
157
158
157
159
159
159
157
159
161
161
161
162
161
162
160
162
164
164
166
165
167
167
168
171
171
169
170
171
171
173
174
172
172
173
174
180
183
187
190
188
187
187
188
187
189
189
193
193
193
189
188
187
186
187
187
186
187
189
192
189
187
189
186
185
190
192
193
192
192
192
194
194
195
198
198
198
197
193
191
191
179
185
