43
43
43
43
43
44
44
44
43
43
42
41
41
42
44
46
46
46
47
46
46
46
45
45
45
44
44
43
43
44
44
43
43
44
45
44
44
42
40
41
42
41
42
42
42
42
42
41
41
41
41
41
41
41
41
41
41
42
42
42
43
42
42
43
44
44
45
45
46
47
47
46
43
43
44
41
42
43
42
39
39
38
38
40
38
38
37
38
37
38
38
37
37
38
38
38
38
38
39
38
38
39
39
38
39
40
42
42
42
42
43
42
42
42
43
42
43
43
44
44
44
45
45
45
45
45
45
45
45
45
44
44
44
43
43
44
43
43
43
42
42
48
49
49
48
49
49
49
50
50
50
50
50
50
53
54
53
52
52
53
53
51
52
52
53
52
52
53
50
50
52
51
51
51
52
54
56
55
54
54
55
55
54
54
53
54
54
55
56
56
54
56
56
57
57
57
58
55
53
54
55
54
53
53
51
52
51
51
52
54
54
54
53
51
51
51
51
52
53
53
54
54
55
55
54
55
55
55
55
54
55
57
57
57
56
58
59
59
60
61
60
59
59
58
59
59
60
61
59
61
62
62
62
61
62
61
63
63
63
63
63
63
64
64
64
66
61
62
63
64
63
61
60
60
62
59
59
58
59
58
60
58
57
57
55
56
56
58
59
58
56
54
54
56
57
54
53
54
56
56
56
56
57
56
54
53
49
51
52
52
53
53
52
50
50
51
54
52
52
52
59
54
53
50
53
53
54
53
56
53
52
51
51
52
52
52
53
53
53
53
54
58
58
58
57
58
57
58
57
57
58
59
59
59
57
55
53
54
55
55
54
54
53
53
54
54
54
54
55
54
55
56
54
54
55
54
54
54
55
54
53
53
54
54
55
55
56
58
59
59
59
58
58
59
60
59
59
60
60
60
60
61
59
57
57
58
58
58
57
57
58
56
56
57
57
56
58
59
58
57
58
57
55
54
52
52
55
55
56
57
57
58
59
60
61
61
63
64
63
64
62
64
64
64
64
64
63
64
63
62
59
59
57
58
59
58
59
59
59
59
59
59
55
56
56
55
55
54
54
58
60
60
60
61
60
60
60
59
60
59
58
58
57
59
58
58
57
57
55
57
57
58
58
59
59
58
57
58
57
58
58
59
59
59
58
59
59
61
63
62
63
63
63
63
62
70
70
67
68
66
65
65
65
65
64
64
65
65
66
67
68
69
68
68
67
66
66
67
67
67
66
66
68
68
68
68
68
67
67
67
67
66
67
67
67
69
68
68
66
72
73
72
72
74
74
72
71
71
72
72
73
73
73
71
74
73
74
73
73
73
73
73
73
73
72
73
72
72
73
72
71
72
74
75
76
76
75
74
74
74
72
71
71
71
70
70
70
70
71
72
71
72
72
73
73
73
73
74
73
73
73
73
74
73
74
72
73
73
70
71
71
71
71
71
73
74
73
72
69
66
68
67
69
70
70
68
68
68
67
68
71
69
70
70
71
72
72
71
72
71
72
72
73
72
69
69
69
72
74
75
75
75
75
75
77
76
76
78
78
78
77
76
78
79
78
78
79
78
78
79
79
78
79
79
78
79
78
78
76
77
78
81
81
80
80
80
80
80
80
81
81
80
82
80
81
80
78
77
78
78
79
78
78
78
78
78
78
78
79
79
77
77
76
75
75
74
74
75
72
70
72
69
70
70
71
70
69
67
66
68
68
65
66
63
57
54
58
57
60
61
60
63
62
63
64
62
70
70
69
68
70
70
71
70
70
70
71
71
71
72
71
73
73
72
72
72
72
72
72
73
74
73
76
75
75
75
76
75
75
75
76
76
76
78
76
77
76
76
77
76
75
75
76
76
74
74
74
74
75
76
76
76
77
77
77
82
82
81
82
83
84
83
84
82
83
83
83
83
83
83
82
81
81
82
81
82
81
82
82
81
79
77
78
78
79
80
79
78
78
79
81
82
82
82
82
82
82
82
82
82
83
82
82
82
82
82
81
81
81
81
81
81
81
80
81
79
79
77
76
77
77
78
78
78
80
80
80
80
75
76
75
75
75
75
74
74
73
74
74
74
74
73
75
73
70
70
70
72
71
71
71
68
71
71
74
74
72
71
71
74
74
73
73
72
74
75
75
75
75
75
76
75
75
74
76
76
75
76
74
75
74
74
74
80
78
76
75
74
74
73
73
72
67
69
71
71
71
72
71
70
72
71
70
70
70
70
70
70
70
70
69
69
69
71
73
73
74
74
74
75
75
75
76
76
76
76
76
78
79
78
78
78
79
78
80
80
80
80
80
81
81
81
81
82
81
82
82
82
81
82
82
83
84
82
82
83
83
83
84
83
83
84
84
84
83
83
82
82
82
81
81
82
82
82
83
83
83
85
85
84
84
84
83
83
84
84
84
84
85
85
85
85
86
86
87
87
87
86
87
87
87
87
88
89
90
89
88
91
88
89
88
90
91
90
91
90
90
91
91
91
91
91
86
88
88
86
86
87
88
88
88
88
89
88
88
88
87
87
86
87
87
88
88
89
91
90
90
89
89
90
90
90
90
91
91
90
91
91
90
90
91
91
90
90
90
88
89
90
91
92
91
91
92
92
94
94
94
93
94
95
96
95
96
96
97
97
98
97
95
96
95
96
95
95
95
95
93
93
93
93
94
94
95
96
96
96
96
95
96
97
97
97
97
96
98
99
98
98
100
101
101
101
104
102
103
103
105
103
104
103
105
106
106
106
107
109
109
107
107
107
106
106
104
104
105
100
100
103
105
104
104
104
104
105
106
105
104
104
103
102
103
103
103
103
105
106
108
108
109
109
109
109
111
110
110
112
112
113
114
113
113
114
112
113
113
112
109
105
109
