43
43
43
44
43
44
44
45
44
44
44
43
43
44
44
44
44
44
44
44
44
44
44
45
44
45
46
44
44
43
43
43
43
43
44
44
42
44
44
44
44
44
45
46
46
45
45
44
44
45
45
45
45
45
45
45
45
44
45
45
45
45
45
45
45
45
45
45
45
46
46
46
45
44
45
45
45
45
46
46
45
45
45
46
45
46
45
46
46
46
46
45
45
45
46
46
45
46
46
46
46
46
47
47
47
48
48
48
46
47
47
48
48
48
48
47
47
47
47
48
48
48
48
48
48
49
49
49
49
49
49
49
49
48
48
48
49
49
48
48
48
48
48
48
48
48
49
50
50
50
50
50
50
50
51
52
51
51
51
52
51
51
51
51
51
50
50
50
50
50
51
52
52
52
52
53
53
53
53
54
54
54
54
54
54
54
54
54
53
54
53
53
53
52
54
54
54
54
54
54
55
55
55
55
58
56
55
55
54
55
55
55
55
55
55
55
55
56
56
58
59
59
59
60
60
60
59
59
59
59
59
61
59
59
59
59
59
59
60
60
59
58
57
57
56
57
57
57
56
56
56
57
58
58
58
58
59
59
59
59
62
62
60
60
60
60
60
61
61
61
61
61
61
60
60
59
60
60
60
62
61
60
59
60
59
59
59
60
60
60
59
58
58
58
58
57
57
56
57
57
58
57
58
58
58
58
58
58
59
59
59
59
59
60
60
60
61
61
60
60
61
61
61
61
62
62
62
62
62
62
62
62
62
63
63
64
63
63
63
63
63
63
63
64
64
63
62
63
62
63
64
64
64
64
64
64
63
63
63
63
63
64
64
64
64
64
64
64
63
64
63
63
62
63
64
63
63
63
65
65
65
65
64
66
66
66
66
66
66
66
66
66
66
66
67
67
66
66
66
66
66
66
67
67
67
67
68
67
67
66
67
66
66
68
70
69
69
71
69
69
71
69
69
68
67
67
69
69
70
71
71
71
71
72
72
71
74
73
72
70
71
72
71
71
71
71
71
72
72
72
72
73
72
73
73
73
73
72
73
73
73
73
72
73
72
72
71
72
72
74
77
80
80
80
80
80
80
79
79
78
77
78
77
78
77
77
77
78
78
79
79
80
80
80
80
80
78
79
79
81
81
80
80
80
80
80
81
82
82
82
82
82
82
82
83
83
84
84
84
84
84
82
83
83
82
82
83
83
85
85
88
84
83
84
84
81
81
83
83
82
82
82
82
82
82
82
81
81
82
82
81
82
82
82
82
82
82
82
81
80
80
81
82
81
81
82
82
83
83
85
85
85
87
86
86
86
86
86
86
86
86
86
86
86
85
85
85
86
87
86
85
84
86
86
86
87
88
86
87
86
85
85
85
86
85
85
84
85
85
86
86
86
87
86
86
86
86
87
85
84
84
85
85
86
86
86
88
88
87
88
88
87
88
88
88
89
88
87
86
81
83
83
85
85
85
84
84
85
84
85
87
85
85
86
86
86
86
85
87
86
86
86
87
88
86
85
86
84
87
87
86
87
90
90
89
92
91
93
92
92
93
92
93
94
93
93
93
92
94
94
93
91
91
91
91
92
91
90
89
89
90
91
91
91
92
92
92
92
92
93
92
90
92
92
93
91
91
90
91
91
91
90
89
91
92
91
91
93
93
92
90
89
87
87
87
85
85
87
85
84
85
82
83
81
82
82
83
83
84
85
86
87
85
85
83
82
84
82
83
84
80
84
83
84
85
83
85
85
85
85
86
86
87
87
87
88
88
88
89
89
89
90
90
90
90
91
86
88
88
90
89
89
90
87
88
89
90
90
89
91
90
90
90
90
90
90
89
90
90
90
90
89
90
90
90
90
90
91
92
92
92
92
92
92
91
91
92
92
93
94
94
94
95
94
95
95
95
95
95
95
95
94
94
94
94
95
95
95
95
95
93
93
92
94
96
98
99
99
99
100
100
98
98
98
98
98
97
101
107
107
108
108
108
108
108
107
107
106
106
107
107
107
107
108
107
107
116
114
116
113
114
114
115
114
116
116
116
117
118
118
119
119
118
116
114
114
113
113
114
114
114
114
115
115
114
113
119
116
112
113
112
111
110
112
111
110
110
109
109
109
109
108
108
106
107
107
106
107
106
106
106
103
103
103
104
105
104
108
107
109
109
109
109
110
112
113
115
116
116
116
116
115
116
117
118
119
120
120
121
121
121
121
120
120
120
120
120
117
116
117
116
117
116
116
117
117
116
115
115
115
114
114
114
114
114
114
114
116
117
117
117
116
116
114
116
116
115
115
115
115
117
117
117
118
119
119
118
119
118
119
119
119
119
119
118
118
118
119
119
119
119
119
120
122
125
125
124
124
126
125
125
126
126
127
127
125
125
124
123
122
122
123
123
122
123
122
123
123
124
126
125
124
124
122
122
122
121
122
123
121
121
121
122
122
122
122
120
121
121
122
123
125
125
125
125
126
127
128
126
125
124
124
124
126
128
127
127
131
131
130
130
129
130
128
127
126
125
127
126
125
124
126
126
127
127
127
126
126
126
127
131
138
139
137
137
136
136
138
135
135
135
135
134
133
133
131
131
133
133
133
131
133
134
135
134
134
134
133
133
134
136
134
134
134
133
134
135
135
135
135
134
134
135
136
137
137
137
143
144
142
144
145
147
147
148
149
150
150
150
152
152
152
151
150
152
152
152
151
151
151
151
150
149
147
148
148
148
147
147
145
146
147
148
150
150
149
149
148
148
148
148
152
153
157
158
159
157
156
159
159
158
158
158
158
159
161
159
161
162
157
156
156
157
157
156
159
161
161
162
161
160
162
161
161
161
162
164
165
165
166
167
167
166
166
168
164
162
154
156
