72
73
73
73
72
72
73
74
72
72
73
71
71
71
71
71
73
74
74
75
74
75
74
75
75
73
72
72
72
72
71
71
70
71
72
72
72
70
67
69
68
68
68
70
70
69
70
69
67
67
68
67
64
63
62
62
62
62
64
64
64
64
65
66
66
66
66
65
67
67
66
66
64
63
64
64
64
65
64
63
64
63
62
63
63
63
62
62
62
62
62
61
61
60
59
59
60
61
61
61
61
62
64
64
64
66
67
67
66
67
65
65
66
66
67
70
68
67
69
71
72
73
73
73
72
72
73
72
74
74
73
72
72
72
71
72
73
73
71
70
70
71
72
71
71
71
72
72
72
73
74
75
74
74
76
77
76
74
73
72
72
70
71
71
70
69
71
70
68
58
59
59
58
57
57
57
57
57
56
58
59
58
58
57
57
57
57
58
58
60
60
60
60
61
58
55
57
57
56
58
59
59
59
59
59
59
58
58
60
59
60
59
59
58
58
58
59
58
59
59
62
61
61
61
62
63
63
62
62
61
60
62
61
60
59
60
62
62
61
61
61
59
59
58
59
52
55
54
53
54
54
54
55
55
56
56
57
57
57
57
61
60
60
60
61
61
59
60
61
63
61
61
61
60
61
60
60
61
61
62
63
62
61
61
58
58
58
58
58
59
57
56
55
55
57
55
55
55
56
56
56
56
57
60
60
60
59
58
60
59
59
59
59
60
60
60
61
60
61
61
60
61
61
61
61
62
61
61
62
62
61
61
61
61
62
63
64
64
64
64
64
65
65
65
65
65
64
65
64
64
63
63
64
63
63
63
62
63
63
63
64
63
64
64
64
64
66
67
68
69
70
68
68
67
68
68
69
68
69
69
68
69
70
69
70
69
69
70
70
70
70
70
70
70
71
71
70
71
71
71
71
72
72
72
72
72
73
71
70
71
71
70
70
71
71
69
69
70
67
68
68
67
66
65
64
64
64
64
65
65
60
62
64
64
64
63
65
64
64
65
65
66
66
67
66
66
66
66
66
65
64
66
65
66
66
66
66
66
66
65
66
66
64
64
63
61
60
60
60
62
63
63
64
65
65
64
65
66
64
63
62
61
62
61
61
62
58
58
57
59
59
58
60
61
60
61
62
60
59
60
61
61
62
62
63
63
64
64
64
64
64
64
65
63
64
64
63
64
63
62
62
62
61
61
60
60
60
61
61
61
62
63
64
64
64
63
63
64
64
64
63
61
63
63
63
61
64
64
65
66
65
64
64
64
65
65
67
67
67
68
68
67
67
67
66
66
67
66
66
67
67
65
66
66
66
66
66
65
66
65
65
65
67
66
66
66
65
65
71
71
71
70
70
70
71
71
72
73
72
72
70
70
71
69
69
69
68
69
69
69
70
71
70
70
70
69
69
70
70
69
69
73
75
76
75
76
77
77
75
76
76
75
77
77
77
78
78
77
75
70
69
68
69
69
69
66
67
68
67
69
71
69
70
71
71
72
73
72
73
72
74
72
73
72
69
68
69
69
72
72
72
72
73
76
76
74
74
75
75
76
76
78
81
81
82
82
83
82
82
82
82
83
82
82
80
81
81
80
78
80
76
71
73
75
75
77
76
77
78
78
77
75
76
76
78
76
76
75
76
79
79
77
75
75
76
76
76
76
77
77
74
75
73
72
71
70
70
71
68
65
65
65
67
66
67
66
67
71
69
70
69
67
68
66
63
62
63
61
63
65
66
69
68
70
69
68
69
72
71
72
75
74
73
74
74
74
76
76
76
76
76
77
77
77
78
78
77
77
76
79
78
78
80
79
79
79
78
79
78
79
80
80
80
82
80
86
84
82
83
83
83
81
82
82
80
80
80
81
82
83
83
83
82
83
82
82
83
83
84
86
84
85
86
85
85
86
86
86
87
88
87
86
85
86
84
84
85
86
85
86
82
80
78
79
81
80
80
79
80
81
84
84
84
85
85
85
85
85
86
85
87
88
86
88
89
88
86
83
85
84
85
85
85
86
87
87
87
87
87
88
87
88
88
88
88
88
89
88
87
88
87
88
87
85
83
83
83
81
84
84
84
84
85
85
85
84
85
86
85
84
85
85
85
85
85
85
83
83
84
84
84
85
90
86
86
86
85
85
83
85
85
85
84
83
85
86
83
86
86
86
84
86
87
88
87
88
88
88
88
87
88
86
85
87
89
88
89
90
89
89
90
91
92
91
92
92
91
90
91
91
90
90
90
90
90
91
91
91
91
91
91
92
91
93
93
93
93
95
91
90
90
91
74
71
76
76
77
77
78
78
79
79
79
80
80
81
80
80
80
80
79
80
80
80
80
80
80
80
79
80
85
82
83
83
83
83
82
82
84
83
84
84
83
84
84
83
84
83
83
83
83
84
83
83
83
84
84
84
84
85
85
85
81
81
82
88
87
87
87
87
87
86
87
86
87
84
83
83
83
83
82
83
83
82
82
83
83
84
83
83
83
83
77
81
81
79
79
80
81
81
81
81
81
81
81
81
80
80
79
79
79
79
78
79
81
81
81
81
81
83
82
82
82
82
82
79
80
79
80
79
78
78
78
76
76
75
75
76
75
76
74
75
75
76
75
76
76
75
76
77
78
78
77
77
75
76
76
76
77
76
76
77
76
77
76
76
76
76
76
77
78
80
79
79
79
79
80
81
80
82
82
82
82
82
83
84
83
83
82
81
82
83
83
82
84
85
85
84
85
84
84
84
85
85
86
86
87
87
87
86
86
88
87
88
88
87
87
87
88
88
87
88
88
87
88
88
88
88
88
88
88
89
88
89
89
90
91
90
91
91
90
90
90
91
91
92
93
94
94
94
95
94
93
93
92
93
92
88
89
