51
51
51
51
51
52
51
52
52
52
52
51
51
51
51
51
52
53
52
52
52
52
52
53
53
53
54
55
55
55
55
56
55
55
55
55
55
54
55
56
57
57
57
58
57
57
57
57
57
58
58
58
58
58
58
58
59
59
59
58
58
59
58
57
58
58
60
60
59
59
59
59
58
58
60
60
59
59
58
59
57
57
58
59
58
59
58
59
59
59
60
59
58
57
56
57
58
57
58
58
58
59
59
60
60
61
61
61
60
61
61
61
62
62
62
61
62
62
62
61
62
62
62
61
59
59
59
59
60
60
59
58
58
59
59
58
59
58
58
58
57
58
58
59
58
59
59
59
59
60
60
60
61
61
61
60
58
58
58
58
58
57
57
57
57
57
56
57
57
59
59
59
60
59
59
60
61
61
61
61
62
62
62
63
62
62
63
63
64
64
64
64
64
64
64
65
66
66
65
65
66
67
67
66
67
67
66
66
66
66
67
67
68
68
68
68
68
67
70
70
70
71
71
71
71
72
71
71
71
70
70
70
70
69
69
69
68
68
69
69
69
68
68
68
68
68
67
68
66
65
65
66
66
70
69
68
69
70
70
70
71
71
71
72
72
72
73
73
73
74
73
73
74
72
73
72
73
74
74
73
75
75
75
76
75
74
75
75
74
75
76
75
74
73
74
73
73
74
74
73
74
74
73
73
73
74
74
73
72
73
74
75
75
76
76
76
77
76
76
76
76
76
76
77
77
77
77
78
78
78
78
78
78
79
79
78
78
77
76
76
76
77
77
78
77
76
76
75
75
76
76
76
76
77
77
77
76
77
77
77
78
77
76
77
77
78
78
79
79
78
78
77
76
77
78
75
78
76
78
78
79
79
79
79
79
79
80
79
79
79
79
79
80
79
80
80
80
82
82
81
81
81
81
81
82
82
82
81
81
80
81
80
80
80
79
79
80
82
81
81
83
82
83
81
80
78
80
80
82
83
84
84
84
85
85
90
87
86
85
86
88
88
88
89
90
89
90
89
90
90
89
90
90
91
91
91
91
90
90
90
90
90
90
91
90
90
91
91
93
95
96
96
98
98
99
98
97
98
97
95
95
95
97
98
97
98
97
98
97
99
99
100
100
100
100
101
99
99
98
100
100
101
101
101
101
102
103
103
102
103
104
102
103
103
103
104
104
104
104
103
104
102
102
102
102
102
103
104
104
103
104
104
104
105
105
102
102
102
104
103
102
102
103
103
103
103
102
102
102
102
101
101
102
101
101
101
102
101
102
100
101
101
100
99
99
100
101
100
100
100
102
102
103
102
101
104
104
103
104
103
103
102
102
101
101
100
99
100
103
102
103
103
104
104
105
106
106
106
106
105
105
105
106
106
104
105
105
106
107
108
109
110
110
111
110
111
110
111
110
110
110
112
113
113
113
111
110
111
108
109
108
108
109
108
107
108
108
106
105
96
104
103
104
105
104
101
101
102
100
102
103
100
101
102
101
102
102
100
100
100
100
100
100
98
96
96
96
96
100
102
101
101
102
102
103
102
101
103
103
103
104
104
105
104
103
105
104
100
99
100
100
100
99
98
98
98
94
93
92
94
94
95
93
92
91
93
94
95
95
95
95
93
96
96
95
95
94
93
95
94
97
94
95
97
99
98
98
99
99
99
96
96
96
94
95
94
96
96
94
94
95
93
95
96
96
94
94
95
94
96
96
96
95
95
92
87
91
92
95
97
97
98
96
98
97
96
97
99
97
98
98
98
99
99
98
99
101
100
100
100
101
101
101
101
101
102
101
101
102
103
104
103
104
104
103
103
102
102
101
102
101
101
102
103
103
103
101
101
102
103
102
101
100
102
103
104
105
105
106
106
104
104
104
104
101
102
101
100
99
98
97
97
97
96
97
96
97
97
97
98
96
96
96
96
95
96
95
93
94
94
92
93
94
94
95
96
94
95
96
96
97
97
97
98
98
97
96
97
97
97
96
94
94
93
93
93
96
98
97
97
97
97
98
97
97
97
97
97
98
97
97
98
97
97
94
93
93
93
94
94
94
93
94
93
91
92
91
89
90
90
90
90
91
90
90
90
90
90
89
89
87
86
87
87
87
87
87
87
88
89
87
87
86
87
88
88
87
88
85
83
84
84
84
82
83
70
74
77
77
74
76
75
74
74
74
73
73
74
74
76
76
77
77
78
79
79
81
79
79
80
80
78
79
79
80
80
80
79
79
79
79
79
80
80
80
81
82
82
82
83
83
82
84
83
83
82
81
82
79
80
77
79
79
76
75
76
76
76
78
77
79
79
79
80
79
80
80
80
81
82
81
81
80
82
81
80
81
81
81
80
80
80
80
80
79
79
79
78
78
78
78
78
79
78
78
78
78
77
77
77
78
78
78
78
78
78
78
79
80
81
82
83
83
82
82
79
80
81
81
81
81
81
82
80
81
77
76
77
76
77
77
77
76
76
77
77
79
79
78
78
78
79
80
80
80
81
79
77
78
78
78
77
78
80
81
82
81
81
80
80
79
79
78
78
78
78
78
78
78
77
77
77
77
79
78
79
80
78
80
79
79
78
79
78
79
79
80
79
79
79
78
78
78
78
77
76
76
75
76
76
78
78
79
80
80
80
80
82
83
82
83
84
83
81
79
80
81
82
81
81
81
81
81
80
80
77
74
75
74
74
72
72
73
74
75
76
76
76
76
74
69
68
69
69
69
68
67
69
69
70
71
71
70
70
70
71
71
71
72
71
71
73
74
76
73
72
71
71
72
73
73
73
72
71
73
72
73
74
75
74
74
73
73
73
74
75
76
78
78
77
78
79
79
80
80
80
80
80
81
81
82
82
78
81
78
78
75
72
74
