94
96
97
96
94
96
97
98
96
94
95
91
89
90
89
88
89
89
89
91
92
92
91
94
97
95
96
94
94
94
95
98
98
98
97
98
94
91
88
89
92
93
91
89
85
82
82
81
82
83
85
84
87
86
86
86
85
83
81
84
83
84
84
82
82
82
82
81
81
83
84
83
80
80
82
84
83
84
84
84
86
88
88
89
87
87
85
87
87
88
88
85
87
84
86
86
87
85
84
84
85
86
87
87
89
89
88
87
87
87
86
88
89
91
91
89
88
87
88
89
92
95
94
94
95
95
98
98
96
94
93
93
94
92
93
93
95
97
96
96
98
96
98
97
98
100
100
100
100
103
104
104
103
104
106
105
103
105
107
108
108
109
109
112
114
115
111
112
109
109
108
110
110
113
117
121
121
119
112
109
112
113
110
115
112
111
109
112
112
107
108
111
112
107
111
112
111
107
107
109
106
106
105
106
104
105
103
104
104
105
100
100
100
98
99
100
101
102
103
105
107
106
107
107
108
107
106
103
103
101
101
101
99
100
97
100
99
101
99
100
101
99
97
97
96
96
95
98
97
101
100
106
108
108
109
110
111
112
115
114
116
118
118
119
117
120
121
123
123
121
122
120
120
116
117
116
118
118
119
116
118
121
120
120
119
123
125
123
124
125
127
124
122
126
126
123
126
127
131
132
133
133
131
134
133
129
129
130
129
130
130
131
134
134
133
133
132
132
132
130
131
130
131
133
132
131
132
130
133
132
131
133
133
134
135
133
133
139
140
142
139
138
140
141
143
142
136
140
139
142
146
142
141
141
142
144
146
147
147
148
143
143
143
145
146
147
148
146
146
144
147
144
138
138
140
136
136
131
135
134
132
132
128
130
130
128
130
133
133
139
138
137
140
142
141
140
135
134
130
129
130
132
130
132
134
134
133
131
126
126
128
126
125
130
126
120
120
117
115
114
113
109
105
99
95
99
107
105
107
111
109
109
106
106
105
115
107
110
104
105
104
112
119
116
114
115
116
116
114
115
116
121
120
119
115
102
94
91
94
94
96
94
88
88
88
83
86
82
84
95
95
97
98
99
101
102
100
98
100
99
95
95
93
98
97
96
96
104
102
105
107
110
106
107
110
112
107
105
112
118
113
112
114
115
112
107
113
117
116
116
113
119
115
118
113
122
109
110
114
116
114
112
111
108
107
109
106
105
108
104
105
107
109
106
107
110
111
114
114
117
119
121
121
124
120
123
122
121
121
124
124
124
126
124
124
126
127
125
126
128
126
125
134
123
120
118
120
116
120
119
113
116
117
117
120
121
119
119
118
118
121
121
122
118
117
118
122
125
126
124
123
124
127
124
124
124
125
124
121
116
111
113
114
112
110
108
109
108
111
108
110
110
109
107
105
104
104
106
105
101
100
102
107
108
105
106
107
105
108
108
110
111
113
110
109
109
110
106
104
95
99
95
98
102
104
105
105
107
105
105
108
102
100
98
97
100
105
102
104
102
103
100
103
100
96
98
95
97
104
107
110
111
116
116
115
116
115
117
115
112
113
113
112
112
109
111
114
116
115
116
118
114
113
112
111
111
106
104
105
107
110
111
109
109
110
111
109
109
111
111
108
105
102
99
101
99
102
98
104
108
102
96
92
87
90
96
94
92
91
91
93
91
87
82
83
86
84
82
79
77
79
74
73
86
84
83
87
93
91
94
88
91
93
89
85
86
85
84
87
89
94
96
93
94
94
90
88
93
92
91
91
96
98
98
100
98
96
99
100
100
104
106
106
105
103
102
99
104
100
105
102
99
102
96
98
101
106
106
106
107
107
107
101
109
109
112
112
114
114
120
121
119
116
115
113
115
115
114
114
117
119
117
118
119
119
115
117
117
119
119
121
121
123
120
120
121
121
122
128
124
123
119
119
122
120
119
123
122
126
127
124
120
119
120
120
119
117
116
120
117
119
121
123
123
124
122
122
121
122
122
121
118
121
119
118
123
120
122
126
127
130
131
130
130
133
135
131
133
134
135
133
133
133
132
133
132
134
132
129
132
132
133
135
132
130
128
124
124
123
127
124
125
130
127
126
124
124
130
134
138
138
139
141
141
142
141
139
138
140
136
139
138
138
138
138
136
132
135
134
129
128
126
129
129
129
130
133
131
130
126
130
133
133
131
133
138
137
137
136
127
136
146
142
144
141
142
144
144
147
138
140
137
139
139
139
138
137
136
137
137
135
134
135
136
136
136
134
135
134
137
133
137
134
135
136
135
137
142
144
143
144
139
141
140
140
143
140
133
138
142
143
143
144
143
139
142
139
134
132
134
133
134
133
133
132
134
132
126
129
127
127
130
132
131
129
131
127
126
126
124
125
127
130
127
128
129
131
128
130
130
131
132
132
130
130
130
126
127
130
130
130
128
128
126
126
125
132
127
130
131
131
134
132
136
134
132
132
131
134
132
131
130
129
130
128
127
127
124
122
123
120
122
125
123
124
121
117
117
115
115
115
114
117
116
117
118
121
123
123
123
121
120
122
125
123
124
124
127
124
128
126
127
130
133
132
132
130
130
129
126
117
119
116
119
119
116
116
113
111
110
108
108
109
109
110
110
109
108
108
110
111
113
115
115
115
112
114
116
120
122
123
123
123
125
126
128
129
131
132
131
130
135
136
136
134
135
137
135
134
136
134
133
134
132
133
134
133
130
131
129
132
133
140
140
140
143
147
146
144
144
143
142
139
138
139
138
139
141
141
140
139
138
138
141
141
139
138
137
139
140
141
139
138
137
136
139
141
147
150
153
154
151
152
151
152
155
153
155
156
155
155
158
160
157
156
156
157
161
161
162
160
161
160
158
158
157
152
149
150
