92
93
93
94
90
90
90
90
88
88
88
86
86
88
88
88
89
91
89
90
91
92
91
92
92
91
90
89
87
87
88
87
87
88
86
85
84
85
85
86
87
87
87
87
86
84
82
83
83
84
84
85
86
86
86
89
89
88
91
90
91
92
92
92
92
92
89
89
89
87
88
88
86
87
87
86
88
87
88
88
87
86
87
87
85
86
84
85
85
85
85
84
83
81
82
83
83
83
82
81
81
82
81
82
84
84
84
84
85
84
84
84
84
85
84
82
83
83
82
84
84
83
83
82
81
81
81
82
84
84
81
84
84
84
83
83
83
84
84
83
84
84
84
84
84
83
83
84
84
84
83
83
84
83
85
85
84
84
84
85
83
82
81
82
82
82
82
83
82
83
83
82
83
83
83
84
84
85
83
84
84
83
83
83
82
82
82
82
82
82
81
81
82
82
83
83
83
83
85
85
84
85
85
84
84
84
84
83
85
86
86
87
88
87
87
88
89
88
89
90
90
91
91
91
91
91
91
90
91
90
90
89
89
90
90
90
90
90
90
90
88
87
87
86
86
86
86
86
85
85
85
86
87
87
87
86
85
86
85
85
85
85
85
84
84
85
86
87
86
87
89
89
89
89
89
88
88
87
87
87
88
89
89
89
88
88
89
91
91
92
92
92
91
93
94
92
93
93
93
93
93
93
93
94
94
94
94
94
93
93
92
92
93
94
94
94
94
92
91
91
90
91
90
90
90
90
91
91
91
91
91
91
91
91
92
93
92
91
90
90
90
90
91
92
91
91
90
90
90
91
91
90
91
91
91
90
88
88
89
88
89
89
88
87
88
88
87
87
86
86
86
85
85
85
85
85
86
85
87
87
86
85
85
85
86
86
86
86
85
84
84
84
84
84
84
83
83
83
83
82
82
82
82
82
83
84
84
83
84
83
84
82
82
82
82
82
83
82
81
80
81
81
82
82
84
84
85
83
83
84
85
85
85
85
86
88
86
86
85
85
85
88
88
88
88
88
87
87
87
87
86
86
87
88
86
87
88
89
89
90
89
90
88
89
88
87
87
88
88
90
90
90
91
91
91
90
90
90
89
88
86
86
86
86
86
86
85
87
87
87
87
88
89
88
85
87
84
85
86
87
88
89
89
89
89
89
89
89
90
92
92
90
92
91
91
91
91
90
91
91
90
90
90
91
91
91
90
89
89
88
89
88
89
89
89
88
87
88
88
88
87
88
89
89
88
88
89
88
88
89
88
88
89
88
89
88
88
89
88
90
91
91
91
90
90
90
90
91
91
91
90
89
89
89
89
92
93
94
94
93
94
93
93
92
92
92
92
92
93
93
92
92
92
92
92
93
93
94
94
94
96
96
98
96
96
96
96
96
95
96
96
96
97
97
97
96
95
94
93
92
92
92
93
94
94
94
94
95
95
96
96
96
94
93
94
94
93
91
86
78
83
81
82
82
82
80
81
81
80
80
81
80
80
79
79
81
81
79
80
78
79
75
76
74
74
74
73
72
74
78
79
79
81
80
78
77
76
76
76
76
77
77
80
80
77
77
78
78
78
80
80
78
78
77
76
77
75
73
74
75
74
74
75
76
74
80
80
79
79
80
79
78
79
78
79
79
78
77
79
77
78
76
76
76
78
79
79
78
77
77
76
76
75
74
75
74
75
75
73
72
74
71
72
74
74
72
74
75
75
76
76
75
75
78
78
76
79
76
77
79
80
81
77
77
78
77
79
80
80
81
81
82
84
85
85
84
83
83
83
81
81
82
83
83
82
82
80
80
79
81
80
76
76
75
76
76
77
76
76
77
78
78
77
79
82
84
83
83
83
84
84
84
84
84
83
82
81
81
81
84
84
84
83
84
83
82
81
78
79
80
81
80
82
82
83
85
86
87
88
86
86
86
85
86
84
86
87
85
85
85
82
81
81
82
82
81
80
79
80
80
81
81
83
84
84
83
83
83
83
82
79
79
79
78
77
78
77
78
78
78
79
79
79
78
78
77
78
78
77
80
87
88
88
87
87
87
87
85
84
84
84
84
84
83
82
82
81
81
81
82
83
83
83
84
83
83
83
84
84
85
86
85
85
85
87
87
87
86
87
86
87
86
86
85
87
86
86
87
87
88
88
88
88
88
89
89
90
91
90
91
91
91
91
92
92
93
100
102
103
101
101
101
102
102
101
102
103
103
103
102
101
101
101
102
103
104
103
103
103
103
103
103
104
104
106
106
106
105
105
105
106
106
105
105
105
107
106
108
108
108
108
106
107
107
108
108
108
108
108
109
110
110
109
109
112
110
109
110
107
109
109
111
111
109
110
111
110
111
110
110
109
110
111
111
110
111
110
110
110
108
107
108
108
109
109
109
110
110
110
109
110
111
109
108
108
109
108
109
109
112
113
112
111
112
112
110
111
112
113
113
114
113
113
114
114
114
112
120
122
122
122
123
123
122
123
125
126
125
125
125
126
126
126
126
126
126
127
128
127
126
125
124
124
124
122
123
123
124
125
125
125
127
128
129
124
125
125
126
126
126
125
126
128
128
128
128
129
130
129
129
130
130
130
131
132
128
128
127
128
126
115
117
117
117
117
116
116
115
115
116
116
116
116
116
116
118
119
117
117
119
119
120
123
124
125
124
124
124
123
124
126
127
128
128
128
128
129
128
128
129
128
128
129
128
129
129
132
131
131
132
133
133
134
134
135
135
136
136
134
132
132
132
132
133
134
136
139
146
146
146
148
149
149
150
152
152
151
149
152
151
151
152
152
151
153
154
155
155
156
158
159
158
158
157
158
159
160
160
162
167
165
168
170
169
167
169
170
170
170
171
170
171
168
169
166
167
163
154
161
