65
65
65
64
64
63
63
63
62
62
63
63
63
65
64
66
67
67
67
70
70
70
70
70
71
68
70
70
70
70
70
70
70
70
70
70
70
70
69
70
71
72
73
73
73
72
71
71
70
71
71
71
71
71
71
71
71
71
72
71
69
70
70
70
71
70
71
71
71
70
70
70
70
70
71
71
70
70
70
70
69
68
67
68
66
65
65
68
68
69
70
68
68
67
68
68
68
69
71
70
71
74
74
75
74
75
76
77
76
76
77
76
77
77
78
77
77
77
76
74
73
74
75
75
74
76
75
75
75
76
75
73
73
73
73
73
73
73
73
71
72
72
72
71
71
71
71
72
71
72
72
73
73
74
74
75
74
73
73
74
77
78
79
77
76
75
75
74
72
73
74
73
73
73
74
75
76
76
78
79
79
80
79
79
78
82
81
80
81
80
78
79
78
78
79
80
80
79
79
79
79
80
80
81
80
81
80
78
78
78
79
79
79
78
77
77
78
78
79
80
81
81
82
83
82
83
83
83
82
81
80
78
78
77
75
76
76
75
75
74
74
74
74
72
71
73
73
74
73
72
74
76
76
76
76
74
73
75
74
76
77
78
77
77
76
76
77
77
78
78
80
79
80
78
80
78
78
77
78
77
78
78
77
77
76
76
77
77
79
79
79
78
75
75
76
74
73
72
72
73
73
72
73
73
72
72
70
70
70
71
70
72
68
67
68
67
68
67
67
67
67
69
69
72
73
75
76
77
75
75
76
77
77
78
79
79
78
78
77
77
76
76
76
75
73
74
73
73
72
72
73
74
75
75
75
75
76
77
78
77
80
82
84
84
84
82
82
81
82
82
82
82
83
82
83
82
41
40
41
41
39
41
41
42
42
43
43
43
43
43
43
43
43
43
44
43
43
43
42
40
40
40
39
38
39
40
40
39
38
38
38
38
38
37
37
36
36
37
36
35
36
35
34
34
34
33
34
34
34
36
35
36
36
36
37
36
37
35
32
33
35
33
32
32
31
31
32
32
32
33
32
34
33
34
34
34
34
34
34
35
34
33
33
34
33
33
33
32
32
34
35
34
34
34
34
34
34
34
34
33
32
31
32
31
31
31
30
29
28
29
28
29
29
29
29
29
29
28
28
28
28
29
29
29
29
30
30
30
31
30
30
30
30
30
31
31
31
31
31
32
32
31
32
31
31
31
31
31
31
31
31
31
31
31
31
30
30
30
30
30
30
30
32
32
32
32
32
32
32
32
31
31
32
32
32
32
31
30
30
30
30
30
31
30
29
29
29
28
30
29
29
29
31
31
31
31
31
31
31
31
32
31
32
31
31
32
31
31
31
31
30
31
31
31
32
32
32
32
32
32
32
31
31
31
31
31
32
31
31
32
32
32
32
33
31
30
30
30
30
29
29
29
29
30
30
30
30
27
28
28
28
27
27
27
27
28
28
27
26
25
25
25
25
25
26
25
26
26
25
26
26
25
25
25
25
25
26
26
26
26
26
26
26
26
26
25
24
24
24
25
26
26
27
27
27
27
27
27
27
27
27
27
28
28
27
27
28
27
28
28
29
29
28
28
28
29
29
29
29
28
29
29
29
29
29
29
29
30
30
30
29
29
29
29
28
27
27
26
26
26
26
25
25
26
26
26
25
26
25
25
25
25
25
25
24
25
25
25
25
25
25
25
25
26
26
26
27
27
27
27
27
26
27
27
26
25
24
24
24
24
25
26
25
25
26
24
25
25
25
25
26
26
27
26
27
26
27
27
27
26
26
27
28
28
28
27
26
27
27
27
27
27
28
27
27
28
27
28
28
28
28
28
27
28
28
28
28
28
27
28
28
27
27
27
26
27
27
28
28
28
28
27
27
27
26
26
25
25
25
25
26
26
26
27
27
27
27
27
27
27
26
25
25
25
25
25
25
25
25
25
24
23
23
23
23
24
24
23
24
24
25
24
25
25
25
24
24
24
24
25
25
25
25
25
25
25
25
25
26
26
25
25
25
25
25
25
25
25
26
26
26
26
26
25
25
25
25
25
25
25
25
24
24
24
23
24
24
24
24
24
24
24
24
25
25
25
26
26
26
26
27
27
27
27
27
26
26
25
25
25
25
25
25
25
26
26
25
26
25
25
25
25
24
25
25
25
24
25
25
26
27
27
27
27
27
27
27
26
27
27
27
26
26
26
27
27
28
29
28
28
28
28
28
28
28
28
28
27
27
28
27
27
27
27
27
27
27
26
26
26
27
27
27
27
27
27
28
28
27
27
27
27
28
27
27
27
27
27
27
27
28
28
28
28
28
28
29
29
29
28
28
28
28
28
27
27
27
27
27
27
27
27
27
27
27
27
27
27
27
27
27
27
27
28
28
28
29
29
29
29
29
28
28
28
28
28
29
29
29
29
29
29
29
28
27
27
26
26
26
26
26
25
26
25
25
25
24
24
25
26
25
25
25
25
26
26
26
26
26
26
26
25
25
26
26
25
25
26
26
25
25
25
25
25
25
25
25
25
26
25
25
25
25
26
26
26
26
26
27
26
26
26
26
25
25
25
25
23
23
24
24
23
23
23
22
22
22
22
22
21
21
21
21
21
21
21
21
21
21
21
21
21
20
21
20
20
20
20
20
20
21
20
20
20
20
20
20
20
20
20
20
20
20
21
20
20
20
19
19
18
18
18
18
18
19
19
19
18
18
18
18
18
18
18
16
15
16
16
16
16
16
16
15
16
16
16
16
16
17
17
16
17
18
18
19
19
19
18
18
18
18
18
18
19
20
20
21
22
22
22
22
22
21
21
22
22
21
21
21
20
22
23
23
23
23
24
24
25
25
25
24
25
25
24
24
24
23
21
23
