65
65
66
66
65
65
64
64
66
66
67
67
66
66
67
67
68
68
68
68
68
69
67
68
68
67
67
66
66
66
66
67
67
67
67
66
67
66
67
68
70
71
70
71
71
71
72
72
72
74
74
74
73
72
70
70
71
70
70
68
69
69
66
66
65
67
65
64
64
63
64
64
62
63
63
61
61
61
61
59
59
62
63
61
61
60
58
60
62
62
62
59
56
58
58
58
60
61
62
60
60
60
59
59
61
62
64
64
64
64
64
64
64
64
64
63
64
59
57
57
55
55
54
55
55
56
55
56
55
54
54
53
52
51
53
53
53
55
54
55
55
56
56
54
53
52
52
53
53
55
54
55
55
55
58
57
55
56
56
56
56
54
53
54
55
53
52
54
53
53
55
55
54
54
55
57
56
56
56
56
57
58
58
53
49
48
48
48
48
47
47
46
46
46
47
47
48
48
47
47
47
47
47
47
48
47
45
44
45
47
46
46
46
45
45
44
45
46
46
46
48
48
49
49
49
49
50
50
51
50
50
50
50
50
51
51
53
53
52
53
52
52
52
52
50
51
50
51
50
52
52
51
52
53
52
53
53
54
53
53
52
53
55
54
54
54
54
55
55
55
54
52
52
52
53
51
52
52
52
50
50
50
51
52
52
53
54
53
53
52
53
53
53
54
54
53
52
52
54
54
54
54
54
53
53
53
53
53
53
53
54
54
55
56
56
58
59
59
59
59
59
59
58
58
58
58
58
57
57
58
58
58
58
60
59
58
57
57
57
57
57
58
58
58
58
57
58
58
58
58
58
59
59
58
59
59
59
60
60
60
60
60
60
61
62
63
63
63
63
64
63
64
64
64
64
64
64
64
65
65
65
66
66
66
67
66
67
67
66
66
66
66
66
65
66
66
66
67
67
67
66
66
64
64
64
64
63
63
63
62
62
62
62
62
62
63
63
63
63
62
63
64
63
63
64
63
63
64
65
66
66
66
66
67
67
68
68
68
68
68
68
68
68
69
68
69
69
69
69
69
69
69
69
69
69
70
70
69
69
69
68
69
69
69
68
67
67
65
65
66
66
66
67
66
66
67
67
67
66
66
68
68
68
69
68
69
69
71
72
72
73
73
74
74
74
74
74
74
73
73
73
74
74
69
68
69
70
71
69
67
67
66
68
68
67
66
66
67
67
67
66
65
65
64
64
65
65
65
65
65
66
67
68
68
67
67
67
66
67
66
65
66
67
66
66
66
65
65
65
65
65
65
66
66
66
66
67
66
65
64
63
64
64
64
64
65
66
64
65
65
66
66
66
66
66
66
66
66
67
66
66
66
67
65
64
64
64
64
65
66
66
66
67
67
68
68
67
67
66
66
66
66
67
69
69
69
69
69
68
70
68
69
68
68
68
68
66
66
66
65
65
64
65
64
64
65
65
65
65
65
65
65
66
66
67
67
67
67
66
63
64
63
64
65
65
63
62
64
63
63
64
62
61
62
62
63
64
64
65
64
64
64
64
64
63
64
65
65
66
66
67
69
69
69
70
71
70
71
71
72
72
72
73
73
73
73
72
71
74
75
74
74
73
72
72
73
73
72
71
71
72
72
72
73
72
72
72
72
73
73
72
72
73
72
72
71
69
70
71
71
73
74
75
75
76
76
75
76
77
77
75
76
76
76
77
77
79
78
78
77
77
74
73
73
75
76
78
78
80
80
79
80
80
81
81
78
77
77
78
80
81
80
80
82
82
81
81
82
79
79
81
83
82
81
83
84
86
85
85
85
86
87
88
88
86
87
87
86
87
88
88
88
89
89
88
90
90
91
91
92
89
87
88
89
89
87
86
87
88
87
87
91
88
89
89
91
91
92
93
93
93
95
98
95
95
93
93
94
95
94
95
95
95
95
95
98
98
100
102
103
102
102
100
101
100
102
103
102
104
105
103
103
105
107
109
109
109
111
112
110
110
110
110
110
107
106
105
106
105
102
106
105
105
106
105
105
106
104
103
103
101
100
102
102
102
103
101
101
102
101
101
101
100
99
99
100
101
99
99
100
100
102
101
99
96
94
93
92
92
93
94
94
96
98
97
98
99
99
98
97
94
92
90
91
92
92
92
93
95
95
96
97
96
95
96
96
96
98
92
93
93
90
88
89
92
94
92
91
88
88
90
90
89
88
90
90
91
90
91
92
93
92
89
89
90
90
93
95
94
96
97
94
95
96
97
96
95
96
97
97
96
98
99
99
102
105
104
103
102
102
102
103
103
104
105
106
106
107
108
108
107
107
107
107
108
107
107
107
108
108
108
107
105
105
105
104
105
104
106
108
108
107
108
107
108
107
107
104
105
103
103
103
104
104
103
104
104
105
105
104
103
103
105
105
106
106
106
107
108
109
109
109
110
110
111
112
113
113
113
112
112
111
113
115
114
113
111
112
114
114
114
114
114
115
116
114
115
115
115
116
116
117
119
117
118
118
118
120
119
119
118
114
113
114
117
117
118
117
117
118
119
120
121
120
117
115
113
114
113
111
110
110
110
110
112
113
112
113
113
112
112
112
113
112
113
114
113
116
118
117
116
115
114
114
114
113
113
115
115
116
115
115
116
118
118
119
118
118
117
118
118
118
119
120
121
122
126
124
121
121
118
117
118
115
116
115
114
113
115
116
119
118
116
117
118
118
119
120
121
123
122
122
123
123
124
122
120
121
123
116
117
118
119
117
118
120
122
122
123
122
121
122
123
120
120
118
118
118
117
118
118
118
117
117
119
110
113
113
115
115
115
115
114
116
115
114
111
111
110
111
112
112
114
114
113
114
113
113
114
113
110
107
107
107
106
107
107
109
111
111
112
112
107
107
112
107
107
103
104
