39
41
41
40
39
40
41
40
40
42
42
41
44
45
45
46
47
46
45
45
45
45
45
45
45
45
45
45
46
46
47
47
48
48
49
48
48
47
47
47
47
46
46
47
47
47
47
48
47
47
48
48
48
48
48
48
48
48
49
49
49
49
49
49
49
49
49
50
50
50
50
50
50
50
51
50
50
49
48
49
49
49
49
50
49
50
49
49
50
50
51
50
50
49
50
50
50
50
51
51
52
52
53
53
53
55
54
54
53
53
53
54
54
54
53
53
52
53
53
54
54
54
54
54
54
54
53
53
53
53
53
51
51
51
52
52
53
54
54
54
53
53
53
53
54
54
53
54
54
55
55
55
56
58
58
58
58
58
58
58
58
57
57
58
59
59
59
58
57
58
58
59
58
59
59
59
59
60
59
60
60
60
59
59
59
59
59
58
60
59
58
58
59
59
60
60
60
60
59
56
57
57
57
56
56
56
55
55
55
56
55
55
56
56
56
56
56
56
56
55
56
56
56
57
56
57
56
57
57
57
56
56
57
56
55
55
55
55
54
53
53
52
52
51
51
51
51
50
50
50
50
51
51
51
52
52
52
52
52
52
52
52
52
52
55
55
54
55
55
54
55
54
54
54
54
54
54
54
54
53
54
53
52
52
52
52
52
52
52
53
53
52
51
51
52
50
51
51
51
51
51
51
52
52
51
52
52
51
52
52
52
52
52
52
52
53
53
52
52
51
52
52
51
54
53
53
53
54
54
53
53
54
54
55
57
56
55
54
54
54
54
54
54
54
54
54
55
54
54
53
54
54
55
55
55
57
55
55
55
55
55
54
54
55
55
54
54
55
60
55
55
55
55
55
56
55
55
55
56
55
55
56
56
55
54
55
54
54
54
54
54
53
54
54
54
55
55
55
55
56
56
56
56
55
56
56
57
57
57
56
56
56
56
56
56
55
56
57
56
57
57
57
56
56
55
55
55
57
57
58
58
58
59
59
59
59
61
61
61
61
61
62
62
62
61
62
62
62
61
62
64
67
67
67
67
68
68
67
68
69
70
68
67
68
70
67
69
68
67
69
69
69
70
70
70
69
70
71
71
70
70
69
71
71
69
70
67
68
66
67
67
68
70
72
70
72
70
70
71
72
74
75
76
75
75
76
77
76
77
77
77
77
78
78
78
79
79
80
80
79
79
79
80
79
80
80
81
82
83
83
84
84
84
81
82
81
81
82
82
81
81
80
81
81
84
83
83
82
81
81
80
80
80
81
80
81
82
80
80
77
76
78
77
76
77
79
79
79
79
78
77
78
78
78
75
78
77
76
76
76
75
77
78
78
79
78
77
77
79
78
78
77
79
80
80
80
80
80
81
81
81
80
79
80
79
80
80
80
80
81
82
82
82
82
81
82
81
79
79
78
78
78
77
77
78
78
78
79
77
78
78
77
77
78
78
79
79
80
80
72
75
75
75
77
76
73
70
68
68
69
69
67
66
66
65
66
68
67
66
67
69
69
70
70
69
67
67
67
67
68
65
63
62
63
63
64
62
63
63
64
64
64
65
63
63
63
64
65
66
67
68
67
68
68
68
68
66
66
63
64
64
67
68
69
69
74
75
75
76
76
76
75
77
78
79
78
77
77
78
78
79
76
76
77
78
77
77
78
78
77
77
79
79
79
79
78
78
79
76
74
76
76
76
78
77
77
78
79
80
81
82
82
79
77
79
75
76
73
74
80
79
80
79
80
82
81
82
82
81
80
81
78
78
78
76
76
78
80
80
80
81
81
81
80
80
79
79
79
81
81
83
82
83
82
80
80
81
80
79
80
80
80
82
83
83
82
82
81
81
82
82
79
80
80
80
81
80
81
82
81
80
79
78
79
76
76
77
77
76
78
85
89
89
91
91
91
91
90
91
91
91
91
90
90
91
92
92
92
92
92
90
91
93
93
95
95
94
95
95
95
95
95
95
95
96
95
95
96
95
95
96
96
97
95
96
97
97
96
97
96
97
96
96
99
97
96
96
95
96
96
95
96
96
88
85
86
85
84
82
83
84
83
83
82
81
82
80
81
81
81
80
80
80
80
80
79
81
79
77
78
78
76
75
79
78
78
77
77
78
77
77
77
77
75
76
76
76
77
74
76
76
75
75
74
75
76
73
76
77
78
79
80
80
82
82
88
89
89
89
90
89
87
87
88
89
87
88
87
88
86
86
85
86
84
84
85
84
79
79
79
78
78
78
78
78
78
77
77
78
78
77
78
79
77
77
77
76
77
77
76
73
75
77
77
77
77
74
75
79
80
78
78
79
79
78
80
80
79
78
80
79
79
77
77
77
76
75
76
76
75
75
74
74
76
76
75
74
75
75
75
76
76
78
79
78
78
78
77
78
78
78
77
77
77
77
78
78
80
80
80
81
82
83
83
81
82
82
82
82
82
83
82
81
82
81
79
78
79
80
81
79
76
79
78
78
78
80
80
79
77
76
75
75
75
76
75
70
71
71
69
68
67
67
68
70
70
70
70
70
68
68
68
67
67
68
69
69
70
70
71
71
71
69
70
71
72
72
72
73
73
74
75
76
75
74
73
74
75
74
74
74
74
75
75
82
80
81
80
80
79
80
81
82
83
83
83
83
84
84
84
83
83
83
83
83
84
85
85
85
86
87
87
88
89
89
90
89
89
91
90
91
92
91
91
92
92
92
92
92
92
93
92
92
91
93
93
93
93
93
94
95
93
93
94
95
95
100
99
100
98
98
101
104
102
104
106
106
108
108
109
108
106
106
105
107
110
110
109
108
110
108
108
108
108
109
108
110
111
110
109
110
112
115
114
113
113
114
115
114
115
115
115
116
115
114
113
108
103
107
