46
46
45
43
43
43
43
43
43
43
43
43
43
43
44
44
44
44
44
44
44
44
44
44
44
44
44
45
46
46
46
46
46
47
47
47
47
46
46
46
47
47
47
47
47
47
47
47
47
48
48
49
48
48
48
48
49
48
49
49
49
49
49
49
49
49
49
50
50
49
49
48
48
48
49
48
48
47
46
47
47
46
46
47
47
47
47
47
47
47
47
46
46
45
45
45
46
46
46
46
46
47
47
47
47
47
48
47
47
48
48
48
48
48
48
46
46
47
47
47
47
47
47
47
47
47
47
47
47
46
46
45
45
45
45
45
45
46
45
45
45
45
45
45
45
45
45
45
45
44
45
45
45
46
46
46
45
45
45
45
45
45
45
44
44
43
43
43
44
44
44
44
44
44
45
45
45
45
45
47
46
47
48
48
47
47
47
47
47
48
47
48
48
48
48
49
49
49
49
49
49
49
48
48
48
48
48
48
48
49
49
49
49
48
48
48
48
47
48
48
49
48
48
49
49
49
49
48
48
48
48
48
48
48
48
48
48
48
49
50
49
49
49
49
49
48
48
48
47
47
48
48
49
49
49
50
50
50
51
51
52
52
52
53
52
52
52
52
52
52
52
52
53
53
53
52
53
53
53
52
53
53
53
53
54
54
54
54
54
54
54
54
53
52
53
52
51
51
52
52
52
52
55
54
54
54
55
55
56
55
56
56
56
57
57
57
57
57
57
57
57
57
57
57
57
57
57
57
58
58
57
57
58
58
58
58
58
58
58
58
59
58
60
60
60
59
58
58
58
58
59
59
59
59
59
59
58
59
59
59
59
59
59
59
59
59
59
61
62
62
61
59
59
59
59
59
60
60
61
61
61
61
61
61
61
61
61
61
61
61
61
62
63
63
63
63
63
62
62
62
62
63
62
63
64
63
64
64
65
64
65
64
64
64
64
63
64
65
64
64
65
65
64
64
64
61
62
63
65
65
67
67
66
68
68
68
70
69
70
71
69
70
70
70
69
71
71
70
71
71
71
73
72
73
73
73
73
73
73
72
72
72
71
71
71
71
71
70
70
71
72
72
73
73
73
73
73
73
72
71
72
72
73
74
74
74
73
76
75
77
78
79
79
79
78
79
79
79
77
78
78
79
76
78
79
79
80
78
77
77
78
78
79
79
79
79
78
79
79
79
78
79
78
78
78
77
77
77
77
76
76
76
77
77
78
78
80
79
79
79
79
78
79
79
79
79
79
78
78
78
78
77
78
80
80
79
79
77
76
75
75
76
76
76
76
76
76
76
76
77
78
77
77
78
77
78
77
77
77
77
77
76
76
76
75
74
73
74
74
74
73
73
73
74
75
75
75
74
75
75
74
74
73
75
74
75
77
77
77
78
78
78
79
79
79
79
78
79
77
78
78
79
79
80
80
80
82
83
82
82
81
81
82
82
82
83
82
82
81
76
78
76
77
77
77
76
76
77
76
77
78
76
76
76
76
77
77
77
78
77
77
77
78
78
77
79
79
78
80
83
82
83
83
84
84
84
83
83
84
85
85
86
90
90
90
91
91
90
90
89
88
88
87
86
86
87
88
87
87
88
87
89
90
88
88
89
90
91
90
92
91
90
92
91
92
91
90
91
92
94
94
93
92
93
94
94
94
95
95
94
92
92
92
93
94
93
93
91
90
89
90
90
90
92
91
91
91
91
93
94
95
95
93
90
89
88
91
89
91
93
89
90
90
91
91
92
93
93
92
92
93
92
92
91
90
91
92
92
91
90
90
90
92
90
90
89
90
88
89
90
90
89
91
90
91
91
90
92
91
91
89
88
89
89
90
88
86
87
88
89
90
90
91
92
92
93
93
94
95
95
95
95
95
94
92
92
93
92
92
92
92
92
92
92
92
92
93
92
92
92
92
92
91
92
91
92
92
92
93
93
91
92
96
95
94
97
96
98
98
97
97
96
97
96
97
97
97
98
97
98
98
98
97
96
98
98
98
97
97
98
97
96
96
97
97
97
97
95
96
96
95
94
93
94
94
94
93
93
94
94
94
94
93
92
90
91
90
90
90
91
91
91
92
92
92
91
91
91
91
91
88
87
87
88
88
88
87
87
87
87
88
88
88
87
88
88
88
90
87
88
88
87
87
87
87
88
87
85
83
83
83
83
83
83
83
86
87
88
88
89
89
86
85
85
87
87
88
87
90
90
90
90
90
91
90
91
90
91
91
91
91
91
91
91
91
91
92
90
90
90
90
90
90
90
91
91
91
92
91
91
90
91
91
91
92
92
92
92
93
93
94
91
92
93
94
94
95
94
95
94
93
93
94
96
95
94
94
95
94
95
95
95
96
97
96
96
97
97
97
97
97
97
97
97
98
97
97
97
96
97
97
97
97
97
98
99
98
98
98
98
93
93
92
92
91
90
91
91
91
91
91
90
91
90
92
91
90
91
91
92
92
93
93
93
93
93
93
93
93
93
93
92
91
93
93
93
94
94
96
96
95
92
93
93
92
92
91
92
91
90
89
89
89
89
90
89
90
90
91
92
91
92
92
92
92
92
91
91
91
91
91
91
91
90
90
90
91
91
92
92
92
91
91
90
91
91
91
90
90
91
91
92
92
92
92
92
92
92
92
92
92
92
91
90
89
89
88
89
87
88
89
88
87
88
88
88
88
89
89
89
89
89
89
89
89
91
90
84
86
86
86
86
86
86
86
85
84
85
85
86
86
87
88
88
87
87
87
87
87
87
87
87
90
90
91
93
94
95
94
94
94
93
93
94
95
94
94
96
96
96
97
97
97
97
95
95
96
96
96
95
96
96
96
95
96
96
96
97
97
96
95
127
117
119
119
120
118
118
118
