47
47
47
46
46
46
45
45
45
45
46
45
46
47
46
46
46
47
47
48
47
48
48
49
49
49
49
49
49
49
50
50
50
51
52
51
52
51
51
50
50
49
50
50
50
49
49
49
49
49
49
50
51
51
51
51
51
52
52
53
53
53
53
53
53
53
54
54
53
53
54
54
52
53
53
53
53
52
52
53
53
53
54
55
54
54
53
53
53
53
53
52
51
49
49
49
50
49
51
51
51
51
51
52
52
51
51
50
51
50
50
50
49
49
49
48
48
49
49
49
49
50
50
50
49
50
50
49
49
49
48
48
48
48
48
47
47
47
47
46
46
46
47
46
47
47
48
48
48
48
48
49
49
50
50
47
46
46
46
46
46
46
46
46
46
46
46
46
46
49
50
50
51
51
51
52
52
52
52
51
52
52
52
53
52
52
52
52
53
53
52
52
52
52
52
53
54
53
53
53
54
54
53
53
54
53
53
52
52
52
52
52
52
52
52
52
52
52
52
51
52
54
54
55
54
54
54
53
53
52
52
52
52
52
51
51
52
52
51
51
50
51
50
50
50
50
49
49
48
47
47
48
48
48
49
48
48
49
49
49
51
51
51
51
50
50
49
49
49
48
49
50
50
50
51
49
50
50
49
49
50
51
51
51
51
50
51
51
52
52
52
51
50
50
50
49
49
49
49
49
48
48
50
51
50
50
50
50
50
50
49
49
49
49
49
50
51
51
50
49
48
49
48
49
49
50
50
50
50
50
50
50
50
51
51
51
50
50
49
50
50
49
50
48
47
48
47
47
47
47
46
46
46
46
46
45
45
45
45
44
44
44
44
44
44
44
44
45
45
46
47
47
47
47
48
47
47
47
47
46
46
47
47
47
47
47
48
48
48
47
48
47
47
47
48
48
48
48
48
48
48
49
48
50
50
50
51
51
51
50
52
51
52
52
51
51
52
52
51
50
50
49
48
47
47
48
49
49
49
49
50
50
51
52
52
51
52
52
52
53
52
53
53
55
56
57
56
56
55
55
55
56
56
56
55
56
57
58
57
58
58
58
58
58
58
58
58
57
58
58
58
58
59
59
58
58
59
59
59
58
59
58
61
61
60
60
59
59
59
59
59
60
61
61
62
62
61
62
61
60
61
61
61
60
61
61
61
61
62
61
62
62
62
63
64
64
64
64
64
63
63
64
63
63
62
62
64
64
65
66
65
67
68
69
70
68
68
69
69
69
68
67
67
66
67
68
68
68
68
67
66
65
65
65
65
66
67
66
66
64
64
64
63
62
62
64
64
64
64
63
64
64
64
65
64
65
65
65
65
65
66
66
65
65
64
65
65
65
67
68
68
68
68
69
69
69
73
69
72
72
72
72
72
71
70
71
71
72
72
73
72
72
72
73
73
73
73
75
75
73
72
73
73
74
74
74
74
74
71
72
71
70
71
72
72
73
71
72
71
67
68
68
69
69
69
67
68
69
69
70
71
69
70
70
70
70
69
70
70
69
70
71
72
71
68
69
69
68
69
68
67
66
67
66
66
66
64
64
66
65
64
63
64
64
64
63
64
63
62
62
63
61
62
61
55
55
56
55
54
54
54
54
55
55
56
56
57
57
57
56
56
56
58
58
59
58
57
58
59
59
59
60
63
64
64
64
65
65
65
64
63
63
63
62
63
62
62
62
62
61
61
60
60
61
62
61
62
63
63
63
63
62
62
61
59
59
59
57
58
59
60
61
62
62
62
62
63
64
63
64
64
65
65
65
65
67
67
67
68
68
67
67
68
67
67
67
66
66
66
67
66
66
67
67
65
65
65
65
65
66
65
65
64
64
63
63
63
63
63
64
63
63
62
63
63
64
63
62
64
64
63
64
63
64
64
63
66
66
65
66
67
67
68
68
67
67
68
68
67
68
68
68
68
67
67
67
68
68
67
68
67
66
65
66
64
63
62
62
62
62
62
63
62
63
63
62
62
63
63
62
63
62
61
60
61
61
61
60
61
61
63
62
62
62
63
63
62
62
62
62
62
62
63
63
63
61
61
61
62
62
63
62
63
62
62
63
62
62
62
62
62
61
62
62
63
63
61
61
61
61
64
62
61
61
62
63
63
63
62
62
63
63
63
63
63
63
61
61
62
63
65
64
65
64
64
65
65
69
69
70
72
73
72
72
73
73
74
75
74
73
73
74
76
76
76
77
78
79
78
78
77
77
76
75
76
76
76
74
75
74
74
74
73
72
73
72
71
72
72
73
74
73
73
73
73
73
73
73
74
74
74
74
73
72
73
72
72
72
73
75
76
75
76
76
76
77
76
76
75
76
75
75
75
75
75
75
75
75
75
74
75
75
76
76
77
77
77
77
77
76
79
82
82
83
84
83
84
83
83
83
83
83
82
82
83
83
83
84
85
85
86
86
86
85
86
87
87
87
87
87
87
87
88
88
88
86
86
86
87
88
87
87
88
88
88
89
90
91
92
92
92
92
92
91
90
90
89
90
90
89
89
89
90
93
93
92
92
91
91
89
90
90
90
89
90
89
89
90
89
90
89
88
87
87
85
84
84
82
85
84
82
83
84
82
81
83
84
83
84
84
84
84
85
84
84
83
84
84
83
83
82
81
81
78
77
79
80
81
83
83
84
84
84
84
83
83
81
79
79
79
79
80
80
80
79
81
80
80
79
79
80
79
82
82
82
83
82
83
82
83
83
83
82
82
82
82
82
82
82
82
83
83
83
82
82
83
83
80
80
80
81
83
85
85
86
87
86
86
85
86
87
87
87
88
89
94
98
97
95
96
97
98
98
97
97
100
99
99
98
97
97
98
99
98
97
98
99
98
98
98
98
98
98
97
95
97
96
93
94
