60
59
59
59
60
59
57
58
58
58
58
58
58
59
60
60
61
62
60
60
59
59
59
59
59
59
59
59
59
59
59
59
59
59
59
61
63
63
62
63
63
63
63
63
63
63
63
62
61
61
61
62
61
61
60
59
59
60
59
59
59
60
65
64
65
65
65
65
64
64
64
63
63
63
63
63
63
63
62
63
62
62
63
63
63
65
65
65
65
65
65
63
62
61
62
61
61
61
61
58
57
57
58
58
58
59
60
61
59
59
59
58
59
60
59
58
59
59
59
58
58
59
59
59
58
57
57
57
57
57
57
57
56
56
56
55
55
55
55
54
54
54
54
54
55
56
55
56
56
56
56
56
57
59
59
59
58
58
58
57
57
57
57
57
58
58
58
58
58
58
58
58
57
57
58
58
58
57
57
56
56
55
56
56
56
56
57
57
55
55
56
57
57
58
58
59
59
59
59
58
57
59
61
61
60
59
59
58
57
57
58
62
61
61
60
61
60
61
62
62
63
63
63
64
63
64
63
65
65
65
65
66
66
65
65
65
65
65
65
65
66
65
64
64
64
64
64
65
63
63
63
64
64
64
68
66
66
67
67
66
66
66
67
67
68
68
68
69
69
69
69
69
69
68
68
68
68
69
69
70
70
70
69
69
69
68
69
69
69
69
70
68
68
69
69
68
67
68
68
69
69
70
69
70
69
70
70
70
69
68
67
67
67
68
67
68
68
68
68
68
67
67
68
68
68
69
69
69
70
71
71
71
72
72
72
72
71
71
71
71
71
70
70
72
72
72
71
72
71
73
73
73
74
73
73
73
73
73
73
73
73
74
73
73
71
72
72
72
71
72
71
71
71
71
72
71
72
71
72
72
72
72
72
72
74
73
74
74
74
74
74
74
75
75
75
75
74
74
74
75
74
74
74
74
74
74
75
75
75
74
75
74
73
73
73
73
74
74
73
73
75
74
73
74
73
72
73
73
74
76
76
76
77
77
78
77
78
78
78
78
77
74
74
75
76
77
77
76
75
75
75
76
75
74
75
76
76
76
76
76
75
76
75
75
75
74
74
73
73
75
75
76
76
76
76
76
76
76
76
75
75
74
75
76
75
75
74
75
74
76
75
76
76
76
76
76
76
76
75
76
75
76
77
75
75
76
76
75
73
73
73
73
74
74
73
74
74
75
75
76
77
77
78
77
78
80
80
81
81
81
81
82
82
83
82
81
81
82
82
81
80
81
82
82
82
81
82
82
82
82
82
82
82
83
83
84
85
84
83
82
82
83
81
82
81
82
82
81
81
81
82
82
83
83
83
83
84
84
84
84
84
84
84
84
82
82
82
82
82
82
81
81
82
81
81
83
82
82
81
81
80
80
80
80
79
80
79
80
80
80
80
80
80
80
80
80
80
80
80
79
79
79
79
79
79
80
80
80
81
81
81
80
80
80
80
80
80
80
78
76
75
75
77
76
76
74
75
75
74
75
76
75
74
75
75
75
76
75
75
75
75
75
75
72
71
72
72
72
73
73
72
73
73
73
73
74
73
76
76
76
77
77
75
76
76
77
77
78
78
78
73
77
78
77
76
76
75
73
72
74
73
74
73
74
73
74
74
75
73
73
73
72
72
71
71
71
70
70
69
68
68
68
68
69
70
70
70
70
71
70
69
69
68
67
68
68
67
67
66
66
67
65
65
66
67
66
67
66
65
67
67
66
65
65
63
62
63
62
62
63
63
64
64
64
65
64
64
66
66
67
68
68
70
70
71
70
70
71
71
70
70
70
71
72
72
73
72
72
72
73
73
73
74
73
73
74
74
74
73
74
74
74
74
75
75
75
75
75
75
75
75
74
74
73
74
74
76
76
76
77
76
76
75
77
77
77
78
77
77
77
77
77
77
77
78
78
77
77
77
77
77
76
75
76
75
76
76
76
76
77
75
75
74
75
77
78
77
76
77
77
78
79
78
78
78
78
77
78
78
78
78
78
78
76
77
78
77
76
76
76
77
73
72
70
70
69
68
68
67
64
65
66
66
64
64
64
64
65
65
64
64
64
65
64
63
64
64
63
64
64
66
65
66
67
66
66
66
66
66
66
64
64
64
64
64
64
62
62
63
63
63
63
63
61
62
58
58
57
56
55
59
58
58
59
60
58
59
60
60
60
61
60
60
62
61
63
63
64
63
63
64
64
65
64
64
64
64
66
67
65
65
64
64
65
65
65
64
65
65
65
65
64
65
65
66
66
63
63
63
63
64
64
64
64
63
63
63
64
66
65
65
63
64
64
65
65
65
64
65
65
65
65
64
65
66
67
69
69
69
69
69
70
69
70
70
69
68
68
68
69
68
69
69
68
68
67
66
66
66
66
67
67
68
68
68
68
67
67
68
67
68
68
68
68
68
68
68
68
68
68
69
68
69
69
69
69
66
65
66
65
66
66
67
67
66
62
64
64
65
65
65
65
66
64
65
66
68
66
66
65
64
64
65
65
66
66
66
66
66
65
64
65
64
64
64
65
64
65
64
64
63
63
63
64
64
64
65
65
65
65
66
66
66
65
65
65
66
58
64
59
58
58
57
57
56
56
57
57
57
57
56
56
56
57
57
57
58
57
57
58
59
58
58
58
57
59
60
60
60
60
60
61
59
60
61
57
58
58
58
59
60
60
61
60
60
57
55
55
55
54
55
57
57
58
59
60
61
62
63
62
62
61
61
60
59
60
60
54
54
55
55
55
54
55
55
55
55
55
56
57
58
58
61
61
61
62
67
70
67
69
70
70
71
69
71
71
72
72
72
72
72
73
73
72
72
74
75
76
76
77
78
80
80
79
79
78
79
79
79
79
79
79
78
79
78
77
75
72
74
