60
60
60
60
61
61
59
61
56
55
55
54
54
54
54
54
54
54
54
56
56
56
55
56
58
58
58
58
57
57
58
57
57
57
56
56
55
54
53
54
54
56
56
56
54
54
53
53
53
52
52
53
54
54
54
55
55
56
57
58
58
58
58
58
59
59
59
59
59
59
60
60
58
58
58
58
59
58
57
57
57
58
56
57
56
56
55
55
55
55
55
54
53
53
52
53
53
52
52
52
53
54
55
55
56
56
56
56
56
56
56
57
58
58
57
56
56
55
55
55
56
56
56
56
58
57
59
58
58
58
58
58
57
57
56
56
57
58
58
57
57
57
58
57
58
59
59
59
58
59
59
59
58
59
60
60
59
60
60
60
59
58
58
58
58
58
58
59
58
59
60
60
61
61
62
63
65
66
65
64
65
65
64
65
63
63
64
64
64
61
60
62
61
60
61
61
61
60
65
63
63
62
61
61
61
61
61
61
61
62
61
60
60
60
59
60
60
60
59
61
61
61
61
61
62
62
62
61
60
61
61
61
61
60
59
60
59
59
60
60
60
60
59
59
59
59
59
59
59
59
59
60
61
61
62
61
62
62
64
64
65
64
64
64
63
64
64
64
65
65
64
65
64
63
63
62
63
63
63
63
64
64
64
64
64
65
66
67
67
68
69
68
68
68
68
68
68
68
69
70
71
70
71
72
71
71
71
70
70
70
70
70
71
73
71
71
71
72
72
71
71
72
73
74
73
73
73
74
74
74
74
75
75
75
75
75
75
77
77
78
78
78
78
79
79
79
78
79
78
79
80
79
79
80
78
78
78
78
77
78
77
78
77
77
78
78
78
79
78
78
78
77
75
75
76
74
75
74
75
74
73
73
73
74
74
74
74
75
75
75
75
74
75
75
75
74
72
72
71
71
70
70
70
70
72
72
72
71
70
70
70
69
69
69
68
67
67
66
65
63
63
61
59
57
54
54
58
58
59
60
60
60
58
58
62
59
58
60
57
60
61
63
66
64
64
63
63
64
64
65
65
68
67
67
64
60
59
59
60
60
59
59
57
56
54
53
54
52
55
60
61
61
61
61
61
61
61
60
61
60
59
58
59
60
59
59
58
60
58
60
60
62
61
60
61
62
59
58
61
64
63
65
66
66
65
63
66
67
66
65
62
64
63
65
65
65
63
61
61
61
62
60
59
57
58
58
57
57
58
57
59
59
59
58
58
61
60
60
60
61
61
63
63
64
64
65
65
65
67
66
66
66
67
65
66
66
67
67
67
69
68
69
70
69
67
67
68
66
68
66
65
65
65
66
66
67
66
66
66
65
65
65
65
63
63
63
63
63
64
63
61
62
62
62
61
61
61
61
61
60
60
60
59
58
57
57
57
57
57
56
55
56
55
54
53
52
52
51
51
48
49
50
51
50
49
49
50
47
48
47
47
47
47
46
46
46
46
45
42
38
40
37
39
41
42
41
41
41
40
41
41
40
39
39
39
39
41
40
40
40
40
38
39
38
37
37
38
37
41
43
45
44
45
45
44
44
44
46
46
45
45
44
44
45
42
41
41
41
41
44
47
46
47
47
47
48
45
45
45
46
46
46
46
45
45
46
45
45
46
46
44
40
38
35
36
35
35
33
32
32
31
29
29
29
31
33
32
32
32
31
32
32
32
29
28
29
28
26
25
24
25
23
21
26
25
24
24
26
27
27
25
25
27
26
24
23
22
21
21
22
20
19
19
19
20
18
19
20
20
20
19
21
23
23
24
22
23
23
24
24
24
27
28
27
28
28
25
27
25
27
26
26
27
26
27
27
29
29
30
31
31
31
30
33
33
35
34
35
34
35
36
37
34
34
34
32
31
31
30
31
34
32
33
34
34
34
34
34
35
35
37
36
36
35
35
37
37
38
39
37
37
35
36
35
35
35
37
37
39
38
36
35
35
37
37
36
36
36
38
38
38
39
40
40
39
38
38
37
38
38
37
36
38
36
36
38
36
36
38
39
40
40
40
40
42
42
43
42
44
44
44
44
45
45
45
44
45
44
43
44
44
45
45
45
43
42
41
40
40
42
41
41
43
42
40
39
39
42
44
44
44
44
45
44
43
44
44
44
44
43
43
42
42
42
43
41
40
40
40
39
38
37
40
40
41
41
42
44
43
42
43
45
44
43
45
45
44
45
45
41
47
50
47
48
47
47
48
48
50
49
48
47
48
47
47
47
47
47
47
47
46
46
47
47
48
49
48
47
46
48
46
47
46
46
47
46
46
47
47
47
47
45
46
46
46
47
45
44
45
45
45
46
46
44
44
45
44
45
44
43
43
44
44
44
43
44
43
40
41
40
40
40
41
41
40
41
39
39
39
38
39
40
42
41
42
42
43
42
43
43
43
43
42
41
41
41
39
39
40
40
40
40
40
39
39
39
38
37
38
38
38
39
38
39
38
37
37
37
39
38
38
37
36
35
34
34
34
33
33
34
32
32
33
33
33
32
32
32
31
31
30
30
31
31
30
31
32
32
32
31
30
29
30
31
31
31
32
32
31
33
32
32
32
33
33
33
33
33
33
34
32
33
32
32
32
32
32
31
31
30
30
30
30
30
31
31
31
31
31
31
32
32
32
32
32
32
32
32
34
34
33
34
34
35
35
36
36
37
37
37
36
36
37
36
36
36
37
36
36
36
36
36
36
35
35
35
35
35
34
35
36
36
38
39
39
40
41
41
40
41
40
39
38
38
38
38
38
38
38
38
37
37
37
39
39
39
38
37
38
38
39
38
38
38
38
38
39
40
41
42
43
42
42
42
42
43
43
43
43
43
43
43
44
43
43
43
43
45
45
45
44
44
43
42
42
42
39
38
38
