73
74
74
75
74
75
75
76
75
74
75
72
76
77
76
76
78
78
78
78
78
79
79
80
80
79
79
80
79
79
80
80
78
79
80
80
80
80
79
79
81
81
82
83
82
81
81
82
82
82
83
84
84
84
83
83
85
84
85
86
86
87
87
87
87
87
88
89
88
89
88
89
87
87
88
87
86
85
85
84
84
84
84
85
84
84
84
84
85
86
87
85
84
83
85
85
86
86
86
86
86
86
87
87
88
89
90
90
91
92
92
93
93
95
95
94
93
93
92
94
93
94
94
92
93
94
93
93
93
93
92
92
91
91
91
91
92
92
92
91
91
92
93
93
93
93
93
94
95
96
96
97
97
96
99
99
98
99
99
99
99
98
99
99
99
98
99
97
97
99
99
99
100
100
102
102
103
103
104
103
105
105
103
107
106
106
106
105
106
106
105
106
106
106
107
107
108
107
107
107
107
107
107
108
107
107
105
103
103
104
106
105
105
103
103
103
103
102
104
103
105
104
105
105
104
104
104
104
101
102
103
105
106
105
103
104
104
105
105
104
103
101
99
99
99
101
99
100
99
98
99
100
100
101
101
101
103
103
103
102
102
102
102
105
105
107
106
109
110
109
110
109
110
111
111
109
109
110
110
109
111
111
110
109
107
106
107
108
109
109
110
107
106
106
107
105
104
104
106
107
107
108
107
107
106
106
105
105
105
104
104
105
105
105
104
105
106
106
106
106
108
107
107
108
108
108
109
108
109
109
109
109
110
110
110
110
110
109
108
108
108
108
108
109
109
108
107
108
107
109
112
111
111
110
110
111
110
110
110
110
111
110
110
110
110
110
110
110
110
111
110
110
108
108
109
108
109
108
109
110
110
112
112
113
114
114
114
114
114
115
115
114
114
115
115
115
115
115
115
115
115
115
115
115
117
117
118
118
117
117
117
116
116
116
115
112
114
115
113
112
113
110
109
108
106
104
106
108
111
113
114
113
113
112
110
113
110
112
110
110
111
112
112
112
113
113
113
112
112
113
112
115
115
114
113
113
107
104
106
109
110
108
103
105
104
104
103
102
102
105
106
107
107
108
107
107
107
106
105
104
102
100
101
103
102
101
100
102
101
103
102
105
106
106
106
107
103
103
103
104
106
105
107
107
108
108
110
111
112
111
111
112
112
111
113
115
116
116
115
116
117
116
115
115
115
114
115
115
114
114
115
116
115
114
114
114
114
115
114
114
113
113
115
115
116
116
116
115
116
117
116
116
116
116
116
116
116
114
113
114
112
114
114
113
112
113
114
113
114
115
116
116
116
116
115
116
115
114
114
115
115
114
116
116
114
114
114
114
116
115
114
114
115
116
117
118
118
117
116
116
115
114
114
114
112
112
111
112
112
113
114
115
115
114
113
113
112
112
111
109
108
114
115
116
115
116
117
117
116
115
115
115
115
116
116
116
115
114
112
104
109
107
108
109
109
107
107
109
107
108
110
110
109
110
110
110
113
112
113
112
111
109
111
110
108
109
110
111
115
116
118
118
119
120
120
120
122
122
121
119
120
119
121
120
119
119
119
120
116
118
121
117
117
117
116
117
116
115
116
117
117
118
118
118
119
120
119
119
120
119
119
118
119
117
117
117
114
112
115
116
118
115
113
114
115
116
115
116
116
115
113
113
110
106
105
105
106
107
103
103
104
101
102
104
104
103
103
104
105
107
107
107
107
109
105
103
108
104
105
108
110
110
108
109
104
99
103
104
106
104
105
105
106
106
105
105
105
106
104
103
104
106
108
108
108
110
109
111
110
112
113
110
112
111
111
112
112
112
112
113
114
116
115
116
116
116
116
116
116
116
115
115
114
117
113
115
115
117
116
117
117
117
116
118
117
116
117
117
117
119
119
118
119
117
118
118
119
120
121
121
120
120
119
120
118
119
119
119
120
121
118
115
115
116
117
119
118
117
118
119
119
120
121
121
122
121
120
120
120
120
120
120
120
119
119
118
119
123
122
122
123
122
123
123
123
123
123
122
122
122
122
123
122
122
123
123
124
124
123
124
124
124
122
121
118
120
118
117
117
118
118
118
119
119
119
119
120
121
121
122
121
120
120
120
120
118
117
116
118
116
118
117
117
116
116
116
116
115
115
115
114
112
112
111
112
113
112
115
116
116
114
114
115
115
115
115
116
117
116
116
117
117
118
117
118
117
119
120
121
122
122
121
122
121
121
120
119
119
119
120
118
118
118
118
118
119
119
118
118
118
119
118
119
119
119
118
120
122
123
121
121
121
120
121
120
120
120
120
120
121
121
122
122
123
123
123
122
124
122
126
124
125
126
125
125
125
125
124
124
124
124
124
125
125
125
125
124
124
124
123
124
125
125
125
126
126
125
125
125
125
126
125
125
125
125
126
126
126
127
128
128
129
129
129
126
126
126
126
127
126
126
127
127
127
127
127
127
127
128
128
128
130
131
131
132
133
134
134
133
134
133
133
134
133
135
134
134
134
134
134
132
132
132
132
133
133
132
133
133
133
132
133
132
133
133
132
133
132
133
133
132
133
133
133
132
132
132
133
131
133
133
133
132
131
132
131
130
131
131
132
130
130
131
131
131
131
131
131
131
132
134
133
133
131
131
131
130
130
129
131
131
131
131
131
131
131
132
130
129
129
129
131
131
131
131
132
132
133
132
134
134
134
133
132
132
133
133
132
133
133
132
132
130
131
131
131
132
131
130
130
130
131
131
131
132
131
133
133
133
133
133
134
135
136
135
137
137
137
137
136
135
135
135
135
135
136
136
134
134
134
134
135
135
134
135
136
136
137
137
137
135
137
138
138
137
139
140
140
138
138
139
138
137
138
137
138
137
130
131
