56
55
55
54
54
54
55
56
54
54
54
53
54
54
55
56
56
57
57
57
57
57
56
57
56
56
56
56
57
57
56
56
56
57
57
57
57
56
56
56
57
58
59
59
59
58
58
59
59
59
59
60
60
62
61
61
61
61
62
62
63
63
63
63
64
64
64
64
63
62
62
62
61
61
62
61
62
61
61
61
61
60
60
61
60
60
60
61
61
60
61
60
60
58
58
59
59
59
59
59
59
59
60
60
60
61
61
61
61
61
61
61
61
62
62
60
62
62
63
64
64
64
65
65
65
65
65
65
65
65
64
63
62
62
63
62
63
62
62
61
60
60
60
59
59
60
59
60
60
60
59
61
61
61
62
62
62
60
60
60
60
59
60
60
59
59
59
59
59
60
61
60
61
60
60
62
62
62
62
62
64
66
66
65
65
65
65
65
65
65
64
65
65
65
66
66
66
66
67
67
67
68
68
68
67
67
67
67
67
67
68
68
67
67
67
67
68
67
67
68
68
68
69
69
69
70
69
69
69
69
69
69
69
68
68
68
68
69
71
70
71
70
70
69
68
69
70
70
68
69
68
70
71
71
71
71
70
69
69
68
69
69
70
70
70
70
70
70
71
70
71
71
71
71
72
71
71
72
73
72
73
71
71
70
69
69
69
68
70
70
69
68
67
67
68
66
66
66
67
68
69
68
70
68
69
69
70
70
71
71
70
70
71
71
71
72
72
71
71
70
70
71
69
69
70
70
70
70
70
71
70
70
71
71
72
73
72
72
71
72
71
72
72
73
73
73
72
72
72
73
73
72
72
73
73
73
72
73
74
74
74
74
74
73
74
75
74
76
77
77
77
77
76
76
76
75
74
74
76
76
76
77
78
78
78
78
78
78
78
79
78
78
79
79
79
79
79
80
79
78
78
79
78
78
78
78
78
77
76
75
75
74
74
74
75
73
74
74
74
73
74
72
72
71
70
69
72
72
74
75
74
73
74
75
76
78
77
76
76
76
77
78
78
78
78
79
78
78
78
79
78
79
79
79
80
79
79
79
80
81
81
81
81
81
81
81
80
80
79
80
81
81
81
82
82
82
82
82
81
81
81
80
82
83
83
83
82
83
83
84
84
85
85
85
84
86
85
84
84
85
85
85
85
85
85
86
87
92
92
92
93
93
94
93
93
93
93
93
95
94
94
94
93
92
92
92
92
92
92
92
93
93
93
93
92
91
92
92
93
93
93
93
94
93
93
93
93
94
94
94
93
93
94
94
98
99
98
98
98
98
98
99
99
99
98
99
99
99
98
99
100
99
100
100
99
100
100
99
100
100
100
99
98
98
97
98
97
98
99
99
98
97
98
98
99
100
101
100
97
100
99
98
98
98
97
98
97
97
97
98
100
98
99
100
99
99
98
102
99
100
99
101
102
103
102
103
104
104
102
104
103
103
103
104
104
106
105
104
101
96
96
94
97
98
98
96
96
98
97
99
100
98
97
98
98
100
99
99
98
97
98
97
98
97
95
97
97
97
100
101
101
103
105
105
105
104
105
106
106
107
108
104
105
106
107
107
107
107
107
108
107
106
106
106
105
106
106
105
105
107
108
110
110
110
110
110
111
113
112
113
112
110
112
111
111
110
110
108
109
110
113
113
111
111
112
113
113
114
114
112
110
110
108
107
106
103
102
103
101
101
104
102
102
104
105
104
105
104
103
105
106
104
103
103
99
93
94
94
95
99
100
102
100
102
103
102
104
107
106
106
106
107
107
107
105
107
107
108
108
109
109
110
112
112
112
112
111
112
112
114
114
114
117
115
115
114
115
115
114
114
115
116
116
117
117
117
115
115
117
117
118
120
120
120
119
119
119
120
122
125
123
123
122
123
123
122
123
123
123
126
125
125
126
125
125
126
126
126
125
125
125
124
123
123
121
123
124
124
125
126
122
121
120
123
126
128
128
129
130
131
133
133
134
135
134
134
134
135
136
135
136
137
136
134
134
133
132
131
130
132
133
131
133
133
133
132
131
130
131
131
131
132
131
130
131
132
132
132
132
134
134
135
135
133
130
132
131
132
134
133
132
133
134
133
132
132
133
135
134
134
134
133
132
132
131
131
129
129
129
130
131
131
130
129
130
131
130
127
123
122
125
124
123
123
125
126
126
122
116
115
115
118
120
122
121
122
120
120
120
119
119
114
112
116
115
114
116
118
117
117
116
116
117
116
117
116
119
119
120
119
119
119
119
119
120
120
121
120
120
120
121
120
120
120
120
118
118
119
118
118
118
118
118
117
118
120
121
121
124
128
131
129
129
130
130
130
129
130
129
130
131
132
133
133
132
132
131
132
133
133
133
134
135
135
136
136
136
137
136
135
135
136
136
136
137
136
136
136
136
136
135
135
135
135
137
137
137
137
138
139
139
133
135
136
135
136
136
137
139
137
136
136
136
135
137
135
134
136
137
137
137
137
137
136
137
137
138
137
138
138
137
135
135
138
141
140
142
143
141
140
139
139
140
139
139
139
138
138
138
139
138
138
139
140
140
139
140
139
142
143
143
144
145
145
143
143
146
145
146
145
145
145
145
142
142
142
142
143
143
143
141
140
140
141
141
141
141
140
141
142
143
141
142
141
122
122
113
117
120
94
93
92
95
96
100
106
103
107
106
106
106
108
111
112
113
111
113
114
110
110
110
109
109
111
111
109
109
109
107
109
109
109
109
110
110
109
108
107
106
110
107
108
109
110
109
111
111
111
110
110
111
112
113
114
114
114
114
115
117
117
118
118
117
119
120
119
120
119
119
120
119
120
120
118
120
120
122
123
122
122
121
122
123
123
123
123
124
125
126
126
128
127
124
124
125
123
121
116
118
