63
62
62
63
63
63
63
64
63
63
64
62
62
64
64
64
65
66
66
66
65
66
66
65
65
63
63
63
63
63
64
64
64
64
64
64
65
65
64
63
65
65
66
67
68
68
68
67
68
69
70
70
69
69
69
69
69
67
71
71
70
70
70
69
71
71
72
71
71
71
71
71
70
70
72
70
69
69
68
68
67
67
66
68
67
68
67
68
69
70
70
68
66
65
65
65
66
66
66
67
67
68
68
68
67
68
68
68
67
67
66
67
68
67
65
65
65
66
66
66
66
67
67
67
67
67
66
67
66
66
67
67
67
67
67
66
67
68
67
65
65
66
66
66
67
67
68
70
69
70
71
71
71
71
72
73
72
71
72
71
70
70
70
70
70
69
69
69
69
70
71
71
71
71
71
72
72
72
71
72
72
72
72
73
73
71
70
69
71
71
70
71
71
70
73
73
74
73
73
74
74
75
74
75
75
75
75
74
73
73
74
74
74
74
73
73
73
73
74
73
75
75
75
75
74
75
75
74
75
74
74
74
74
75
74
74
73
72
73
72
72
70
69
69
70
69
68
69
69
70
67
67
66
66
67
67
67
68
68
68
68
68
68
68
68
68
68
70
70
69
69
70
70
70
70
70
70
70
70
70
69
69
67
68
67
67
67
68
69
68
68
67
68
70
70
68
69
70
71
72
72
72
72
72
72
72
72
73
72
74
75
74
74
74
73
74
73
74
73
73
73
74
74
74
75
75
75
76
76
77
77
76
76
77
77
76
76
77
77
76
76
75
76
76
76
75
74
74
75
75
75
74
74
75
75
74
74
75
75
75
76
75
75
76
76
76
76
76
76
75
74
74
74
74
74
74
75
73
75
75
76
75
75
77
77
76
77
76
77
77
77
77
77
77
77
76
77
76
75
74
74
75
74
74
75
75
75
76
75
75
75
74
74
74
74
74
74
74
74
74
75
74
72
71
72
71
72
72
73
75
75
75
74
75
75
73
76
75
73
72
71
71
73
73
73
72
73
71
71
72
73
74
74
73
73
73
74
74
74
74
74
75
74
74
74
74
73
72
73
75
76
76
76
78
78
77
77
77
77
75
75
74
75
75
75
74
73
74
73
75
73
74
75
73
72
72
71
71
71
72
73
75
78
79
80
80
80
81
82
81
81
81
82
82
82
82
82
82
83
83
83
83
82
82
81
81
81
81
81
81
81
82
83
84
85
84
82
83
84
84
83
83
85
84
84
84
84
83
85
84
83
83
83
83
82
83
83
83
83
82
82
83
88
87
87
89
88
88
88
88
90
89
89
89
89
89
90
88
88
89
88
87
88
87
87
88
87
88
88
88
86
87
88
88
88
89
88
88
88
87
87
87
87
88
87
87
87
87
87
88
89
89
90
89
89
89
89
90
89
88
87
88
89
90
89
90
91
91
90
91
89
89
89
89
87
83
83
83
82
76
79
78
79
80
80
78
78
79
79
78
78
76
76
77
76
77
78
78
78
77
77
78
80
79
77
80
80
80
82
83
83
83
84
84
84
83
84
85
85
84
84
84
85
84
84
84
83
82
85
87
86
86
86
85
84
86
85
84
83
83
82
84
85
84
85
86
85
85
84
85
84
84
85
86
87
87
86
85
86
88
90
89
88
88
89
89
88
89
89
89
87
87
87
84
84
83
84
84
83
82
83
83
83
85
85
84
84
83
84
85
85
85
86
87
90
88
90
87
87
89
89
90
91
92
91
91
92
93
92
92
92
92
93
92
92
92
92
93
93
93
92
93
94
94
94
93
93
93
94
95
94
94
96
95
95
95
95
96
95
95
95
95
95
96
97
96
94
94
95
96
96
97
96
94
92
93
93
94
94
95
95
94
93
93
92
90
91
90
91
92
92
92
92
92
93
93
93
93
93
92
92
92
91
92
91
92
93
93
93
94
93
89
88
89
90
91
91
91
91
92
93
93
93
94
95
94
93
93
93
93
93
93
93
93
92
93
94
93
94
94
94
93
93
93
93
93
93
93
93
92
91
92
91
91
91
91
91
90
89
90
90
89
88
87
88
88
88
88
87
88
88
87
89
88
88
89
89
88
87
88
88
87
88
88
88
87
88
87
87
87
88
88
87
86
86
87
86
86
86
87
87
83
81
80
80
80
79
80
78
78
78
78
77
78
78
78
78
78
78
79
79
77
76
76
77
78
78
79
80
78
79
78
77
77
77
78
78
79
78
78
78
77
77
78
78
79
79
78
77
79
79
79
80
79
79
80
80
81
82
82
81
81
81
83
82
83
83
83
82
83
83
82
83
83
84
85
85
85
84
83
83
83
85
83
83
82
83
83
84
85
85
85
85
86
86
87
86
86
87
85
86
86
85
85
85
84
85
85
84
84
85
84
85
85
85
86
86
86
86
86
87
88
87
88
87
90
91
91
93
93
93
94
93
93
93
92
92
92
92
93
92
93
93
93
94
94
95
96
96
96
96
96
96
96
97
97
98
98
98
97
97
97
97
96
97
96
96
96
96
95
95
94
94
94
95
95
95
96
96
97
97
98
98
99
99
99
99
98
98
98
98
98
100
101
103
102
100
101
101
101
103
105
107
105
105
105
105
106
106
106
107
107
108
109
108
109
109
109
109
110
110
110
110
110
109
108
108
108
108
107
108
108
109
110
110
110
110
110
110
110
112
111
111
109
109
109
109
110
111
111
112
111
120
122
120
121
121
122
123
124
125
126
125
125
125
125
125
126
126
126
126
125
124
125
125
124
124
125
125
125
125
125
128
129
130
129
128
129
127
128
129
128
128
128
128
130
130
130
131
131
131
129
129
129
132
132
134
135
137
137
137
138
136
137
135
139
133
133
137
