73
73
74
74
74
74
74
73
70
69
72
68
69
71
69
69
70
72
72
73
72
73
73
73
73
72
73
73
72
71
71
69
69
69
70
69
68
67
66
68
68
69
68
68
68
67
67
67
67
70
69
71
73
72
69
68
66
64
67
68
69
69
69
67
67
67
67
71
72
74
73
73
72
71
73
71
72
72
72
72
71
69
70
71
69
70
68
71
73
72
73
71
71
69
71
71
73
72
70
71
71
72
72
73
73
74
74
74
75
74
75
75
76
76
76
75
75
74
80
80
81
82
83
82
81
81
81
80
80
80
80
78
78
78
78
78
80
80
77
76
75
77
77
77
77
77
77
78
78
79
78
78
76
77
79
79
78
77
77
77
78
77
78
79
78
78
79
78
76
77
78
77
78
80
80
82
82
82
82
82
77
78
77
79
78
79
78
78
78
78
77
79
79
79
80
79
79
78
77
76
77
77
75
76
77
77
76
75
74
76
76
75
76
74
75
73
74
74
75
75
76
77
78
79
79
80
80
80
81
80
79
79
80
79
78
79
80
80
81
80
77
75
75
74
75
75
77
78
77
77
78
79
79
80
80
81
82
83
83
82
84
84
84
86
86
87
87
88
88
88
88
87
88
86
86
84
84
85
85
84
86
86
86
86
84
85
86
86
86
88
88
86
85
85
86
84
85
85
87
88
89
88
89
89
84
85
85
86
87
86
86
86
86
86
85
86
87
86
86
84
84
86
85
85
85
87
86
87
88
88
89
89
90
90
90
89
89
89
88
89
88
87
88
88
88
88
87
87
87
87
87
88
88
88
88
88
87
87
87
86
86
86
86
86
87
87
88
88
89
84
82
81
79
79
79
79
80
79
80
80
80
81
81
81
82
82
82
82
82
82
82
81
83
83
83
83
83
83
83
83
83
83
83
83
84
84
85
85
84
83
84
82
82
82
81
79
79
79
79
77
78
76
75
72
72
72
75
75
77
79
78
78
77
75
76
84
78
83
82
81
82
82
82
84
84
84
84
84
84
85
85
87
88
87
86
86
83
83
83
84
82
81
79
79
76
75
73
72
72
74
75
76
77
77
76
77
76
77
76
76
74
74
74
76
74
73
71
71
70
71
70
72
71
69
69
71
69
68
71
70
72
72
74
73
75
74
74
75
75
75
75
74
75
76
76
76
75
74
75
75
75
73
72
71
71
70
70
69
69
68
70
69
69
69
69
69
69
69
70
69
68
69
70
70
70
72
72
72
74
75
77
76
76
75
76
76
76
76
75
76
77
79
79
80
79
80
80
80
79
79
78
78
78
77
77
78
78
76
76
77
77
77
77
78
77
78
78
78
78
78
77
78
79
79
81
82
83
83
82
83
83
83
83
81
79
78
78
77
77
78
78
79
79
80
78
77
76
76
75
73
74
77
78
79
78
78
79
77
77
77
78
77
77
77
76
77
76
75
74
69
71
69
71
72
72
70
71
71
70
71
73
70
70
70
69
70
71
69
70
70
70
67
68
66
64
64
65
65
67
69
70
70
72
71
70
70
71
70
69
69
70
70
72
73
71
72
73
73
72
72
73
71
70
71
69
69
67
68
69
70
70
72
71
71
71
72
71
71
73
72
72
71
72
70
68
70
68
67
68
68
68
66
67
67
68
69
68
69
68
67
66
67
66
65
65
64
63
64
63
62
63
60
61
63
62
61
62
63
58
59
59
59
61
61
60
58
59
57
59
61
63
64
63
64
64
62
64
65
65
65
66
67
69
69
70
69
70
70
71
69
70
72
74
74
73
73
72
73
72
74
73
72
73
72
72
72
72
72
73
74
74
74
74
75
77
77
77
76
76
77
77
74
76
76
76
77
75
75
75
76
76
75
73
74
74
73
74
73
73
74
75
74
74
73
74
74
73
74
75
73
71
72
72
72
71
72
72
72
72
72
70
67
67
67
68
68
68
65
66
68
69
70
71
72
72
71
71
71
72
72
72
72
70
70
66
65
65
64
65
65
66
66
66
65
65
65
66
66
65
65
66
67
67
67
68
67
68
68
68
68
69
67
67
65
64
64
64
64
64
65
65
65
66
66
65
65
66
67
67
68
67
67
67
68
67
66
65
64
64
64
65
66
66
66
67
67
66
67
70
72
72
72
71
71
72
72
72
74
75
75
74
74
74
74
75
76
76
76
75
74
75
76
74
75
75
76
77
77
77
76
77
75
77
76
77
76
76
76
77
77
76
76
76
76
77
78
77
77
78
79
78
78
77
77
76
77
77
79
79
77
77
78
78
78
78
78
78
78
78
79
80
80
80
81
81
80
80
81
79
80
80
81
81
80
80
79
79
78
78
78
77
78
79
79
79
79
77
78
78
77
78
80
80
81
81
80
81
80
80
80
80
80
78
78
78
79
79
80
80
82
81
81
82
80
80
80
79
78
80
79
78
79
78
78
79
79
77
78
79
79
80
80
80
80
80
81
81
81
80
80
81
82
83
83
84
82
83
85
85
85
83
83
83
84
84
85
84
85
85
83
84
84
85
85
86
86
85
85
85
86
85
86
86
86
85
84
84
84
83
84
84
84
84
84
84
83
84
84
85
85
83
85
84
84
84
85
85
85
85
86
87
87
85
85
85
86
86
86
85
85
85
86
87
86
86
86
88
87
88
90
90
91
91
90
90
91
89
89
88
89
89
88
87
88
90
89
89
90
91
94
93
92
91
91
91
91
90
90
90
90
90
91
90
90
90
90
90
91
91
91
91
92
92
93
93
91
91
91
92
92
93
93
93
91
91
92
93
93
93
93
93
93
94
93
94
96
97
97
98
97
98
98
98
98
97
97
98
98
98
99
100
102
100
100
99
102
99
95
99
