65
67
67
67
69
67
65
66
63
62
63
61
62
63
62
61
62
63
63
64
64
65
65
65
66
64
65
64
63
62
63
62
64
64
64
64
65
63
60
62
64
64
65
64
61
59
59
58
58
57
58
59
60
61
60
61
60
60
61
62
67
68
69
68
66
67
68
67
67
68
68
67
64
65
66
65
66
66
65
66
66
64
66
66
65
66
65
67
67
67
67
67
66
64
65
66
67
65
67
68
69
70
71
70
71
72
72
72
72
73
73
74
74
75
75
72
73
73
73
72
74
75
76
77
80
79
79
79
80
79
78
78
78
76
77
76
77
79
78
78
79
79
80
79
81
81
82
82
82
84
84
84
83
84
86
85
84
85
86
86
86
84
84
86
86
86
86
86
86
87
87
89
90
91
91
91
92
93
92
89
91
92
91
93
90
89
90
92
91
90
86
86
85
83
85
85
86
84
84
84
85
85
85
84
83
83
82
83
83
83
80
79
79
78
79
80
80
80
81
83
85
84
84
84
84
84
83
83
82
83
83
84
84
84
82
85
85
85
85
85
85
84
83
82
83
83
82
82
81
84
84
87
88
87
88
87
88
89
90
90
90
89
91
92
93
94
95
95
96
95
96
95
95
92
93
91
93
94
95
94
96
96
96
96
96
97
99
99
98
99
103
100
98
99
99
98
100
100
101
101
103
103
103
106
103
100
99
99
98
97
96
103
105
104
102
103
105
105
104
103
102
102
103
104
104
104
105
105
106
106
105
106
106
108
110
109
108
111
112
115
114
113
113
117
119
117
113
116
115
116
117
117
116
116
115
116
115
116
115
115
115
117
115
116
117
117
116
116
115
113
115
113
109
109
112
107
108
106
109
108
108
107
104
107
106
107
108
107
107
109
109
108
109
110
109
108
104
104
102
101
101
102
101
102
106
106
105
104
102
101
103
100
101
102
99
96
98
97
95
93
94
91
89
85
82
85
94
92
94
97
94
93
90
89
94
93
92
95
90
96
95
100
101
98
99
96
96
97
96
99
98
102
101
100
97
87
86
87
92
91
92
89
87
86
87
85
87
84
88
94
94
94
96
96
95
95
94
92
91
90
86
85
85
87
85
85
84
89
87
89
91
91
90
91
92
92
89
88
91
95
94
96
97
97
97
94
95
96
96
95
87
93
90
93
92
92
91
89
89
90
90
89
88
87
86
87
85
85
87
86
89
90
91
89
90
91
91
92
91
92
90
93
95
95
94
96
97
96
97
98
97
97
98
97
98
98
98
98
98
100
99
99
99
96
96
94
94
92
94
92
90
91
91
91
91
90
89
89
89
89
89
89
90
88
87
89
90
90
91
90
89
89
91
90
88
89
88
89
88
88
87
87
88
86
84
86
86
86
86
85
84
85
84
82
80
78
77
76
76
74
73
76
78
78
76
77
78
76
75
74
75
77
79
80
80
80
80
77
76
70
72
70
73
76
76
76
77
78
76
78
79
78
77
77
77
78
80
79
77
75
75
72
74
72
70
71
74
73
78
81
84
83
87
87
85
85
85
88
86
85
84
85
85
85
82
83
84
86
85
87
88
86
85
86
85
86
82
82
82
84
84
84
83
82
83
84
83
82
83
83
82
79
78
75
77
78
77
74
78
77
75
73
72
70
71
74
72
72
70
70
71
70
68
66
66
66
65
63
65
62
63
60
60
66
65
63
65
69
69
69
67
69
71
68
66
67
65
64
67
69
69
71
69
72
72
67
69
68
67
65
65
67
70
71
75
72
71
73
74
74
74
76
78
75
75
75
72
74
73
76
73
71
72
70
71
71
73
74
74
78
78
77
74
79
78
79
80
80
81
84
84
83
82
81
81
80
79
78
79
79
81
80
80
81
81
79
81
80
82
82
84
82
82
81
80
80
81
82
87
84
83
81
81
83
81
81
82
83
85
85
82
80
81
83
83
84
83
82
84
83
83
85
85
85
85
84
83
82
82
82
80
78
81
80
79
81
79
80
82
87
91
91
91
90
91
92
90
90
91
91
91
91
91
91
91
90
91
90
88
89
90
95
95
94
92
92
90
89
90
92
90
92
95
92
90
88
89
94
96
96
96
96
98
97
97
97
96
95
96
94
95
94
94
94
94
93
92
93
92
91
91
90
91
95
94
93
93
93
92
91
94
95
96
93
95
96
95
96
97
92
97
106
105
105
104
104
104
106
109
107
107
103
104
104
104
104
103
103
103
102
102
101
103
104
104
105
104
103
104
106
105
106
105
106
106
105
104
104
104
104
102
101
102
101
100
101
99
97
99
101
101
100
101
101
100
100
99
99
97
97
100
98
99
98
99
100
99
94
96
94
94
96
97
97
96
96
94
94
95
93
94
95
98
97
98
97
99
98
98
98
98
98
97
96
95
95
94
93
94
94
94
94
94
93
92
92
91
89
90
92
93
95
94
96
95
93
92
92
94
93
92
92
91
90
89
91
90
89
89
90
88
88
91
90
90
89
88
88
87
88
87
88
88
88
88
89
90
91
92
91
88
88
90
91
90
92
91
92
92
95
93
93
95
96
95
96
95
89
93
92
89
90
90
92
91
89
89
88
87
85
83
84
84
84
85
85
84
83
83
84
85
86
87
88
88
87
88
89
92
92
93
93
94
94
94
95
96
97
97
97
96
97
97
96
96
97
97
97
96
98
97
97
98
96
96
97
98
96
96
96
99
99
101
101
104
105
107
106
104
105
104
104
101
101
102
101
102
102
102
102
100
100
101
103
103
101
100
99
100
100
101
100
100
100
99
100
102
104
106
107
109
108
109
109
110
110
111
112
113
112
113
115
116
114
113
114
115
117
118
119
117
117
116
115
115
115
112
108
108
