215
218
216
213
223
223
223
222
215
213
215
210
213
212
210
211
213
217
218
217
217
216
216
216
215
208
207
209
210
212
212
211
211
213
217
215
213
208
207
214
215
212
217
222
217
211
212
213
209
214
214
219
210
213
213
212
215
216
217
214
214
218
221
222
223
226
229
230
230
226
224
224
216
215
217
210
204
202
202
199
197
200
189
194
198
197
188
192
191
193
191
183
178
177
179
180
184
186
188
187
185
187
187
187
186
194
199
202
201
198
205
200
198
194
197
185
183
183
182
181
180
176
177
178
177
182
182
181
179
174
170
166
168
167
167
167
167
170
168
170
171
176
176
176
176
176
174
178
177
179
179
179
174
175
179
184
183
183
181
183
183
182
183
180
176
168
166
166
164
167
166
166
165
168
165
169
167
168
166
180
175
171
169
168
162
161
167
163
163
164
161
156
156
154
158
165
168
164
162
161
160
160
162
163
161
161
157
158
166
169
165
167
169
167
168
169
169
169
171
169
172
175
176
177
175
173
178
175
174
175
180
180
178
180
175
179
179
179
178
180
178
181
184
181
182
183
182
186
181
183
181
184
186
189
190
190
191
192
195
192
189
189
190
190
190
192
189
191
191
193
194
194
192
189
190
181
184
183
183
183
183
182
183
184
180
181
185
185
186
186
184
178
177
178
177
172
172
174
175
180
179
180
180
182
179
181
181
187
188
190
186
190
188
187
188
191
193
193
195
196
195
197
194
195
195
197
198
199
200
199
199
196
200
201
202
201
202
201
203
206
206
207
209
208
209
209
210
208
208
210
211
213
212
212
212
210
209
212
213
211
212
210
219
210
211
214
214
216
218
218
215
216
214
212
211
209
210
210
211
211
213
215
219
218
220
220
221
224
224
221
219
217
218
218
219
219
218
219
218
218
217
217
216
215
217
217
220
216
210
209
210
206
208
212
212
207
205
210
205
202
207
200
195
194
193
190
195
205
204
207
197
195
195
193
194
194
211
209
210
213
214
216
213
218
220
222
221
223
224
224
224
225
224
225
226
227
227
224
226
228
231
231
226
230
231
230
227
220
220
229
228
235
235
233
234
233
229
230
229
226
224
221
222
222
217
219
216
219
218
221
223
224
230
234
226
223
217
219
218
220
221
224
227
218
219
221
224
229
226
223
228
226
234
232
232
228
228
225
224
220
224
233
235
229
228
228
231
233
235
233
235
238
239
237
231
226
227
231
233
233
233
233
236
235
239
240
240
239
242
240
238
238
241
245
244
247
245
244
244
255
259
260
258
259
265
264
268
261
260
261
262
260
262
270
267
267
265
268
270
268
274
267
268
265
263
264
261
258
261
260
258
253
258
258
261
264
260
259
256
257
257
252
256
256
253
256
257
259
260
260
260
261
261
262
264
270
269
269
268
275
279
279
281
284
280
282
282
281
280
283
278
277
284
285
283
284
286
284
277
260
260
257
262
265
268
265
265
270
273
271
282
280
285
290
291
290
291
286
288
286
287
288
284
279
272
270
275
272
281
273
273
265
267
269
271
271
275
281
285
291
295
293
298
295
300
297
291
294
298
303
299
296
295
291
292
300
296
295
290
293
299
288
287
298
297
294
295
298
298
301
298
296
302
296
298
298
293
291
295
291
296
292
291
296
298
297
297
305
303
302
300
298
300
305
305
312
315
314
306
305
308
291
294
294
296
304
304
301
301
310
308
314
312
307
286
269
268
265
280
286
291
288
288
302
299
291
296
306
305
306
308
303
311
306
296
300
303
310
314
311
310
317
318
315
316
319
318
322
323
330
328
328
332
330
328
326
329
328
326
322
321
320
323
327
325
324
320
322
327
330
331
327
331
332
331
334
329
337
342
342
343
346
345
345
342
339
344
343
346
357
358
363
369
361
365
368
365
369
373
372
373
370
369
371
369
376
379
375
383
382
373
375
373
379
387
388
386
384
387
385
390
390
389
388
382
381
379
381
378
374
377
377
377
374
380
374
379
372
373
372
365
364
368
368
367
369
370
368
367
364
367
369
368
365
364
366
368
368
368
367
374
378
377
371
363
363
356
354
360
360
367
355
360
360
358
365
364
360
360
361
357
353
348
354
352
350
353
357
364
361
362
367
369
365
372
371
373
368
352
355
358
348
348
339
344
351
347
347
331
324
331
334
335
332
334
337
344
338
338
340
342
338
328
332
334
330
338
345
345
357
361
355
351
351
355
355
351
352
357
357
353
358
357
359
366
370
370
374
369
371
374
375
377
377
382
383
386
389
383
385
382
386
385
382
385
385
382
382
384
387
388
387
380
375
374
373
371
373
371
380
377
376
378
371
372
378
375
364
378
381
380
382
384
379
377
386
384
387
391
385
384
386
393
396
401
403
399
399
403
401
400
399
400
399
402
403
405
405
405
404
407
414
411
418
420
424
423
425
427
428
426
424
428
431
430
427
426
427
425
436
435
443
445
440
441
442
438
443
444
442
442
439
437
426
436
429
436
428
434
432
436
440
434
438
437
428
424
432
424
422
419
424
428
433
436
438
438
435
439
440
440
441
443
438
442
442
449
452
454
459
449
446
443
442
447
441
441
446
450
455
451
447
451
456
462
465
468
462
466
467
468
465
463
464
463
465
474
468
457
457
456
450
454
450
447
442
439
435
441
442
447
444
442
445
444
449
453
454
458
467
464
460
464
471
473
469
461
463
460
455
456
458
465
481
486
485
493
487
492
484
482
480
479
475
474
474
473
473
473
474
481
478
468
465
471
442
447
451
459
452
450
455
452
462
458
456
446
449
447
443
448
451
456
454
449
449
450
451
460
453
443
436
437
449
440
439
438
436
443
441
435
447
430
442
453
442
437
427
430
