62
62
61
61
61
60
60
61
59
59
61
59
60
62
63
64
63
63
63
66
65
65
65
65
68
66
67
67
67
67
67
67
68
68
68
68
67
66
65
67
69
70
70
69
69
66
66
66
67
67
67
68
71
74
74
76
75
76
76
75
76
76
76
76
76
75
76
77
77
79
81
81
79
79
82
80
81
82
80
80
79
78
79
83
81
81
79
80
80
82
84
81
80
79
81
81
81
81
80
80
80
81
80
82
82
83
82
82
80
82
82
85
83
83
82
82
85
85
85
86
87
87
87
86
85
84
85
84
83
84
84
84
84
83
84
84
85
86
84
84
86
86
87
86
86
85
85
86
86
87
88
89
89
90
93
92
91
91
91
90
91
89
89
89
87
87
86
86
85
88
89
89
89
90
90
90
90
89
88
90
87
88
88
88
87
86
86
86
85
83
81
83
84
84
85
85
86
84
85
86
88
88
87
86
86
85
84
83
83
87
86
88
88
87
87
87
87
86
85
88
89
90
90
90
91
90
90
89
88
88
87
89
86
86
85
87
87
90
88
92
92
92
90
90
91
90
90
93
93
96
95
94
94
95
96
94
96
98
100
100
100
101
102
101
100
101
101
102
102
101
100
101
102
100
101
101
103
103
104
103
104
104
103
100
95
98
99
97
99
102
104
103
101
103
105
102
102
102
104
103
105
106
105
110
108
107
107
108
109
109
109
109
109
108
107
105
105
105
104
103
103
103
103
104
103
103
104
104
105
107
105
106
106
107
106
104
103
103
105
106
106
107
108
109
109
109
107
107
108
107
107
107
107
105
105
105
104
103
102
103
103
103
99
100
100
100
98
102
100
99
98
96
95
95
96
95
95
94
96
94
93
94
94
95
95
94
95
95
96
97
98
98
98
99
98
97
96
96
95
96
95
95
94
95
96
97
95
93
92
91
91
91
91
93
92
89
90
90
88
88
88
84
82
78
77
80
86
83
84
85
84
90
88
87
92
90
89
94
91
94
97
99
99
95
95
94
92
93
93
94
96
98
95
95
93
89
90
90
90
89
87
81
80
80
78
78
80
77
78
82
84
79
78
78
78
76
76
75
76
78
73
73
73
76
75
73
72
75
73
74
75
77
76
75
75
74
74
73
75
77
75
76
79
79
80
81
83
82
81
81
78
82
80
81
82
83
80
80
81
82
80
80
79
77
76
78
76
76
77
77
78
79
79
79
80
82
79
81
82
83
82
85
85
84
84
85
85
84
85
87
86
87
87
87
89
88
87
86
87
90
90
90
91
90
88
89
91
90
92
90
90
90
89
89
89
88
87
87
87
86
85
85
85
84
83
84
85
87
86
85
84
84
85
85
82
82
82
84
84
83
81
82
81
80
79
78
78
79
78
77
78
78
77
76
75
74
73
71
75
73
76
78
77
77
76
76
76
74
75
75
75
76
78
78
77
78
77
75
74
71
74
73
76
77
77
75
76
76
74
74
75
73
72
72
72
73
75
73
74
73
73
72
71
69
67
66
66
64
69
71
74
73
75
74
74
74
75
77
76
75
76
74
69
70
66
64
64
66
66
66
66
66
67
67
66
67
62
62
62
63
61
60
59
59
59
59
58
58
57
57
55
53
53
52
55
52
51
50
48
49
48
48
49
49
50
52
52
53
52
51
52
54
51
49
52
54
53
52
52
50
53
52
56
57
57
59
61
62
61
61
58
60
61
59
59
59
57
58
58
60
61
62
59
60
60
55
57
57
57
57
57
59
60
56
61
59
58
61
60
60
63
66
65
65
63
64
62
64
64
67
66
66
67
66
65
64
66
68
66
69
68
66
65
68
68
69
67
68
69
70
71
70
70
68
68
70
69
69
70
70
71
70
71
70
72
70
70
69
70
71
72
73
74
73
73
74
75
74
76
74
77
75
74
75
74
75
78
77
79
79
76
76
77
80
77
77
78
77
78
78
78
78
78
77
76
76
76
75
75
75
75
73
74
74
73
72
71
71
71
71
70
70
69
69
69
68
68
69
69
71
71
72
72
72
72
72
73
72
71
72
72
73
73
73
72
73
71
71
71
71
71
73
75
74
74
72
69
70
70
73
74
73
73
73
73
72
71
70
71
67
67
66
65
65
64
65
64
64
68
66
67
64
64
64
64
65
63
65
65
66
68
69
69
67
68
70
69
71
71
69
74
72
72
72
73
73
74
74
75
70
71
67
67
65
65
67
67
67
67
67
66
66
64
64
65
66
64
64
63
63
63
62
62
63
63
62
63
64
65
65
64
62
62
62
63
65
64
62
63
64
64
62
63
64
62
62
62
62
61
60
60
61
61
61
60
60
59
58
58
58
57
58
58
58
58
58
58
57
57
57
59
60
61
61
61
61
63
63
64
63
63
63
64
62
62
63
62
63
63
63
63
62
60
58
58
59
58
57
58
57
57
57
57
58
57
56
55
56
57
56
57
56
56
56
55
55
56
54
54
54
54
55
57
57
58
57
58
56
54
52
51
53
57
58
59
59
59
60
59
60
59
59
60
62
61
62
62
63
61
63
62
63
64
64
64
67
66
63
63
63
62
62
61
63
63
62
63
62
61
60
61
60
60
61
61
61
61
60
61
62
62
63
63
63
61
61
61
62
55
65
65
64
65
64
64
65
65
65
65
65
65
65
65
65
64
64
63
63
63
64
63
63
63
63
63
64
64
64
61
60
63
62
63
62
62
63
64
63
65
66
65
64
60
60
59
59
59
58
58
58
57
57
58
60
60
59
59
57
56
57
58
56
57
56
55
55
54
54
55
55
55
55
57
58
59
59
59
58
59
59
59
59
58
58
58
57
57
58
59
59
59
58
56
55
54
53
51
48
49
