55
56
55
54
55
55
58
57
57
57
56
55
55
55
57
57
58
58
58
59
59
59
60
60
59
59
59
60
59
59
58
58
58
58
58
58
58
58
57
57
58
58
58
58
56
55
56
56
55
55
56
57
57
58
58
60
59
60
61
61
60
61
61
62
62
62
61
61
61
62
61
61
62
62
64
63
63
63
62
63
62
62
63
62
62
63
62
62
62
63
63
62
62
62
62
62
62
62
63
62
62
63
63
64
64
65
65
65
65
65
67
67
67
67
67
67
66
67
66
65
66
66
65
66
66
66
66
65
65
66
65
64
64
64
64
64
65
65
64
64
64
64
64
64
64
65
65
65
66
66
66
67
66
66
63
62
62
62
61
63
62
62
62
62
62
62
62
63
62
62
62
63
63
64
64
64
64
64
64
64
62
61
62
62
63
63
62
62
64
65
64
64
65
64
66
66
65
65
65
65
66
67
66
67
68
67
67
67
67
68
67
67
68
67
67
67
67
67
68
68
69
70
70
70
70
70
70
70
70
70
70
71
72
73
73
73
74
73
74
75
75
74
73
74
74
74
73
75
75
73
74
74
74
75
76
76
76
76
77
77
75
74
74
74
74
75
75
75
76
77
78
78
79
78
79
78
78
77
77
77
79
77
76
76
75
75
76
76
76
76
75
73
73
73
75
72
73
73
75
73
73
71
71
71
72
71
71
66
67
67
67
67
67
67
67
68
68
68
68
68
68
69
69
70
70
70
71
71
71
71
70
70
70
72
71
71
72
71
72
71
71
69
69
69
69
69
69
69
69
69
70
69
69
69
69
68
67
68
68
68
68
66
66
66
66
66
66
66
67
66
70
70
70
70
70
70
71
71
71
72
72
72
73
73
74
74
75
75
75
75
75
75
74
74
74
74
73
75
75
75
74
75
74
73
74
74
75
74
72
72
73
72
71
71
71
70
71
71
70
70
71
70
70
71
70
69
70
71
72
74
74
73
74
74
74
74
77
77
77
77
77
78
78
78
78
77
78
78
79
79
79
81
81
81
82
83
83
84
84
84
84
85
84
85
84
83
83
81
79
81
81
81
83
86
86
86
86
86
85
84
84
84
85
86
85
84
83
85
84
85
83
84
85
85
84
84
82
82
81
82
82
83
83
82
82
82
85
85
85
85
85
86
86
88
87
85
85
84
85
84
83
84
82
82
82
82
82
82
83
83
83
85
85
85
84
83
83
83
85
87
84
84
84
84
85
88
89
88
88
87
86
86
86
86
86
87
88
86
89
85
87
86
87
85
84
85
86
85
86
87
88
87
88
89
88
90
90
89
90
89
86
85
87
86
86
87
87
87
88
88
87
88
89
88
90
91
91
91
91
92
90
90
90
90
89
88
88
89
89
91
91
91
91
91
91
92
94
94
93
92
91
94
91
91
90
90
90
91
89
89
89
89
89
88
88
89
89
89
87
80
82
83
85
85
84
82
83
84
83
84
85
83
84
85
85
85
85
84
84
83
83
83
83
80
80
81
81
80
82
82
82
82
83
83
83
84
83
85
86
88
87
86
83
85
85
83
86
87
87
88
88
88
88
89
88
88
85
84
84
85
84
85
84
84
85
86
86
86
86
87
86
85
87
86
86
85
85
85
87
87
87
86
86
89
88
88
88
88
88
87
86
87
86
85
86
86
86
81
80
75
74
71
71
72
72
72
73
73
69
71
71
70
69
68
68
66
68
66
67
67
68
69
68
67
69
68
69
71
71
71
72
71
73
71
71
69
69
69
70
71
70
69
68
69
69
68
67
68
68
69
69
69
70
68
67
69
70
70
70
71
71
71
71
72
72
73
74
73
73
75
76
74
74
73
73
73
73
73
74
75
74
72
72
73
72
72
72
73
73
74
74
75
75
76
76
76
76
76
76
77
76
76
76
75
74
75
75
74
75
76
75
75
74
74
76
76
76
76
76
77
78
78
79
79
79
79
79
79
79
79
77
76
78
77
77
76
76
75
76
76
76
76
76
76
76
76
77
77
77
76
76
77
77
76
72
72
73
73
73
73
73
73
72
72
71
72
71
70
71
70
70
69
70
71
71
71
71
71
70
70
70
70
70
71
70
70
69
69
69
70
70
70
71
71
70
70
72
70
68
66
67
67
70
67
69
68
73
75
75
75
77
77
76
76
75
76
76
77
77
77
77
76
76
76
76
76
76
72
73
72
73
71
69
70
70
69
69
69
69
70
69
69
69
70
71
71
70
72
72
72
72
72
73
72
73
71
71
71
69
69
68
68
69
69
67
67
67
68
67
68
69
69
69
70
69
70
71
71
71
71
72
71
72
72
71
69
67
68
67
68
67
66
66
65
65
65
64
64
64
64
64
65
65
66
66
66
66
66
66
67
67
66
67
67
66
66
66
67
67
59
62
61
62
61
61
62
62
62
62
62
62
61
61
60
60
59
60
59
60
60
60
60
60
60
60
60
60
61
61
60
60
60
61
63
63
63
63
63
64
64
64
65
65
65
65
65
65
64
64
64
63
62
62
62
62
62
62
63
63
62
62
62
63
63
63
62
63
63
62
62
63
62
62
62
61
60
61
61
62
62
61
61
61
61
61
61
61
61
61
62
63
62
62
63
62
63
64
63
63
62
63
62
61
62
62
62
62
63
63
63
63
64
64
64
64
61
59
58
58
58
57
57
56
58
59
60
59
59
61
59
62
62
62
62
60
60
61
61
61
61
60
61
60
61
62
62
62
61
62
61
61
62
63
64
66
68
69
68
68
68
69
69
70
71
72
74
74
74
74
75
75
75
75
75
75
76
76
76
77
79
80
81
81
81
81
80
80
81
81
81
81
81
75
80
77
78
77
74
75
