151
152
152
153
153
152
152
154
153
151
151
150
150
150
148
149
149
151
151
150
150
150
150
150
151
152
152
152
151
151
150
149
150
151
150
152
153
152
155
157
156
156
155
156
157
156
154
154
154
155
155
154
153
153
153
155
156
152
156
155
155
157
159
159
162
164
165
166
167
168
169
170
167
164
166
162
160
158
157
158
156
154
156
156
156
154
153
157
158
156
156
151
149
151
154
156
157
160
160
159
160
159
158
160
162
165
167
166
166
167
168
169
169
170
168
163
164
166
165
171
163
161
158
159
158
158
156
158
156
154
152
149
145
145
147
147
147
147
146
146
144
145
145
142
143
144
144
149
150
150
149
155
152
152
157
156
153
151
149
149
150
149
148
149
151
150
149
149
150
150
153
154
155
156
158
163
160
160
160
161
160
164
161
161
160
162
164
163
161
160
157
156
156
156
162
160
160
158
155
154
154
154
152
152
154
152
152
153
151
156
153
154
153
148
147
145
145
146
148
143
143
144
144
145
141
144
142
147
148
149
150
149
150
151
152
153
152
154
154
155
155
154
153
152
152
155
156
158
157
160
162
164
165
166
167
166
166
166
165
166
164
166
166
168
167
165
167
170
171
170
169
168
167
165
165
163
166
165
167
163
166
166
167
166
168
168
168
171
172
172
170
172
169
170
169
167
166
166
167
168
168
169
171
169
171
170
173
173
174
175
174
176
177
179
180
181
181
180
179
179
181
179
180
179
179
179
180
179
180
181
181
181
181
186
184
181
179
184
180
180
178
179
182
183
184
184
184
184
184
185
185
185
185
185
186
187
186
188
188
189
190
189
189
191
191
192
192
192
191
193
192
191
190
190
190
189
189
188
188
188
189
191
190
191
192
192
193
193
192
192
192
193
193
193
194
193
194
196
195
194
190
189
184
183
184
184
182
182
181
181
180
178
179
180
179
179
180
181
180
177
181
182
182
184
186
186
188
187
190
192
193
194
194
195
195
202
199
201
204
205
203
201
201
203
202
201
201
200
200
202
198
200
201
200
201
203
202
201
203
202
200
203
203
205
207
206
204
202
202
205
208
209
214
213
211
211
210
211
208
210
211
214
218
219
222
222
222
226
227
230
226
226
229
228
229
230
227
229
226
225
228
229
230
224
222
223
224
228
226
225
228
223
227
227
223
222
221
223
224
223
223
224
220
222
223
225
229
230
235
233
236
235
241
239
238
232
233
234
233
230
227
231
230
227
227
223
221
222
223
221
222
222
224
225
227
228
229
228
228
224
223
226
225
219
225
226
227
220
223
220
225
225
224
225
224
222
222
220
224
225
223
225
222
216
214
215
214
212
214
214
214
214
216
219
221
220
217
215
215
212
214
212
214
219
217
221
221
223
222
223
221
221
223
224
222
224
224
224
222
224
224
223
222
228
226
227
226
224
226
228
227
228
227
227
229
231
230
227
227
223
213
213
216
220
220
211
213
213
211
210
212
207
208
215
213
215
217
219
220
220
220
220
219
217
215
221
224
225
228
228
227
229
229
229
230
229
227
232
233
237
238
235
231
231
229
228
223
223
220
226
223
221
222
217
218
218
220
220
218
220
223
224
227
228
229
229
230
235
232
235
228
228
233
232
231
230
228
230
233
236
240
237
238
236
236
238
238
243
242
243
238
238
238
236
236
235
235
235
234
229
231
232
225
223
225
223
226
219
212
211
214
209
209
210
206
197
197
194
197
197
199
202
202
209
208
208
209
211
210
211
216
219
223
221
223
222
224
222
224
220
220
222
227
226
226
228
228
226
227
234
232
233
233
232
231
231
232
232
227
230
223
219
225
227
229
222
223
224
227
224
224
224
219
222
222
227
229
232
235
236
231
230
229
229
224
222
223
223
224
224
226
227
227
226
219
218
213
211
207
209
208
210
211
213
216
217
220
219
220
222
214
216
219
225
225
228
229
231
230
231
232
232
233
235
229
226
225
227
226
227
227
225
220
219
221
234
234
232
231
230
231
234
234
233
229
229
231
230
227
227
225
225
224
224
226
223
226
226
227
228
226
230
230
220
219
223
219
220
221
223
227
226
232
230
230
231
227
226
227
222
218
218
213
214
213
212
211
205
209
209
209
208
208
206
208
204
204
207
208
210
214
214
215
218
222
221
220
217
213
215
221
214
215
213
213
211
212
211
214
214
216
215
214
214
214
214
217
220
218
220
219
220
223
228
229
230
227
230
231
228
228
229
234
230
230
233
234
230
230
227
228
228
230
227
227
230
230
227
226
226
225
224
224
222
223
223
223
224
228
226
228
225
224
225
228
228
232
231
233
233
234
233
232
231
230
232
234
231
228
224
224
225
231
233
233
234
235
235
237
237
234
231
232
232
232
231
231
231
232
233
235
237
235
235
235
236
236
235
237
235
238
241
243
247
248
249
247
251
251
250
250
250
252
252
253
255
252
256
255
254
253
258
256
256
256
257
260
262
265
263
264
266
263
263
263
262
264
267
268
267
266
264
266
265
260
259
260
258
261
259
255
256
253
254
254
254
253
258
259
264
264
265
263
262
266
264
264
263
262
263
263
262
261
263
264
263
261
263
266
262
262
261
265
265
268
267
266
266
264
267
267
266
267
263
266
267
269
265
261
262
262
260
258
256
256
256
256
254
250
252
255
253
254
258
257
257
258
259
258
262
262
260
261
261
260
260
259
258
259
260
262
261
263
262
252
252
254
256
259
256
257
258
257
252
254
251
251
251
251
250
248
247
248
248
248
247
243
242
241
246
249
252
248
251
249
248
243
240
239
240
242
240
242
242
241
243
239
237
238
235
233
232
228
229
226
224
224
227
231
231
231
229
227
226
233
224
226
216
219
