59
59
60
60
61
62
61
62
60
60
60
60
59
62
61
63
62
62
62
62
63
63
63
64
63
62
62
62
62
63
63
62
61
61
61
62
61
59
59
59
60
60
61
61
60
58
59
58
56
57
57
58
59
59
60
60
61
59
60
62
63
64
64
65
65
64
65
65
66
67
68
69
68
67
69
68
68
67
66
66
65
64
65
66
65
65
63
65
65
65
66
64
64
63
63
64
65
65
66
66
66
67
68
68
68
68
68
68
68
67
67
68
68
68
69
68
67
68
68
68
70
67
66
66
65
65
65
65
67
67
66
65
65
65
65
66
67
67
65
64
64
64
64
63
65
66
66
67
68
68
67
68
68
68
70
71
70
69
70
71
70
69
69
69
69
68
68
67
66
67
68
68
68
68
67
68
69
69
69
68
68
72
71
71
71
71
71
70
70
70
69
71
71
71
72
72
72
72
71
71
72
73
73
73
73
73
72
71
70
72
72
72
72
71
71
72
73
73
74
75
76
75
76
77
77
76
76
76
76
75
76
76
76
75
74
76
76
77
78
77
76
75
73
73
73
74
73
73
68
68
69
69
70
70
70
70
71
73
72
72
73
74
75
75
76
75
74
74
74
74
76
76
75
74
74
72
72
73
73
72
73
73
74
75
73
73
75
75
76
77
77
75
74
74
75
73
72
71
72
74
74
74
74
75
75
74
74
72
72
73
72
73
73
72
72
72
73
73
72
73
69
73
72
73
73
74
74
74
74
74
73
73
74
74
75
75
75
75
75
75
76
76
77
77
79
79
77
77
77
77
77
77
78
78
78
78
77
78
79
79
79
79
78
78
79
78
78
77
69
75
69
69
68
68
71
67
67
67
68
68
68
69
69
69
70
69
71
70
70
71
70
70
70
70
71
70
69
69
69
68
68
68
67
67
67
67
67
66
65
65
65
65
65
65
63
62
63
63
63
62
63
59
59
59
58
58
61
61
62
63
62
63
63
63
69
66
68
68
68
69
68
69
69
69
68
68
67
67
67
67
66
68
69
69
69
69
68
67
69
70
69
69
67
68
67
66
66
64
65
66
68
70
70
70
69
69
69
69
68
67
65
65
65
67
66
66
64
65
64
65
64
67
68
67
65
65
63
64
64
68
69
69
69
70
71
70
71
72
72
72
72
72
72
72
72
72
71
71
70
70
69
69
68
68
67
67
67
68
67
67
68
68
68
68
68
66
67
67
67
68
67
67
69
68
68
69
69
68
69
70
69
69
70
69
69
69
69
69
69
68
69
71
71
72
72
72
72
72
72
73
73
73
73
73
72
73
73
72
73
73
72
72
73
72
72
72
72
72
73
72
71
71
71
71
71
71
70
70
70
69
68
68
68
68
67
67
66
66
66
66
66
66
66
66
65
65
64
63
63
61
61
60
61
61
60
60
60
60
60
60
61
60
60
60
60
60
59
58
58
52
56
54
55
56
57
56
56
55
54
56
57
56
56
56
55
56
56
54
53
52
53
52
52
51
50
51
51
50
52
53
53
54
55
55
54
53
52
52
51
51
53
53
55
54
53
53
54
54
55
56
57
56
57
57
56
56
55
54
54
56
55
57
57
57
57
58
58
58
58
58
57
56
56
54
53
53
51
51
51
51
52
50
50
51
52
53
53
53
53
52
51
52
51
50
50
50
50
50
49
47
49
47
48
49
48
48
49
50
49
50
50
52
52
54
54
54
55
53
54
54
55
56
56
57
57
56
57
58
57
58
58
57
58
58
59
58
59
60
60
60
60
61
63
63
63
63
62
63
62
63
63
62
63
62
60
59
60
60
61
62
63
63
63
63
63
62
62
63
63
63
64
62
63
63
62
61
61
61
61
62
62
62
61
62
61
60
60
60
60
61
62
62
62
61
62
62
62
63
63
63
62
61
60
61
60
61
63
62
62
63
60
57
56
58
58
60
60
59
60
61
62
63
64
64
64
64
63
63
64
63
63
63
65
64
64
63
65
64
64
65
66
66
66
67
67
67
68
67
68
67
68
68
68
67
68
67
68
67
67
67
68
67
67
65
63
64
63
63
63
63
64
63
64
64
63
63
64
64
64
65
66
65
66
65
65
64
63
63
64
63
64
63
63
63
64
63
63
64
62
63
63
61
60
60
62
62
63
67
68
67
67
66
66
65
65
66
66
66
66
66
66
67
68
68
68
68
69
70
69
70
69
67
68
68
68
68
68
68
68
69
68
68
68
69
68
68
68
67
67
68
68
68
68
68
68
68
68
70
71
71
71
70
71
71
70
70
70
70
70
71
71
72
72
72
72
72
72
73
72
72
72
73
73
72
71
72
72
72
72
73
72
72
74
74
73
74
72
73
73
73
72
74
74
74
74
74
75
75
75
75
75
76
74
74
74
75
74
74
75
76
77
77
76
76
78
76
77
76
77
77
77
77
77
77
77
76
76
76
78
78
78
78
77
77
77
78
78
78
76
76
75
76
76
76
76
74
76
77
78
77
76
76
77
77
77
78
77
78
78
78
79
79
80
81
80
81
80
80
80
80
79
79
80
79
79
78
78
73
73
74
74
74
74
73
73
72
72
72
73
72
72
70
71
71
71
71
71
70
70
71
72
72
72
71
71
73
74
75
75
76
77
78
77
78
78
78
78
77
77
76
77
78
77
78
78
78
78
78
79
79
79
78
78
77
78
79
79
79
80
79
80
78
81
81
79
78
78
78
79
78
78
77
76
76
76
76
76
76
76
76
76
77
77
78
78
77
75
76
77
77
78
78
78
77
78
77
77
77
78
78
77
78
79
79
79
82
81
81
82
82
83
84
84
83
84
84
84
84
86
85
86
86
85
85
87
87
86
80
82
