65
64
64
64
63
62
62
62
62
62
62
62
62
62
62
62
63
64
64
64
63
64
63
64
63
65
64
64
64
63
62
62
62
63
63
64
64
65
66
67
68
68
68
69
69
69
69
70
71
70
70
70
70
69
69
71
71
71
72
71
68
69
68
67
67
67
68
69
70
71
71
70
68
69
69
69
69
69
69
70
68
67
68
69
69
69
68
69
69
69
69
68
67
68
69
69
70
70
70
69
69
69
68
69
69
70
71
71
71
71
71
72
72
72
72
70
70
70
71
69
68
68
68
67
67
69
69
67
66
66
65
66
65
64
64
63
64
64
62
63
63
63
63
62
62
62
63
63
63
63
63
64
64
64
66
65
63
64
64
64
63
63
63
64
64
63
63
63
64
64
65
65
65
64
65
67
66
66
67
68
68
68
68
66
65
65
65
64
64
65
64
64
63
63
63
63
64
64
64
63
63
63
62
62
62
62
62
62
62
63
63
62
61
61
61
61
62
62
62
62
63
62
63
62
63
63
63
61
61
61
61
61
61
61
61
61
61
62
62
62
61
62
61
61
61
62
63
63
63
62
63
64
63
63
63
63
64
65
64
64
65
65
64
65
64
64
64
64
64
63
62
62
62
62
63
64
65
65
65
64
65
66
66
66
66
67
67
67
67
67
68
69
69
70
70
70
71
72
72
72
71
71
71
71
71
72
73
73
73
73
72
73
73
75
75
75
74
73
74
74
74
73
74
73
74
74
74
75
75
76
76
76
78
79
78
79
78
77
78
78
78
79
80
81
81
80
81
81
81
81
82
81
78
77
78
78
78
79
78
77
78
77
77
77
78
76
75
76
75
76
75
74
73
73
72
72
71
72
73
72
71
72
73
73
73
74
75
75
75
75
75
75
76
77
77
77
77
77
76
76
76
77
76
76
77
77
76
77
77
77
76
76
76
77
77
78
78
78
78
78
79
78
78
79
79
78
80
79
80
80
81
81
82
82
82
82
85
84
81
83
84
82
82
83
82
82
82
81
83
84
83
83
83
81
82
82
83
84
84
83
82
83
84
84
83
84
87
86
86
87
89
87
88
88
90
91
91
90
87
88
87
87
88
89
88
88
86
87
89
89
88
90
90
89
89
88
89
90
88
88
89
87
86
83
81
82
81
80
79
79
80
80
80
80
80
80
79
79
78
77
77
76
75
74
76
75
76
75
76
76
78
78
79
78
78
77
76
77
77
77
78
78
79
78
78
77
78
78
78
78
77
78
78
78
78
78
79
78
78
78
77
77
77
76
76
77
76
75
75
74
74
75
75
76
76
76
76
76
76
77
77
76
75
74
73
72
73
71
71
71
70
71
71
71
72
72
71
71
71
69
71
70
71
72
72
73
73
73
72
73
72
72
72
73
72
72
71
71
70
69
70
70
70
71
71
70
69
68
69
70
68
69
70
70
70
70
70
70
70
67
66
64
64
66
66
64
64
63
62
62
63
62
62
63
63
63
64
64
64
64
64
62
64
64
64
65
65
65
66
67
66
67
68
68
68
68
68
70
70
69
70
70
70
69
68
68
67
68
68
69
69
69
67
65
65
65
66
66
65
67
65
66
66
67
66
67
66
66
67
67
65
65
66
67
66
68
65
66
65
66
67
67
67
66
68
69
68
69
69
69
68
68
69
68
68
68
68
69
68
69
69
68
67
67
69
68
69
69
71
71
71
72
73
72
72
70
71
71
70
71
71
72
74
73
74
73
74
74
72
73
72
73
73
74
74
75
75
76
76
76
77
78
79
78
78
78
78
79
78
79
79
79
80
79
77
77
78
77
76
77
76
76
76
76
76
74
74
74
75
74
74
74
75
75
76
77
77
76
76
76
77
77
76
76
75
73
75
74
74
74
74
75
75
76
76
78
79
78
78
78
78
79
79
79
78
78
79
78
78
78
78
78
79
79
79
81
82
82
82
80
81
80
82
80
80
80
80
80
80
80
81
81
81
80
80
81
82
81
80
80
80
79
79
79
80
80
78
77
78
79
79
79
79
79
79
78
78
78
78
78
79
79
80
80
77
78
77
77
77
79
80
79
81
82
82
81
80
79
78
77
76
74
73
74
73
74
73
74
75
74
75
75
75
74
74
74
72
72
72
73
74
72
71
72
71
71
70
68
68
67
68
69
68
68
68
68
68
68
70
70
71
68
69
69
70
69
70
70
71
72
73
71
72
74
73
73
73
73
73
73
72
74
74
73
73
73
73
71
71
72
72
72
72
72
71
71
71
70
71
71
71
71
71
71
72
72
71
71
71
71
72
72
71
71
73
73
74
74
76
76
75
76
75
76
75
75
74
73
74
74
74
74
75
75
76
75
76
76
76
77
76
76
76
76
76
76
76
76
76
76
76
76
77
77
77
77
76
76
77
76
76
76
77
76
76
76
76
77
77
76
75
75
75
76
76
75
76
76
76
76
77
77
78
78
78
79
80
80
80
80
80
79
79
79
80
79
80
80
80
80
79
79
79
79
79
77
77
77
77
76
76
76
75
76
76
76
76
76
76
76
77
77
76
75
75
76
76
77
77
77
77
77
76
78
77
77
76
77
78
78
77
78
78
78
79
79
80
80
80
79
79
79
80
79
79
80
80
79
78
79
79
78
78
79
78
77
78
77
76
76
77
76
75
78
78
79
79
80
80
82
83
83
84
85
85
86
86
86
87
86
87
86
86
86
86
87
86
86
86
86
85
86
88
86
86
87
86
86
86
86
86
86
86
87
86
85
83
84
84
84
85
83
82
83
84
82
81
80
80
81
80
81
81
82
82
82
81
80
81
80
79
79
78
78
79
78
78
77
78
77
78
78
77
78
78
77
76
74
73
