66
65
65
66
65
65
65
65
63
64
65
62
63
64
64
63
65
66
65
65
64
65
65
66
66
65
65
63
63
62
63
63
61
61
60
61
62
61
60
61
62
63
64
65
64
62
62
62
60
62
64
64
65
62
59
56
56
56
57
59
58
57
57
56
58
60
61
60
58
59
58
58
57
58
60
59
57
57
58
57
56
55
56
56
56
56
56
58
58
59
61
60
60
58
58
58
58
59
60
62
61
62
63
63
63
64
63
64
65
64
65
65
65
64
64
64
50
48
46
48
48
47
48
51
51
51
51
51
50
49
48
48
47
47
48
46
50
49
47
47
47
47
47
47
49
48
51
51
52
52
51
52
53
52
54
53
53
52
52
52
52
52
52
53
53
52
51
52
51
51
51
50
48
48
48
48
48
48
49
49
51
51
50
51
59
59
60
60
60
60
59
60
61
62
62
61
61
61
61
61
63
62
61
63
63
64
62
62
63
64
64
63
63
62
63
63
66
67
68
68
68
69
69
69
69
69
69
69
69
69
71
71
70
70
68
70
69
70
68
68
66
66
66
65
66
66
64
65
64
64
64
74
74
75
75
75
76
77
78
79
81
80
80
80
78
78
76
77
77
76
75
75
75
74
76
75
76
77
77
75
76
75
72
72
71
72
72
73
76
76
74
70
68
70
72
67
69
71
72
73
73
72
73
73
72
70
69
71
71
72
71
72
71
68
68
69
71
71
70
70
70
71
71
71
71
72
73
73
74
74
74
73
74
74
75
74
75
76
74
74
77
78
80
78
79
78
76
78
77
79
80
81
81
82
81
80
79
80
80
80
81
79
78
78
79
80
80
80
80
81
81
82
82
85
85
83
83
83
83
84
84
85
85
86
86
86
86
87
88
88
88
86
87
86
88
88
88
88
88
86
87
87
87
85
86
86
86
85
83
84
85
85
85
87
87
85
84
85
86
85
85
84
81
76
73
72
76
74
78
81
80
80
81
81
81
79
84
85
85
84
83
84
85
86
86
87
86
88
87
88
86
87
85
86
86
86
87
87
88
88
90
91
90
90
88
86
88
87
87
88
88
88
90
89
89
89
88
86
86
85
85
85
85
88
87
86
84
86
83
84
84
85
84
88
87
87
86
86
86
87
87
88
79
77
79
78
88
90
90
89
90
91
92
94
94
94
93
90
92
91
90
90
90
90
89
89
91
92
93
92
94
95
95
95
95
93
93
94
94
94
95
97
99
99
99
98
99
99
99
98
96
97
97
98
99
99
99
99
98
95
100
101
100
99
99
101
102
103
104
103
105
104
104
104
105
111
113
111
110
109
107
107
109
106
106
106
105
106
108
107
107
107
108
108
110
111
110
110
110
110
109
108
109
108
106
107
106
107
106
109
110
107
108
110
110
110
109
111
109
106
106
107
108
116
122
122
126
126
121
121
120
120
120
121
121
123
123
122
117
108
112
111
117
117
115
111
112
114
111
113
115
113
116
117
116
119
125
127
127
125
124
122
122
120
117
116
118
118
124
124
123
122
123
126
126
124
122
126
127
130
130
127
129
126
129
128
126
136
136
135
137
139
138
132
130
130
128
128
123
124
121
126
129
127
123
122
124
123
124
125
123
123
126
124
125
125
124
123
126
131
131
129
126
126
128
126
126
126
128
125
121
121
118
117
116
112
112
112
107
104
105
104
106
108
107
105
103
101
99
100
101
99
96
99
91
90
93
100
105
103
108
110
107
107
107
103
105
106
104
105
108
106
109
108
105
105
109
111
113
116
116
115
112
110
108
109
108
108
106
108
108
107
108
105
105
105
104
103
102
105
109
109
109
109
108
109
108
107
107
106
108
117
116
115
114
114
112
113
113
115
113
113
112
112
111
109
109
110
111
113
113
112
112
110
110
110
110
110
111
109
108
106
105
105
104
104
107
107
107
109
103
101
100
102
106
106
107
105
106
108
110
112
113
115
114
115
115
116
117
116
117
118
118
118
114
117
116
113
112
114
113
114
114
115
115
117
117
116
116
115
115
114
114
111
113
112
110
109
110
114
112
114
113
113
110
112
112
111
111
109
107
108
109
109
109
109
114
116
119
116
118
119
119
119
118
118
119
117
119
121
123
124
127
125
128
128
128
126
129
132
130
126
124
125
127
127
124
126
124
121
122
123
125
127
126
127
128
126
127
126
126
124
122
121
124
124
124
123
124
120
120
117
118
117
115
117
115
114
114
114
113
114
114
113
114
116
118
116
118
117
118
119
119
120
120
120
120
121
121
121
121
121
122
120
121
121
122
122
123
125
123
119
120
121
119
119
119
121
119
119
119
120
120
120
120
121
122
124
125
125
127
128
130
132
131
130
127
127
127
127
128
129
129
127
126
126
125
126
126
127
129
129
129
129
130
131
132
132
133
135
135
136
134
134
137
140
139
141
140
140
138
139
140
140
144
144
139
142
142
143
143
144
145
144
144
144
147
146
147
147
147
149
142
145
147
145
146
147
149
147
150
152
154
152
150
149
149
150
148
149
149
150
150
151
152
154
154
152
154
155
154
154
156
155
159
154
159
157
153
153
153
151
148
144
147
144
146
148
148
148
144
144
145
147
149
152
144
141
144
145
149
148
144
145
144
142
144
145
145
143
143
142
142
142
143
146
144
143
145
144
144
148
147
148
148
148
147
147
147
149
150
149
150
151
154
153
151
148
148
123
125
121
126
123
123
123
120
120
118
116
121
120
122
121
122
124
124
125
127
127
127
126
122
122
124
122
121
117
120
117
118
119
119
121
122
122
122
120
120
120
119
120
121
121
124
126
126
127
128
128
130
130
133
132
130
127
127
128
130
132
132
132
130
129
127
128
125
123
127
