29
29
28
27
28
29
28
29
28
28
27
27
27
27
27
28
28
28
28
28
28
28
28
27
27
26
27
27
26
26
26
25
25
26
26
26
26
27
27
27
27
27
27
28
27
27
27
27
26
26
26
26
26
27
27
27
28
28
29
28
28
27
27
27
27
27
27
26
26
26
26
26
25
25
25
24
24
25
24
24
23
23
23
24
24
24
24
24
24
24
24
24
25
24
24
25
24
25
25
25
24
25
24
25
26
26
26
26
26
26
27
26
26
26
26
34
34
34
36
38
37
38
38
39
39
39
39
38
38
37
36
37
37
38
38
38
39
41
41
40
41
42
42
42
42
43
44
44
43
46
45
45
42
45
46
46
47
49
49
50
50
50
50
50
50
50
51
51
47
48
49
48
50
50
51
54
55
54
52
52
53
52
51
50
47
51
49
48
50
49
48
47
46
46
49
49
48
46
47
47
47
46
45
46
47
47
47
46
48
49
48
49
51
51
52
53
55
55
54
55
56
58
58
57
55
54
55
55
54
58
58
59
57
58
56
58
57
57
57
59
56
56
55
54
55
62
60
63
62
63
61
62
64
64
65
64
68
67
67
68
70
69
71
70
69
69
67
69
70
72
71
71
72
70
71
68
68
69
69
68
68
67
65
65
61
61
61
60
63
63
60
56
58
60
63
58
60
59
60
59
59
63
63
64
60
58
56
58
60
61
60
61
59
57
57
58
60
60
59
58
58
60
59
61
60
62
63
64
64
63
63
62
64
63
62
64
65
66
65
64
64
64
65
64
64
65
66
68
67
67
68
68
67
66
65
63
63
65
67
68
68
67
67
69
70
70
76
75
75
75
74
74
72
72
73
72
73
73
73
73
73
74
74
74
75
75
75
74
75
75
75
74
74
75
77
76
76
77
78
77
77
78
77
74
76
77
77
77
76
78
79
78
78
79
79
77
78
77
77
76
77
76
73
74
72
71
74
76
78
79
79
80
81
80
75
75
75
75
74
77
75
75
75
75
74
75
74
75
74
74
73
74
74
74
76
78
77
75
75
75
76
76
75
77
77
77
78
76
75
77
79
80
82
81
81
80
80
80
79
78
77
77
77
78
78
77
76
76
74
76
76
77
78
78
77
77
77
78
76
75
75
76
76
74
75
75
77
76
75
76
77
80
80
78
78
80
81
79
80
79
81
81
80
78
78
78
79
78
78
79
81
83
84
85
86
83
83
84
83
82
82
81
83
83
82
82
82
83
84
82
81
82
84
84
84
83
82
82
80
80
79
79
79
78
78
79
78
78
78
79
81
80
81
80
80
80
80
80
80
80
79
80
81
82
82
82
81
81
82
81
81
81
82
82
83
83
85
88
89
88
87
87
87
87
86
88
86
87
87
89
90
90
90
93
96
99
97
97
97
97
95
96
95
95
94
94
95
97
95
96
94
93
94
94
94
94
95
94
88
77
87
86
89
90
91
87
89
90
87
90
91
90
92
92
92
93
93
93
95
94
93
93
96
92
89
88
90
89
93
94
93
92
93
93
94
94
95
96
97
99
97
98
102
102
103
104
104
105
102
103
103
109
108
107
106
108
108
108
103
105
106
107
107
107
106
106
106
106
105
107
106
105
106
104
106
105
104
102
105
105
107
106
105
105
106
105
105
106
107
106
102
103
101
100
100
98
99
101
96
94
97
93
95
96
99
98
98
107
109
112
115
115
112
110
100
97
102
100
104
104
102
106
103
105
107
104
107
109
108
108
110
110
110
108
105
107
108
108
109
109
110
112
112
112
111
112
112
113
114
117
115
114
114
112
112
114
114
111
109
112
111
111
110
111
112
113
111
110
110
108
120
117
118
118
117
118
117
120
120
120
120
120
119
119
117
117
117
117
116
118
118
120
119
118
119
119
119
119
118
118
118
115
114
115
114
114
114
114
115
114
111
112
111
113
115
114
114
113
117
116
118
119
118
118
118
117
119
121
122
120
121
122
122
128
125
124
124
123
123
125
125
125
125
125
125
125
124
124
124
124
123
125
124
123
124
124
127
126
126
127
127
130
131
130
126
128
127
128
128
130
129
129
130
128
127
128
129
129
128
128
129
128
128
129
130
130
129
128
128
128
129
129
130
130
133
134
132
132
130
132
131
130
122
120
123
122
122
124
120
119
117
114
117
118
118
122
121
121
120
121
120
118
115
116
118
117
118
119
119
118
120
120
121
120
120
119
119
117
117
118
117
117
116
118
119
121
124
125
124
126
127
128
128
128
128
127
129
130
132
133
132
130
132
133
131
131
132
133
134
134
135
134
133
133
134
134
134
136
134
135
137
136
137
137
137
137
137
138
139
139
139
139
140
140
140
141
138
139
140
139
140
142
142
142
142
142
142
142
141
141
141
140
140
140
141
141
143
144
145
146
147
147
150
152
153
154
150
151
151
151
150
150
150
150
150
148
145
148
148
149
149
150
152
152
153
152
152
154
153
153
154
155
148
150
151
148
150
152
153
152
153
153
156
153
151
152
152
152
149
149
149
152
153
156
159
160
160
160
164
165
164
165
165
166
175
169
172
170
170
169
169
170
172
170
170
168
170
171
171
169
167
167
168
169
169
168
167
165
168
170
172
171
171
172
173
172
174
173
172
171
172
171
172
172
170
169
164
166
168
169
171
169
170
169
170
173
173
172
173
173
174
175
177
175
176
175
172
172
171
174
179
181
182
181
179
179
180
180
178
178
178
178
177
179
179
179
179
181
180
183
184
182
177
176
176
170
172
176
182
179
179
177
178
179
181
180
180
178
177
177
177
178
178
178
182
185
186
187
189
187
188
178
182
179
178
181
181
186
190
188
188
189
183
188
188
192
187
179
184
