107
106
106
106
106
107
107
107
105
105
106
104
103
106
105
105
107
109
108
108
108
107
107
108
109
108
107
102
99
97
99
97
97
97
98
98
97
97
95
95
95
95
98
96
96
95
94
93
92
93
93
95
95
95
94
94
94
92
93
95
97
99
102
100
100
99
101
100
99
100
101
102
99
99
99
96
97
96
97
98
98
97
98
100
98
99
97
100
100
99
101
98
96
95
97
98
99
99
99
99
98
99
99
100
103
104
102
102
103
104
104
108
108
108
107
106
105
104
104
102
107
109
109
109
108
109
109
108
109
109
108
108
108
109
109
108
111
111
110
108
108
109
108
107
107
109
108
110
111
110
109
109
110
113
115
117
115
115
115
114
113
113
114
115
115
113
114
114
112
114
114
115
117
120
122
125
126
129
129
130
132
131
133
133
132
132
135
134
137
133
130
132
132
134
135
138
139
137
134
135
138
138
137
139
140
139
139
138
138
140
140
140
139
137
138
140
140
138
140
140
143
142
143
143
143
143
143
140
143
139
141
141
141
141
141
143
142
141
142
143
142
139
135
132
133
133
132
133
129
130
130
132
131
130
133
132
134
134
132
132
133
135
135
133
132
133
132
135
137
137
138
137
138
137
138
136
138
138
138
137
138
137
135
134
132
132
133
133
134
135
136
134
133
133
134
131
132
132
133
134
136
137
137
136
136
134
135
136
136
136
136
135
136
136
136
138
140
140
139
139
138
139
138
139
140
142
142
144
144
144
144
143
143
143
143
143
143
142
140
140
139
145
148
148
148
148
149
151
151
151
152
152
153
153
151
152
150
150
152
150
152
151
151
153
153
153
153
152
151
148
147
148
147
147
148
146
147
146
149
148
149
150
150
149
151
150
151
151
150
150
149
149
148
149
150
152
152
153
152
151
150
153
154
155
160
160
160
158
158
158
159
158
159
162
161
158
161
163
159
156
160
156
155
153
151
152
153
156
157
161
161
163
164
166
168
172
168
167
168
169
170
172
171
172
172
172
171
171
171
172
171
176
175
175
175
179
179
181
181
180
180
183
180
179
178
176
177
177
170
171
174
175
178
177
177
175
175
176
174
172
172
172
173
175
174
174
170
173
173
178
179
180
178
176
176
175
172
172
169
173
172
173
174
172
173
173
175
176
177
179
180
178
178
178
178
175
177
177
176
176
175
174
173
171
170
172
174
174
177
172
174
174
172
170
170
164
165
165
166
165
167
165
173
171
171
173
174
172
172
170
168
168
169
170
169
170
170
169
170
168
170
172
172
171
170
173
174
173
173
173
174
175
178
178
177
176
175
175
176
175
174
175
176
179
180
182
180
180
184
184
183
182
178
177
177
177
177
175
174
174
172
172
172
170
170
169
168
169
170
170
171
171
170
169
171
170
171
169
167
163
166
169
171
169
171
171
171
172
169
168
168
168
166
164
164
165
165
164
159
147
153
148
151
153
152
148
150
152
149
151
155
151
149
151
151
151
149
148
146
144
144
142
144
143
141
144
144
142
146
151
152
153
156
155
154
151
152
153
152
152
155
156
161
160
156
157
155
156
156
158
160
160
159
162
161
160
160
158
158
162
161
163
164
164
162
163
163
164
159
159
158
155
154
152
147
147
146
143
144
146
157
150
148
146
149
150
149
149
149
148
146
144
143
138
136
135
134
135
131
128
129
124
123
126
127
126
130
129
129
132
132
131
131
133
130
129
131
126
126
130
134
133
130
131
134
133
134
137
137
138
141
142
143
143
144
142
142
143
144
143
142
155
161
164
164
163
161
163
162
163
162
162
164
162
162
161
162
163
164
166
167
166
165
168
168
167
166
166
166
167
167
165
166
166
166
165
160
161
162
163
162
159
158
159
158
158
160
162
163
165
164
164
165
164
165
162
163
165
165
164
163
160
160
160
159
162
164
165
162
158
152
149
149
150
150
154
152
152
152
154
157
158
160
162
162
161
160
160
160
158
160
160
161
160
161
162
161
159
161
161
163
164
164
165
165
166
166
167
167
167
169
169
169
167
166
165
166
164
166
166
167
164
164
164
160
162
160
159
159
160
162
171
174
173
174
175
177
175
176
174
175
175
174
173
173
174
174
172
172
171
172
171
170
168
171
171
171
175
175
175
174
172
173
173
177
179
179
182
183
184
186
185
184
185
187
188
189
191
191
190
192
192
192
194
194
193
197
196
196
199
201
198
199
197
199
194
192
191
192
191
189
188
187
188
189
188
190
189
188
189
188
186
186
187
186
186
186
192
192
193
195
190
189
186
186
190
188
188
188
189
191
192
193
194
193
194
194
194
191
193
194
195
197
195
194
194
193
193
192
192
193
192
193
194
195
193
196
195
189
187
187
189
192
194
196
195
197
196
196
196
195
193
186
184
185
185
185
187
188
189
189
190
192
190
189
189
190
192
192
191
191
189
190
192
195
192
188
189
190
192
193
194
194
194
194
195
199
203
201
203
206
206
206
210
210
208
211
211
210
208
210
211
216
215
216
217
216
218
217
217
216
218
219
219
218
217
215
215
211
213
211
212
214
215
213
208
208
209
207
209
209
209
209
207
206
203
206
209
209
209
205
206
207
208
208
208
208
207
212
215
215
214
214
213
213
212
213
215
214
213
215
215
216
220
219
220
219
221
220
224
226
226
223
218
222
221
221
221
223
225
223
221
220
221
225
226
226
225
226
229
230
228
227
226
225
224
222
220
219
217
220
221
219
215
217
217
218
218
219
217
219
219
227
232
235
238
235
236
240
241
239
240
242
240
243
242
253
255
250
250
250
250
249
251
257
262
266
269
270
265
268
271
272
271
272
273
273
274
272
271
269
268
267
264
258
261
252
244
249
