105
105
103
102
102
101
102
104
102
101
99
94
95
93
94
93
93
94
94
95
94
94
94
93
91
90
90
91
90
89
87
88
88
88
89
90
91
90
73
73
73
73
73
76
75
73
73
74
72
72
72
72
77
74
74
75
76
73
76
76
78
77
79
79
80
78
79
83
83
82
83
83
81
81
83
83
83
84
81
79
77
78
79
78
77
76
74
75
75
75
76
74
72
70
69
69
69
71
70
70
69
70
70
69
69
75
77
80
81
81
81
81
82
81
82
88
87
87
87
88
88
88
88
89
88
89
90
92
93
92
90
89
88
86
86
86
88
87
84
83
83
84
84
85
85
87
88
89
89
92
91
93
91
92
93
94
94
87
87
88
87
86
86
88
90
90
91
92
89
88
89
90
90
88
88
87
88
91
90
88
86
83
84
85
83
81
80
80
80
81
80
82
84
84
83
84
85
84
82
82
83
83
81
82
83
82
81
82
83
83
84
85
86
84
82
82
84
84
84
86
88
90
90
89
89
90
90
89
89
88
90
90
88
91
92
95
97
98
98
98
108
102
105
106
107
108
110
105
105
106
104
107
108
109
112
110
112
112
112
110
112
110
112
110
113
115
110
113
113
114
116
114
113
111
112
108
108
110
111
113
115
113
109
110
104
107
106
107
110
109
107
104
105
108
109
103
106
107
108
108
108
109
109
113
105
104
103
105
105
105
103
104
103
101
101
102
105
105
104
103
103
107
106
107
108
108
110
109
111
109
108
110
109
111
112
112
112
112
112
112
113
113
113
109
109
109
109
109
107
111
112
112
112
111
112
110
110
111
109
111
112
109
110
110
110
111
112
113
112
113
115
115
109
111
112
114
114
112
115
117
114
115
115
115
117
121
124
122
122
122
124
123
124
124
126
124
123
124
123
124
125
126
126
123
126
126
128
124
122
121
122
120
118
119
118
117
121
123
121
118
118
113
107
113
108
108
111
113
113
116
114
115
115
117
119
123
124
122
125
127
126
125
127
127
126
126
126
129
128
128
126
129
129
130
130
129
130
128
128
131
132
133
130
132
132
131
131
131
128
133
133
133
134
134
136
133
133
133
132
132
128
128
130
130
130
129
125
127
124
127
127
109
113
115
113
115
113
113
110
113
112
110
111
112
111
113
115
116
117
116
117
118
120
119
119
119
119
119
119
119
120
119
116
114
113
114
113
113
113
112
115
115
117
116
115
112
113
114
115
115
114
113
112
113
114
115
114
113
114
117
117
117
118
119
118
124
123
123
125
123
122
122
124
123
123
125
126
125
125
127
128
127
128
127
127
127
127
127
126
126
124
125
125
126
125
125
125
125
128
126
125
126
127
127
127
128
128
128
126
127
121
119
121
121
119
118
118
119
117
117
118
118
118
118
117
116
117
128
128
127
129
132
132
134
131
131
132
132
130
131
132
130
133
132
132
134
133
132
126
117
120
121
123
122
122
119
120
121
120
121
123
120
119
118
118
118
119
117
116
113
113
113
115
114
114
116
116
115
121
117
119
118
119
120
119
120
118
117
119
117
120
118
122
120
120
121
108
110
109
111
113
111
109
109
109
107
107
103
102
105
105
105
104
104
103
103
103
103
103
105
105
103
104
104
100
100
98
97
95
100
101
98
98
97
98
98
97
97
98
98
96
96
95
94
93
92
93
93
93
91
95
92
94
90
94
94
96
96
93
93
92
92
91
92
90
88
89
87
88
89
90
92
92
93
94
93
94
96
97
97
98
100
101
99
101
100
100
100
100
99
98
100
101
102
102
104
102
103
103
105
105
105
105
104
103
100
98
98
96
96
97
97
95
97
97
101
103
104
106
105
106
104
103
103
100
101
100
101
102
104
104
104
106
105
104
106
105
107
107
109
110
108
109
110
110
111
111
110
120
120
119
119
118
119
119
119
120
119
120
119
117
113
110
112
112
114
113
112
114
115
117
117
118
117
116
116
116
122
122
121
122
124
124
122
123
124
122
122
123
124
126
127
127
126
125
125
124
124
123
123
124
125
125
124
124
124
125
124
122
124
124
124
120
119
118
118
119
118
118
119
119
119
120
122
120
119
123
124
124
124
124
125
125
125
125
123
119
117
117
117
117
117
119
118
119
118
117
130
131
135
137
136
135
138
138
137
137
140
139
141
143
143
141
143
143
144
144
144
143
143
142
141
139
140
141
140
142
143
142
142
145
145
145
145
146
147
146
144
146
145
144
145
146
145
145
144
144
145
144
144
144
143
142
143
143
142
142
145
139
133
135
133
134
131
134
136
137
138
139
140
140
140
141
143
143
143
145
145
144
144
143
144
145
142
143
141
143
143
145
146
146
146
146
148
149
149
146
145
147
146
146
141
142
143
143
141
140
138
138
137
137
137
135
135
136
136
137
137
138
138
139
126
127
129
126
127
127
127
129
130
131
131
130
130
131
130
127
126
128
129
126
127
127
127
129
129
130
129
129
129
128
131
128
129
131
129
130
130
131
129
129
130
130
129
129
129
128
128
128
128
128
127
128
129
130
124
124
126
127
128
127
127
127
129
118
119
122
121
120
119
120
120
120
118
118
117
119
119
119
118
118
117
116
117
116
118
118
117
118
118
120
118
117
117
115
116
118
117
116
117
117
118
116
117
118
119
119
119
121
122
121
122
118
119
120
119
117
116
115
116
117
116
116
116
118
119
118
119
120
124
121
120
121
120
121
120
120
120
121
121
120
120
121
121
122
124
123
122
122
123
124
127
130
134
133
133
132
131
133
133
133
134
131
131
132
132
132
132
132
132
131
132
132
132
133
138
139
136
138
137
139
140
142
139
139
139
139
141
143
144
136
138
138
141
145
143
143
134
139
