40
40
40
40
40
40
40
41
40
40
40
40
40
41
41
41
41
42
42
42
42
42
42
42
42
42
43
43
42
43
43
43
43
43
44
44
44
43
43
42
43
43
44
44
44
43
44
43
43
44
44
44
45
45
45
45
43
44
44
43
43
44
44
44
45
45
45
45
45
45
45
45
45
44
44
44
44
44
44
44
43
43
43
43
43
44
43
44
44
44
44
44
43
43
43
44
44
44
44
43
43
44
45
45
45
45
46
45
46
46
46
46
46
47
46
46
46
46
46
48
48
48
49
50
50
51
51
50
51
51
50
50
50
49
49
49
50
50
49
48
48
48
49
48
47
49
49
50
50
50
50
51
51
51
52
51
51
51
51
51
50
50
51
51
51
50
50
50
50
50
50
51
51
51
52
52
52
53
53
53
53
53
54
53
53
52
53
52
52
53
52
53
52
52
54
53
54
55
54
55
55
55
55
58
55
55
55
55
54
55
56
55
55
55
56
56
57
57
58
57
58
59
59
59
59
59
59
58
58
58
58
59
59
58
58
58
58
57
57
57
58
57
56
56
57
57
54
56
55
55
55
55
55
55
56
56
56
56
57
57
57
57
57
58
58
58
58
58
59
58
59
59
59
58
59
57
58
58
58
58
59
58
56
56
56
56
56
57
57
58
58
57
56
57
57
55
55
56
57
57
58
57
57
57
57
56
57
58
61
61
61
62
62
62
62
61
62
61
61
60
59
60
59
59
60
60
60
60
60
60
60
61
61
61
61
61
61
60
60
60
59
60
60
60
60
60
60
61
60
60
61
61
61
61
61
61
61
61
61
61
62
62
62
63
63
62
63
63
62
62
61
63
62
61
61
61
61
61
61
61
62
62
63
63
63
64
64
64
65
64
64
64
65
65
65
65
65
65
65
65
65
65
65
65
65
65
66
66
65
65
65
64
64
65
65
64
65
65
64
63
65
64
63
63
62
61
62
63
63
65
65
65
66
66
69
68
70
70
70
70
70
70
69
70
70
70
71
70
70
70
70
71
70
71
71
71
71
71
71
72
71
70
70
70
70
69
69
69
69
71
72
72
73
73
73
72
72
72
71
70
70
70
72
72
72
73
71
72
72
73
73
73
74
74
73
73
73
73
73
74
74
76
77
77
77
78
78
78
79
78
79
78
78
79
79
79
79
78
78
78
78
78
77
77
77
77
78
78
78
78
80
81
81
80
80
77
78
79
79
79
79
79
80
79
80
80
79
79
79
79
78
78
79
79
79
80
80
79
79
78
78
79
78
78
79
80
80
80
80
81
81
81
81
81
81
81
80
80
81
81
81
80
81
81
80
80
80
79
80
81
80
79
81
81
85
86
86
86
85
85
84
84
83
84
83
84
85
84
85
87
87
87
88
88
88
88
87
88
87
86
85
86
87
88
87
87
88
88
87
88
88
87
88
89
89
90
90
89
88
81
83
82
85
86
86
83
84
86
84
86
87
85
85
86
86
87
87
86
87
86
86
86
88
87
85
86
87
86
89
89
89
89
91
92
92
92
91
91
92
93
93
93
96
96
95
96
96
97
97
97
96
96
96
96
95
96
96
95
95
96
96
96
97
97
96
95
95
96
97
97
96
94
95
94
94
93
92
92
94
95
94
92
92
93
94
93
93
94
94
93
90
89
89
86
88
88
88
90
87
86
88
88
89
91
90
91
91
91
92
94
94
95
95
96
94
91
93
91
93
94
95
96
96
97
98
97
99
100
98
97
98
97
98
97
96
96
97
97
98
98
98
99
101
101
100
100
100
100
101
102
102
102
103
101
101
101
101
101
100
101
101
100
100
101
101
99
98
98
99
99
99
98
98
98
98
99
99
103
104
106
106
105
104
104
103
102
102
102
102
104
103
104
105
105
106
107
106
107
106
107
106
106
105
106
105
106
105
105
105
105
102
102
103
105
107
109
109
109
109
109
110
111
111
112
111
111
110
110
111
110
110
110
111
110
111
110
110
107
105
106
105
104
104
104
103
104
103
102
103
102
102
103
104
103
103
103
103
103
103
104
104
104
103
102
100
101
99
98
100
99
100
100
102
102
101
100
101
100
100
99
100
99
99
101
100
101
99
99
98
100
101
100
100
99
100
100
100
93
98
98
99
99
99
97
100
99
97
101
99
101
100
101
103
105
103
106
106
108
107
107
107
105
103
104
104
103
105
105
105
105
106
106
107
107
108
109
109
108
108
108
107
108
107
107
108
108
110
108
108
109
109
110
111
110
110
109
109
109
108
108
108
108
107
105
106
107
107
107
108
110
110
110
110
111
111
110
112
114
115
116
116
116
117
116
117
117
117
118
118
117
118
118
118
118
118
117
113
116
116
115
115
116
116
116
116
115
116
115
116
115
116
116
116
116
116
116
117
118
120
120
119
121
120
120
119
119
119
120
120
120
119
119
120
120
120
119
119
120
121
123
122
123
125
124
125
125
126
126
125
124
125
124
122
123
125
124
122
125
125
125
125
125
125
124
123
124
122
123
121
122
122
123
123
123
123
124
124
125
125
126
126
127
126
127
127
127
127
129
125
124
124
123
123
123
123
123
123
124
125
124
121
121
121
122
122
122
123
122
123
124
124
123
122
123
123
123
124
124
124
124
124
126
125
125
125
126
128
128
128
128
129
129
129
129
129
128
128
128
127
127
127
127
126
127
128
129
128
127
129
129
130
129
124
126
126
127
128
127
128
129
128
128
130
129
129
128
129
128
128
128
128
128
129
130
131
132
131
130
132
131
132
131
131
131
132
133
133
132
130
130
131
132
132
132
131
132
134
134
135
136
137
138
138
139
138
138
138
139
141
141
142
142
143
142
141
139
138
128
130
