26
26
26
27
27
27
27
27
27
26
27
26
26
26
26
26
26
26
26
27
27
26
26
26
26
26
26
26
26
26
26
26
26
26
26
26
26
26
26
26
26
26
26
26
25
25
24
24
24
24
24
24
24
24
24
24
24
24
24
24
25
25
25
25
25
25
25
25
25
25
25
24
24
24
24
25
24
24
24
24
24
24
24
24
24
24
24
24
25
26
27
26
26
26
26
26
27
27
27
27
27
28
28
29
29
29
29
29
29
29
29
29
29
29
29
30
31
32
32
32
33
33
34
33
33
33
33
33
33
33
33
32
32
32
32
32
33
32
32
31
31
32
32
31
32
32
32
32
32
32
32
32
32
32
32
32
32
31
32
31
31
31
31
31
32
32
32
32
32
32
32
33
30
28
28
29
29
29
29
29
29
29
28
29
29
28
29
28
29
28
28
29
29
29
29
29
30
29
29
29
30
30
30
30
30
30
30
29
29
29
29
29
29
29
29
29
28
29
29
29
29
30
30
30
30
30
30
29
29
29
32
33
33
32
33
33
33
33
34
34
34
34
33
33
32
32
32
32
31
31
31
31
31
30
31
31
31
31
31
31
32
33
33
33
33
33
34
35
35
35
35
35
35
35
35
34
34
34
35
34
35
35
35
35
35
35
35
36
37
37
37
37
35
35
36
34
35
35
35
35
36
36
37
37
37
35
34
34
34
35
35
35
34
34
34
34
35
34
34
33
33
34
34
34
34
34
35
35
35
35
35
35
35
35
36
36
36
36
36
36
36
36
36
36
36
35
35
35
34
34
35
35
35
35
35
34
34
34
34
33
34
33
33
33
34
34
34
34
35
35
34
34
33
33
33
33
34
33
34
34
34
34
34
34
34
34
34
34
34
34
34
34
34
34
34
34
34
33
33
33
33
34
33
33
33
34
34
33
33
32
32
32
31
32
31
30
31
31
30
30
30
29
29
29
28
29
29
29
29
30
30
31
32
32
32
32
33
34
34
34
34
34
34
33
33
33
32
32
32
32
32
32
32
32
32
32
32
31
31
31
32
32
32
33
32
32
32
32
32
33
33
33
34
33
33
33
33
33
32
32
31
31
31
31
31
31
30
30
30
30
30
30
31
31
31
31
30
30
30
31
31
31
32
34
34
33
33
33
33
32
32
32
32
32
32
32
32
32
33
33
31
32
32
31
31
31
32
31
32
31
31
31
32
32
31
31
31
31
31
31
31
31
31
31
31
31
31
31
31
31
30
30
30
30
30
31
31
31
31
31
31
31
31
31
31
31
32
31
32
32
32
32
32
32
32
32
32
31
31
31
31
30
31
31
31
31
31
31
31
31
31
31
31
31
31
30
31
31
31
31
31
31
31
31
31
31
31
31
30
31
31
31
31
31
30
30
30
30
30
31
30
30
30
31
31
31
30
31
31
31
32
31
31
30
30
31
30
30
29
27
28
28
28
28
28
28
28
28
28
28
29
29
28
28
28
28
29
28
28
28
28
27
28
27
27
28
28
27
28
29
29
28
29
29
28
28
28
28
28
28
28
28
28
28
27
26
26
27
27
27
27
27
27
28
27
27
27
26
26
29
29
30
30
30
30
30
30
30
31
30
30
30
30
29
29
30
29
29
29
29
29
28
28
28
29
29
29
29
29
28
28
30
30
30
30
30
31
31
31
31
32
30
30
30
30
30
29
29
29
29
29
29
29
29
27
27
29
28
29
30
30
31
30
32
31
31
31
31
31
31
32
32
32
32
32
32
32
32
32
32
32
32
33
32
33
34
33
33
33
33
34
33
33
33
32
33
32
32
33
33
33
33
33
33
33
33
33
33
33
31
31
31
30
30
31
31
30
30
31
31
31
30
30
30
29
29
30
30
30
31
31
31
31
31
31
31
31
31
32
31
31
31
31
31
31
31
31
31
31
31
30
30
29
30
30
31
31
31
31
32
32
32
33
32
32
32
32
33
33
33
32
32
33
32
33
33
32
32
32
32
32
31
32
32
31
31
31
30
31
30
31
31
31
31
31
31
31
31
31
31
31
31
31
31
31
31
31
30
31
31
31
31
32
31
31
31
32
32
31
31
32
31
31
31
30
30
30
29
29
28
29
29
29
29
29
29
30
33
32
33
33
33
33
32
32
32
32
34
34
35
35
35
35
35
35
35
35
35
36
35
35
36
36
36
36
36
36
37
37
37
37
36
37
36
36
36
36
36
37
37
36
36
36
36
37
36
36
36
36
36
36
35
35
35
35
35
35
35
35
36
35
35
36
35
36
36
36
36
36
36
36
36
35
37
36
37
37
36
36
37
37
37
37
37
36
37
36
36
36
36
36
36
37
37
37
37
36
36
37
36
36
36
36
36
36
36
36
35
36
36
35
36
35
35
35
36
36
36
37
38
34
37
37
37
37
37
37
37
37
37
37
37
37
38
38
38
37
38
37
37
37
37
37
37
38
38
39
39
38
38
37
37
37
36
36
36
36
36
36
36
35
35
35
35
35
35
35
35
35
34
34
35
36
37
37
38
38
38
38
38
38
38
38
39
38
37
36
37
37
37
38
38
37
38
38
37
38
38
38
38
38
38
37
38
38
38
38
37
38
39
38
38
38
38
38
38
39
39
39
39
40
41
40
40
40
39
39
39
39
39
39
41
41
41
41
41
41
42
43
43
43
43
43
43
44
44
44
44
47
48
47
47
47
47
47
47
47
47
47
46
47
47
47
47
47
47
47
47
47
47
47
47
47
46
47
46
46
46
46
46
47
47
47
47
48
48
48
47
47
47
47
47
47
47
47
48
48
50
50
49
50
50
50
51
51
52
52
52
52
52
53
53
52
52
51
51
50
47
48
