60
60
60
58
59
59
60
59
58
58
59
58
59
60
60
60
60
61
61
61
61
61
61
61
61
60
60
60
59
58
58
57
56
57
57
56
56
56
55
56
57
57
58
58
58
57
58
58
58
58
58
60
60
60
60
60
57
58
60
60
60
61
62
62
62
61
63
63
62
63
63
63
62
63
64
64
64
64
63
62
62
61
62
63
62
63
62
63
63
64
65
62
63
62
62
62
63
62
62
62
62
62
61
62
62
63
62
62
63
62
62
63
63
64
63
63
63
63
64
66
67
67
67
66
65
65
65
65
65
66
65
64
65
65
65
66
67
67
66
67
66
67
67
67
67
67
68
69
69
70
70
71
70
70
71
72
71
71
72
72
71
71
72
71
71
71
71
71
71
71
72
72
72
72
72
74
73
73
74
74
74
74
73
73
73
73
73
73
73
73
72
73
73
72
74
74
75
74
74
73
73
73
72
73
73
73
72
72
73
74
74
75
75
74
73
73
73
73
73
73
73
74
75
75
75
75
75
74
75
74
74
75
75
74
73
75
76
76
76
76
75
73
71
72
71
72
71
71
69
69
69
72
71
72
72
71
72
73
73
73
73
73
72
73
75
77
76
78
78
78
78
84
82
81
81
80
79
80
79
78
80
79
79
79
78
77
77
77
77
78
79
77
76
77
78
75
75
75
76
77
77
77
77
77
76
76
76
76
77
77
76
76
76
73
73
73
74
73
73
72
72
73
74
74
75
76
76
77
77
77
76
76
77
78
78
78
78
78
77
77
77
76
75
75
73
71
71
70
71
71
71
71
71
71
71
70
69
69
69
70
70
69
68
69
69
69
69
68
68
69
68
67
66
66
65
65
65
65
65
65
65
65
67
66
66
66
67
66
66
66
66
66
66
66
66
66
65
66
66
64
63
64
62
63
64
61
61
61
60
60
59
58
58
57
57
56
57
57
56
55
55
53
53
51
53
54
57
56
57
60
59
58
58
57
58
55
59
57
56
56
57
57
57
57
57
57
56
57
56
57
56
57
56
57
56
55
54
54
54
55
55
57
56
56
55
55
56
55
55
58
57
57
57
58
58
57
57
58
57
57
56
56
57
58
58
59
59
59
58
58
58
58
59
58
57
59
57
57
58
58
59
57
62
61
62
61
62
63
63
64
64
64
64
64
64
64
64
64
64
64
63
62
61
61
60
60
60
60
60
59
59
59
60
60
59
58
58
57
58
57
57
57
57
58
57
58
58
58
59
60
59
58
58
58
58
59
59
59
59
60
60
60
61
60
59
60
59
60
58
59
58
58
58
58
57
58
58
58
58
58
57
56
57
57
56
56
56
56
56
55
55
55
56
56
56
55
55
55
54
53
53
52
53
52
51
50
50
49
49
50
50
51
50
50
50
50
49
49
49
47
47
48
48
49
49
48
49
48
49
48
49
48
47
47
47
48
47
47
46
43
44
41
41
42
42
41
41
42
42
42
43
41
41
42
41
40
40
39
38
37
37
36
35
34
33
33
34
33
35
36
36
37
39
38
35
36
38
38
37
37
38
37
38
37
37
36
37
40
41
41
41
41
41
41
40
40
39
40
41
42
42
43
43
42
42
43
43
42
43
42
41
42
42
41
40
40
39
38
38
38
39
37
38
38
40
41
40
40
40
39
38
38
37
36
36
36
36
36
34
34
35
34
35
36
35
34
35
35
35
35
35
35
36
37
37
35
35
34
34
35
37
38
37
36
37
36
37
38
38
38
38
38
39
41
40
39
39
40
40
40
39
40
42
41
41
41
41
41
40
42
41
40
40
39
38
38
37
38
38
39
40
40
40
40
42
42
43
43
43
43
44
43
43
44
47
48
47
48
47
47
48
47
46
47
47
45
46
46
48
48
49
48
48
47
47
48
49
50
50
50
50
50
48
48
48
49
49
49
48
49
48
45
43
44
46
46
46
44
44
45
47
47
48
49
49
49
49
48
49
48
48
48
49
48
48
47
47
46
48
49
48
49
48
48
48
48
48
48
47
47
48
48
48
47
48
47
47
47
47
47
48
46
47
47
45
45
45
46
47
48
48
48
49
49
49
48
48
48
49
48
48
48
48
48
48
47
47
46
47
48
47
47
48
48
48
48
47
47
47
47
47
47
48
51
53
53
53
56
54
53
53
54
54
54
56
55
54
55
56
55
55
57
56
57
57
57
58
59
60
59
58
57
58
57
57
57
57
57
57
58
57
57
57
57
58
58
58
58
58
59
59
59
59
59
60
60
61
62
63
62
62
60
60
61
61
60
58
58
58
58
58
58
58
58
58
58
58
59
58
58
57
58
59
60
59
59
59
58
59
60
60
60
61
61
61
61
60
61
62
60
61
62
61
72
71
71
72
72
73
75
75
75
73
73
73
74
74
74
73
74
74
73
74
73
73
74
71
71
72
73
73
74
73
74
75
75
71
73
75
75
75
75
75
75
75
75
76
76
76
76
76
76
76
76
77
75
76
76
75
76
76
74
75
75
74
75
73
74
74
73
74
74
76
75
76
77
76
76
76
76
76
76
77
78
77
77
77
77
82
84
84
85
84
84
84
83
83
83
85
85
83
83
84
84
85
85
84
84
84
88
87
88
86
87
87
88
90
90
90
90
90
92
93
92
91
90
86
86
87
88
89
89
90
91
91
91
91
91
92
94
94
95
95
94
95
95
94
94
94
93
93
92
94
92
90
91
91
94
93
92
93
94
92
92
94
93
93
95
94
95
94
94
93
94
95
91
89
88
89
89
90
90
91
91
93
94
95
95
95
96
96
95
95
95
96
98
98
98
98
98
98
99
98
96
90
91
90
90
89
90
92
92
91
92
91
88
85
81
85
