107
108
108
109
109
108
108
109
109
108
108
106
106
107
106
106
107
108
108
108
106
105
105
105
105
104
105
106
105
106
106
107
106
107
108
109
109
109
109
111
112
112
113
113
113
112
111
111
111
114
114
114
114
114
115
115
116
116
118
117
117
117
117
116
116
117
117
118
117
117
117
117
112
111
114
112
110
109
108
108
107
106
108
107
105
106
103
106
106
105
104
100
97
96
97
99
100
103
104
102
103
103
102
103
103
104
104
105
106
106
105
106
106
106
107
104
105
106
106
106
106
106
104
104
104
104
103
104
104
103
102
102
100
99
100
100
100
100
99
99
98
99
98
97
98
98
99
100
100
100
100
101
101
101
105
104
102
102
102
102
102
102
102
103
103
102
102
103
102
102
103
104
105
105
105
107
107
105
106
106
107
107
106
106
105
109
108
107
109
107
105
105
105
104
106
107
108
107
106
106
106
106
104
105
105
103
103
104
103
104
104
104
104
101
101
101
101
101
102
101
102
102
103
102
101
101
101
101
103
103
104
104
104
104
104
106
105
105
104
105
106
108
107
107
111
109
108
109
106
108
110
112
112
113
112
110
111
112
111
111
111
112
111
112
111
111
111
112
112
111
111
110
110
111
111
111
112
111
111
109
112
113
113
113
112
114
114
115
115
115
114
114
114
115
114
112
113
114
115
115
115
116
116
116
117
116
118
117
118
118
118
118
119
120
120
119
119
118
118
118
120
119
119
119
119
120
120
119
119
120
120
120
122
123
122
120
119
119
119
120
118
119
119
121
121
120
120
121
120
121
121
122
122
121
122
123
123
123
123
124
124
123
123
124
124
124
125
124
123
124
123
122
122
122
122
122
121
123
122
123
123
124
124
124
125
125
126
125
125
124
125
124
124
125
125
125
125
126
125
125
123
123
120
120
121
121
119
119
119
118
117
117
118
119
118
119
119
119
119
118
121
122
121
120
122
122
123
122
123
126
127
127
128
129
136
134
134
133
135
136
135
134
133
135
134
132
132
131
132
132
131
131
131
131
131
133
132
132
133
132
133
132
132
133
133
132
131
129
130
133
135
135
137
136
136
137
137
137
134
135
138
140
142
142
142
143
141
143
143
144
143
144
146
145
147
148
147
147
144
144
145
146
147
143
142
144
143
144
143
143
144
142
144
144
143
143
141
142
142
142
142
140
138
138
138
140
141
143
143
143
146
147
149
150
149
146
145
146
149
147
146
148
149
146
146
144
143
142
141
139
139
139
140
140
140
141
141
140
138
136
134
135
135
132
132
135
134
131
134
131
135
136
137
137
136
134
134
134
135
136
134
136
135
132
130
131
131
129
131
131
131
131
133
134
135
134
132
132
131
130
130
128
128
132
130
133
134
135
134
135
135
134
135
137
136
136
136
136
134
135
134
135
136
138
137
139
138
137
136
137
135
135
136
136
137
138
137
137
135
130
130
127
131
133
132
127
128
129
128
128
129
125
127
130
130
132
134
132
135
135
134
134
134
134
134
136
137
135
139
140
139
141
142
141
142
142
140
142
143
145
146
144
144
143
143
143
143
144
143
147
146
141
147
144
143
144
145
144
142
143
145
146
147
147
146
146
146
148
147
147
144
142
144
144
144
144
140
142
145
147
149
148
149
148
148
148
148
150
149
148
145
145
146
145
146
146
147
147
147
146
147
147
146
147
149
149
150
148
149
151
152
151
152
151
149
146
146
145
147
146
149
148
147
148
147
146
148
151
149
149
149
151
150
149
149
150
150
152
152
151
153
155
159
155
154
154
152
153
153
157
156
155
157
156
155
157
156
156
156
156
154
154
155
156
155
153
150
150
153
154
153
153
153
154
155
156
156
158
160
159
156
156
156
156
153
150
152
153
153
153
152
154
154
153
153
156
156
156
155
156
157
158
157
156
157
158
157
157
157
158
153
156
160
163
164
166
166
167
168
167
168
168
167
167
166
166
166
167
166
166
167
168
167
166
169
170
169
168
167
167
164
163
163
162
160
160
159
158
159
158
158
159
158
158
160
160
161
159
159
159
159
160
160
159
155
157
154
154
154
155
156
154
157
158
159
160
158
158
156
152
148
147
144
146
146
145
144
146
149
147
148
147
148
146
148
148
148
146
143
145
145
142
139
138
140
141
139
139
137
137
139
138
138
137
138
139
140
140
141
141
141
140
138
138
140
140
141
142
141
142
143
138
139
141
141
142
139
140
140
140
138
140
143
144
143
145
145
142
141
140
140
141
142
141
139
140
142
141
141
141
139
139
140
138
141
140
140
140
140
142
143
142
140
140
141
141
142
142
143
143
142
140
138
137
135
134
133
131
127
129
128
130
133
134
135
134
135
133
135
134
133
133
133
133
134
134
133
133
133
133
134
135
135
135
136
137
138
137
137
134
134
133
133
131
133
134
134
131
133
131
131
131
130
125
126
122
123
125
126
127
126
128
127
126
124
123
125
123
122
122
125
123
125
127
129
126
129
125
124
124
123
124
125
127
128
128
128
127
129
126
125
127
125
126
125
127
128
129
129
130
131
131
131
132
133
135
133
134
134
133
133
134
133
133
132
132
129
131
129
129
128
127
128
127
128
127
128
125
126
127
127
128
128
130
130
130
130
129
128
130
130
128
125
124
124
123
125
125
124
124
124
124
125
125
125
126
126
127
128
129
129
129
130
129
127
126
126
125
124
121
121
121
121
122
127
127
127
129
129
131
133
131
132
131
131
133
132
131
132
132
131
131
132
133
133
134
132
130
130
130
130
131
131
132
133
133
132
130
130
131
133
133
133
133
134
133
129
128
129
125
124
123
123
123
123
122
123
125
125
123
123
122
121
120
121
117
115
111
112
