67
67
67
67
66
66
67
67
67
67
68
67
67
68
68
67
67
68
68
68
69
69
69
70
69
69
70
70
69
69
70
70
70
70
70
69
67
68
67
70
69
69
70
71
70
69
68
66
66
67
67
69
72
73
73
73
74
74
74
75
75
75
75
75
75
75
76
77
76
78
78
78
76
77
78
77
78
78
77
77
77
77
78
79
78
79
78
78
79
79
79
77
77
76
77
77
78
78
78
78
78
79
80
80
80
81
82
83
84
83
83
84
84
84
85
85
85
85
85
86
86
87
87
87
87
87
87
87
86
86
84
83
83
84
84
84
84
85
84
83
83
84
84
84
85
85
85
86
86
87
87
88
87
89
89
90
88
88
88
88
88
86
87
88
87
86
85
86
85
85
87
87
88
87
87
88
89
88
89
86
87
88
88
88
87
87
87
87
88
88
87
87
87
87
88
88
89
89
90
90
91
92
92
92
92
91
91
90
89
90
91
90
91
89
90
90
91
91
93
93
94
93
94
94
95
95
95
95
95
95
95
95
96
95
95
95
95
95
96
96
100
100
98
100
100
99
99
101
101
99
100
102
103
103
103
103
103
106
106
106
108
107
109
108
108
109
108
111
112
111
111
111
110
108
110
108
106
109
110
108
108
108
107
108
106
106
108
109
110
111
111
108
108
106
108
105
105
105
107
108
109
109
108
112
110
110
109
108
110
110
111
111
112
112
112
113
115
115
115
113
113
114
113
115
115
116
116
118
118
118
117
118
119
121
121
121
120
120
119
119
119
119
120
120
120
118
117
117
117
117
115
116
116
116
116
115
114
116
117
117
118
117
117
117
119
120
121
121
121
120
119
118
117
117
117
116
115
115
118
118
118
119
120
120
121
122
123
124
124
124
125
124
123
123
124
125
125
125
126
126
127
127
126
127
128
129
130
129
128
126
127
125
127
128
126
123
123
124
123
120
123
122
122
119
118
116
119
121
121
127
129
130
132
134
136
136
140
140
140
141
142
142
140
141
141
141
143
142
142
144
143
145
145
145
145
145
145
144
145
145
145
145
144
145
142
141
138
135
137
139
140
141
142
142
142
141
141
139
138
138
136
136
136
138
140
140
136
138
137
139
138
139
141
141
138
139
136
133
134
137
139
139
139
139
139
138
137
138
137
138
138
139
142
141
142
140
139
139
139
137
136
136
134
135
133
133
134
133
134
134
136
136
136
136
136
133
134
136
136
135
134
133
136
134
135
136
136
135
134
132
133
132
134
133
133
133
134
133
137
138
138
140
141
139
138
140
142
139
140
140
141
140
140
141
140
140
139
139
140
141
140
140
141
140
138
139
138
139
142
142
141
142
144
145
146
146
146
145
146
145
144
142
142
144
142
144
143
144
146
147
147
147
148
149
149
149
146
146
145
142
143
149
150
151
149
149
150
150
149
151
151
149
150
150
151
152
153
152
148
136
144
142
145
145
144
140
140
143
142
143
146
142
140
142
141
142
142
140
140
138
138
136
139
137
135
137
138
136
140
144
141
140
142
143
142
142
141
141
141
141
142
144
148
148
148
151
150
150
149
148
147
147
147
145
144
144
143
141
141
144
143
145
146
146
144
146
146
146
147
147
145
142
144
142
142
140
139
138
140
138
140
137
137
139
140
140
140
141
140
138
136
136
135
134
131
131
132
133
129
126
127
125
124
126
126
124
124
129
129
132
133
134
134
135
132
130
133
131
130
131
132
135
135
136
136
135
136
138
137
137
138
136
136
134
131
132
133
135
135
134
133
134
134
135
135
135
132
130
131
132
132
130
132
131
130
131
132
133
132
134
134
134
135
137
137
137
138
137
138
139
142
140
141
141
142
142
142
143
144
146
145
145
144
145
144
143
144
144
143
143
143
143
144
141
141
140
141
141
141
141
141
141
139
140
140
140
140
141
140
140
136
135
135
135
136
140
141
138
140
140
141
142
142
143
143
142
141
144
145
143
143
144
146
146
146
147
149
148
148
148
149
148
150
151
151
151
153
153
153
152
152
153
152
152
153
151
153
153
153
153
154
154
153
152
149
151
151
150
152
152
152
152
154
152
153
154
156
155
156
155
155
153
154
152
154
152
150
149
153
151
151
152
151
150
151
151
150
152
150
152
151
150
150
150
151
152
158
162
166
170
170
168
166
166
167
170
170
171
172
173
175
176
176
180
178
178
178
173
172
175
174
173
174
175
175
176
175
174
176
175
174
174
174
176
176
176
177
177
176
177
177
177
175
177
178
179
176
176
176
176
185
181
181
181
180
183
184
183
184
183
185
187
187
188
189
189
190
190
188
190
190
190
192
191
189
191
191
191
192
191
191
190
192
191
193
192
189
190
190
185
185
188
188
188
187
188
188
186
189
188
187
188
186
187
188
188
188
189
191
191
195
195
195
194
194
194
194
195
196
196
195
194
194
195
195
194
192
193
197
198
200
201
201
202
202
203
203
203
201
199
199
200
199
198
201
200
202
203
204
204
204
201
202
200
200
201
198
199
199
201
200
201
201
201
201
200
201
200
202
203
202
205
206
199
196
194
199
197
197
198
200
200
199
199
201
199
199
201
200
199
198
198
199
201
200
200
200
198
201
202
202
201
200
197
197
199
200
198
198
198
199
202
203
205
206
206
205
206
206
205
206
209
210
211
213
213
214
213
212
214
214
213
211
210
213
214
213
208
208
204
205
206
204
202
204
204
202
204
202
199
199
199
199
199
198
198
199
200
200
200
202
205
204
207
204
202
200
200
200
201
198
197
198
198
199
198
200
201
203
203
202
203
204
204
200
202
206
205
205
205
205
207
211
208
208
209
209
208
203
220
225
226
225
226
222
221
220
206
212
