40
41
40
41
41
41
42
43
42
42
43
42
42
43
43
44
44
45
45
45
45
46
46
46
46
45
45
45
44
45
46
45
46
48
49
48
48
48
47
47
48
49
50
52
52
51
52
52
51
54
54
53
51
51
51
51
50
53
55
55
54
53
53
53
53
54
56
57
55
56
56
57
55
55
57
56
56
56
55
53
52
50
52
54
52
53
51
52
53
51
52
50
50
48
49
50
52
51
52
52
52
52
54
54
54
56
56
57
58
57
58
59
60
60
60
60
64
63
62
62
62
62
62
61
60
60
59
59
59
59
57
57
57
57
58
59
60
60
60
59
60
61
61
61
61
61
61
63
63
63
64
64
63
63
65
64
63
63
63
62
62
62
63
62
62
62
62
62
60
62
63
62
63
64
66
67
68
67
68
69
70
70
69
72
73
71
71
69
70
68
66
68
67
68
69
69
71
69
70
71
73
75
75
75
75
75
74
72
73
74
76
75
73
70
71
72
72
72
73
74
75
75
75
75
75
75
75
75
75
74
73
74
75
75
74
75
75
78
80
84
82
82
81
81
80
81
80
82
80
82
78
78
79
81
82
81
83
82
84
83
84
83
84
84
84
84
83
83
83
83
81
79
80
79
80
77
76
76
78
76
76
73
73
74
72
71
69
73
75
75
75
72
72
70
71
64
68
68
69
69
70
73
76
75
74
75
75
76
79
79
77
80
79
79
79
80
80
80
81
80
81
82
81
82
82
82
82
82
82
81
81
82
83
83
81
79
79
81
81
81
81
80
79
80
81
81
81
82
82
83
83
86
88
88
87
87
87
89
89
90
89
86
86
90
89
90
92
91
90
92
94
93
91
92
92
92
94
92
93
93
94
95
98
100
101
101
101
103
105
108
107
107
108
108
110
110
106
105
107
106
108
106
102
100
105
105
108
106
105
106
109
109
108
107
107
105
106
107
105
104
108
105
104
102
95
94
99
101
104
107
107
108
111
113
110
111
116
112
110
111
107
109
109
107
108
107
104
101
102
103
102
102
101
101
101
101
100
101
103
101
102
105
104
106
105
103
105
103
100
104
106
97
93
89
93
96
98
96
95
95
98
99
101
104
103
102
96
99
97
101
103
104
104
105
106
105
102
104
106
107
99
99
100
97
98
99
101
101
102
104
103
102
103
105
105
104
104
104
104
102
103
103
102
100
99
100
100
100
101
100
100
102
100
100
102
99
101
101
100
98
98
98
98
99
100
102
102
102
102
104
102
102
101
105
105
105
104
103
103
102
103
106
105
103
102
103
104
104
106
107
109
110
111
110
110
111
111
110
112
113
113
114
114
114
114
114
113
115
118
119
117
118
119
119
120
121
122
122
122
120
118
117
118
116
114
116
114
114
115
115
115
119
118
119
119
118
117
118
116
113
113
118
116
119
118
120
120
119
115
116
115
115
116
115
115
117
117
115
111
97
105
106
108
107
107
102
103
105
101
104
106
104
107
109
109
111
111
110
109
104
106
104
104
99
95
98
99
96
100
99
98
100
101
101
99
98
98
102
103
103
103
102
108
109
109
109
108
110
109
109
110
108
107
108
108
109
107
104
103
104
104
108
107
107
106
107
108
108
106
105
104
101
104
102
103
102
101
100
102
103
104
102
102
103
104
103
103
102
103
102
100
100
98
98
97
97
97
97
93
90
93
88
90
90
92
91
92
90
84
82
84
85
86
87
84
84
89
86
89
91
91
90
88
88
89
87
90
91
88
88
90
89
88
87
90
89
88
90
90
90
89
90
90
90
92
91
90
92
92
92
92
91
94
94
95
97
96
96
96
98
97
99
98
100
99
100
102
102
102
101
100
91
89
89
87
86
86
85
86
86
84
83
83
84
83
82
82
83
84
87
86
86
86
87
87
87
86
88
88
87
85
84
84
84
83
84
83
83
82
83
81
80
80
83
82
83
85
84
86
86
87
87
87
86
86
87
86
85
87
87
87
84
81
82
81
80
81
80
80
80
80
80
79
79
79
80
80
79
81
81
81
81
81
80
80
80
78
78
78
78
78
78
78
78
78
79
78
78
79
79
80
82
82
82
81
79
79
79
78
79
78
77
77
76
76
75
74
72
73
73
73
74
73
74
75
74
75
76
75
74
74
74
72
72
73
74
77
80
77
77
77
76
76
76
75
75
74
75
75
75
75
74
73
73
73
72
72
72
73
73
75
76
74
74
75
74
74
73
74
74
73
72
72
75
77
76
76
76
76
74
74
73
72
72
72
71
71
71
72
71
71
71
73
73
73
72
73
67
66
66
67
69
68
70
70
70
69
69
69
70
70
71
70
71
71
70
69
69
69
68
67
68
69
69
69
69
68
68
68
67
67
67
67
67
68
67
67
66
66
67
66
66
66
67
67
66
66
67
66
67
67
68
69
69
68
67
67
68
68
67
68
67
67
66
66
65
64
64
64
64
65
64
64
64
64
65
65
66
65
65
64
64
65
66
65
65
65
64
65
66
68
71
71
71
71
72
72
71
71
71
70
69
69
70
70
71
71
71
72
73
73
74
75
74
75
75
76
76
76
76
74
73
73
73
74
73
73
73
73
73
72
72
73
73
74
74
75
74
76
82
83
83
83
83
85
86
84
84
83
83
83
83
82
83
82
83
84
84
84
81
81
84
83
82
83
82
82
83
83
81
81
80
80
82
82
81
80
80
78
75
76
76
75
75
74
73
72
73
73
73
73
73
71
72
72
72
72
72
73
73
72
73
74
74
75
73
74
73
73
75
76
76
76
75
76
75
74
74
73
73
73
73
72
72
74
75
74
74
75
78
79
79
80
81
81
81
81
81
81
82
82
85
88
87
83
83
81
77
80
