42
43
43
43
43
45
45
45
45
45
46
46
46
46
46
46
46
47
46
47
46
46
46
46
46
46
46
47
48
48
48
48
49
49
48
49
49
48
49
48
49
49
49
49
49
49
50
50
50
50
51
51
49
49
50
50
50
50
51
51
50
51
50
50
50
50
51
51
50
50
49
49
49
49
49
49
48
48
47
48
48
47
48
48
48
49
48
49
50
50
50
49
49
48
49
48
48
48
49
49
49
49
49
50
50
50
51
51
51
51
51
51
52
52
52
51
51
52
52
52
53
53
52
53
53
53
53
52
52
52
51
50
49
50
49
49
49
50
49
49
49
49
50
49
49
49
49
49
49
49
49
50
50
50
50
49
49
49
49
48
48
48
48
48
48
48
48
48
48
48
48
48
48
48
49
49
49
49
49
50
50
50
51
51
51
51
50
50
51
51
50
51
50
50
51
52
51
51
50
49
49
50
50
50
51
50
50
50
50
51
52
51
51
50
50
50
50
49
50
49
49
49
49
50
50
50
50
49
49
50
49
49
49
49
48
49
48
48
49
49
48
48
48
49
49
48
48
48
47
47
47
48
48
48
49
48
49
50
49
49
50
50
50
50
49
50
50
50
51
51
51
51
51
51
51
49
50
51
51
51
51
51
51
51
51
51
52
52
52
52
52
51
51
51
51
51
51
51
52
52
52
52
52
52
52
53
53
53
53
53
53
53
53
53
54
55
54
54
54
53
53
54
54
54
54
54
54
54
55
55
55
55
55
55
55
55
55
55
54
54
54
54
55
55
55
54
52
52
52
52
52
53
53
53
53
53
53
53
53
53
53
53
53
53
53
53
53
53
53
53
53
51
51
51
51
51
51
51
52
52
53
52
53
53
53
53
54
53
53
53
53
53
53
53
54
54
53
54
53
53
53
53
53
53
52
51
51
51
51
50
50
50
50
50
50
50
50
51
50
50
50
50
50
49
49
48
49
49
50
51
51
51
51
51
51
51
52
52
53
53
53
51
51
51
51
51
51
51
51
51
52
52
52
52
52
52
53
53
53
53
53
53
53
53
52
52
52
51
52
52
54
54
55
54
54
54
54
54
53
52
52
52
53
54
53
53
52
53
53
54
54
54
55
54
54
55
54
53
53
53
53
53
53
53
53
53
53
53
52
52
53
53
53
53
53
54
53
54
53
53
53
53
52
52
52
52
52
52
52
52
53
53
53
54
54
54
54
55
56
56
56
58
57
56
56
56
56
56
57
56
56
57
56
56
56
56
56
56
56
56
56
56
56
56
55
56
56
56
56
57
57
57
57
57
57
57
57
56
56
56
56
56
56
55
55
54
55
55
55
55
55
55
55
55
56
56
57
57
57
57
57
56
55
57
57
57
57
57
57
57
58
57
57
57
57
57
57
58
57
57
57
58
57
58
58
59
59
60
59
59
59
59
59
59
59
59
59
58
58
54
56
56
56
57
57
56
57
57
57
57
57
56
56
56
56
57
57
57
57
57
57
57
57
57
56
56
56
56
57
57
56
56
56
57
57
57
56
57
57
57
57
57
59
58
58
58
58
58
58
58
58
57
57
56
56
57
57
56
56
57
56
57
57
57
58
58
58
59
58
58
58
57
58
58
59
59
58
58
59
59
58
57
57
58
59
59
59
59
59
58
57
58
57
56
55
55
56
56
55
54
55
55
55
55
55
55
55
55
55
57
56
56
55
55
55
55
56
55
56
57
58
58
59
59
58
59
59
60
59
59
59
59
60
60
59
60
61
61
61
61
61
62
62
62
61
61
61
61
62
63
63
63
65
65
64
63
63
63
63
63
63
62
62
63
62
62
60
60
61
61
61
61
62
62
61
62
62
62
63
64
64
65
64
64
63
62
63
63
62
63
63
63
63
63
63
63
64
64
64
64
65
65
65
65
65
66
66
66
67
67
66
66
66
66
68
71
72
72
72
72
72
71
71
72
72
72
72
73
72
71
71
72
71
71
71
72
72
71
70
70
70
71
71
71
71
71
71
71
71
71
72
72
71
71
71
71
71
71
71
71
71
70
68
67
65
66
66
65
65
65
65
64
65
65
64
64
64
64
64
64
64
63
62
62
62
62
62
62
62
62
62
62
62
61
61
61
61
61
61
62
62
62
61
61
61
62
62
62
61
61
61
61
61
61
61
62
62
62
62
62
62
61
61
61
61
61
63
63
63
64
64
62
63
64
61
61
62
62
62
62
62
62
62
62
62
62
61
61
60
61
61
61
62
62
62
62
62
63
63
63
63
63
62
62
62
63
62
62
62
63
63
63
63
63
59
61
61
61
61
61
60
61
61
61
60
60
60
60
61
60
61
60
61
61
61
60
59
59
60
59
59
59
59
59
59
59
58
58
58
58
57
57
58
57
58
58
58
58
58
58
58
58
58
58
57
56
56
57
57
57
56
56
56
56
56
56
56
56
56
57
57
57
57
57
56
57
58
57
57
58
58
57
57
57
58
59
59
57
57
57
56
56
56
56
57
56
55
55
55
54
54
54
53
54
53
53
54
54
54
54
54
54
55
55
55
55
55
56
55
56
56
56
56
56
56
56
57
57
57
57
57
57
57
57
57
56
55
54
54
53
53
54
54
54
55
56
56
56
55
55
56
56
52
52
52
51
52
52
52
52
52
52
51
52
52
51
50
51
51
51
52
52
52
52
52
52
52
52
52
52
52
51
52
52
52
51
50
51
52
52
53
53
54
53
53
54
54
53
54
54
54
55
56
57
57
58
57
57
57
56
56
56
56
56
58
58
58
59
60
60
60
60
59
59
60
59
60
60
60
59
59
58
58
59
59
59
59
60
60
60
60
60
59
59
59
58
56
53
55
