390
390
391
390
390
394
398
403
399
400
402
398
398
401
399
403
415
421
417
418
416
416
414
414
410
403
406
409
406
408
407
407
404
402
398
403
407
403
393
390
388
392
397
396
393
394
394
393
385
401
401
404
409
404
402
410
412
410
419
425
432
429
436
438
440
439
448
460
455
453
454
452
439
438
442
438
435
434
437
434
432
433
436
441
442
443
435
440
440
445
451
447
445
436
439
437
440
438
444
446
440
445
450
456
452
457
460
463
464
461
460
444
451
456
454
447
444
443
443
447
448
452
453
453
448
448
446
444
444
440
433
431
429
435
436
437
439
435
430
426
425
428
428
431
437
442
442
445
445
449
448
449
444
444
453
450
449
444
444
440
438
435
441
442
444
438
434
433
429
432
433
434
438
443
447
489
506
503
501
516
515
508
510
519
515
516
516
511
513
512
505
505
504
504
517
518
518
516
515
514
517
519
525
532
532
532
526
526
529
535
536
539
544
540
538
533
537
536
541
545
554
558
558
561
561
557
558
558
557
563
574
572
570
564
570
577
575
579
581
584
581
576
564
556
560
573
586
590
570
572
576
584
586
591
595
591
598
601
603
602
605
603
609
613
610
611
604
608
608
612
614
608
607
599
605
592
590
598
607
601
604
593
584
582
566
560
566
561
572
573
579
545
545
566
568
538
544
551
558
556
544
536
544
542
532
526
524
535
534
541
530
533
523
516
519
532
540
542
533
530
529
540
543
552
558
568
575
573
572
570
561
552
557
568
567
569
566
567
560
557
552
553
561
566
564
574
574
589
585
587
588
592
592
594
586
579
573
581
591
595
597
589
603
601
600
602
606
599
598
598
596
589
579
577
579
570
576
572
579
575
576
587
588
587
596
597
595
593
595
592
588
580
582
583
592
592
595
599
600
592
590
590
582
581
590
595
599
602
595
592
597
586
582
587
587
578
584
590
585
575
582
567
555
550
542
527
540
520
537
541
548
555
548
552
561
558
568
564
561
567
556
556
552
559
561
561
558
555
548
545
542
551
547
547
549
547
545
539
538
538
537
529
526
536
530
527
524
514
500
516
517
521
535
539
537
540
535
538
533
527
520
511
502
508
499
503
500
509
503
513
511
523
538
542
531
525
513
519
534
530
533
528
531
531
532
540
540
548
551
544
542
548
539
532
538
546
558
567
576
577
580
582
571
568
560
558
559
557
558
558
565
567
566
569
578
565
562
560
558
555
547
539
545
546
549
550
547
547
538
538
537
534
546
543
550
580
573
564
561
559
551
551
550
543
536
549
548
543
540
544
550
544
548
551
550
554
553
549
554
553
549
547
555
552
552
550
543
546
554
547
543
544
545
548
557
559
560
562
560
560
547
545
544
545
542
547
546
549
554
560
574
584
590
680
689
685
694
692
677
652
662
662
657
665
658
664
666
674
668
667
700
694
689
684
688
691
690
689
671
601
646
643
672
665
656
634
639
648
630
641
652
644
650
656
657
666
667
665
666
657
653
649
659
639
626
632
638
638
662
669
677
669
667
669
674
684
685
695
694
698
683
675
750
720
727
733
737
746
738
745
750
759
759
759
753
762
760
754
740
752
750
760
769
777
773
772
769
772
767
785
781
770
780
764
771
764
749
751
768
767
781
767
763
764
771
769
770
787
794
788
762
764
750
746
748
732
741
749
724
710
720
706
720
742
744
735
736
738
749
771
800
786
745
726
688
693
712
696
712
719
727
734
716
730
726
711
723
734
721
721
743
739
735
725
708
715
728
740
745
746
749
758
762
754
758
763
751
756
754
768
768
757
770
758
758
765
766
765
758
770
775
776
780
790
779
777
744
735
744
725
723
704
712
712
707
715
712
727
735
741
732
727
724
731
718
718
716
720
720
735
736
738
749
748
746
741
738
733
740
737
736
730
729
735
728
721
710
710
714
711
690
682
691
694
698
705
705
700
710
711
719
732
736
734
741
738
750
754
757
757
758
758
759
769
798
787
797
796
798
800
806
804
807
810
805
807
804
800
805
800
799
800
797
792
792
793
793
790
792
795
798
808
805
799
785
794
788
790
799
801
800
801
810
815
810
802
804
807
804
803
805
806
804
806
804
814
812
806
807
806
814
825
828
820
830
838
827
823
830
822
811
807
784
771
795
802
802
810
777
772
765
770
782
787
778
789
790
783
778
788
789
779
762
770
780
780
793
799
805
812
816
817
818
809
813
816
809
808
809
813
802
803
801
810
808
815
826
827
827
828
831
830
830
829
829
832
847
854
859
859
837
820
824
815
823
821
826
831
832
833
838
840
839
838
841
848
848
851
848
845
847
851
856
849
847
847
853
854
863
861
864
868
871
874
869
870
849
841
842
828
840
843
852
847
849
848
855
850
845
842
842
838
841
841
853
857
860
861
868
882
891
890
929
924
933
936
950
957
947
961
956
951
958
955
964
960
943
953
957
970
975
979
992
992
996
991
989
998
1003
999
1004
1005
959
972
976
948
958
970
975
971
977
976
990
962
951
951
944
933
924
925
931
942
951
961
971
974
976
973
990
997
989
994
971
973
969
948
960
948
948
949
944
948
944
938
935
924
939
941
941
943
927
926
927
937
944
939
932
920
936
946
957
947
944
944
950
947
947
946
946
940
935
933
938
948
943
939
937
943
956
966
976
968
972
973
980
995
995
989
1004
1009
1010
1007
1011
1005
1007
1005
986
986
998
1031
1029
1033
1036
1040
1043
1049
1050
1050
1048
1044
1041
1038
1035
1039
1050
1036
1040
1051
1054
1059
1074
1056
1040
1030
1028
1011
1017
1036
1052
1051
1050
1052
1055
1064
1076
1083
1081
1075
1070
1069
1067
1062
1055
1053
1074
1097
1103
1111
1118
1107
1112
1110
1140
1136
1139
1138
1144
1171
1185
1181
1188
1188
1178
1184
1176
1127
1101
1034
1085
