70
70
70
70
71
71
71
69
69
69
70
69
69
71
71
71
72
72
73
74
74
75
76
76
76
75
76
76
76
78
78
77
77
77
77
78
78
77
77
77
78
78
78
78
77
76
76
76
73
74
73
74
75
76
75
75
76
75
76
77
78
78
78
78
78
78
79
80
80
81
81
83
81
81
82
81
80
78
78
78
76
76
77
78
77
79
78
78
79
79
80
78
77
76
77
78
77
77
78
83
84
84
85
84
84
84
85
85
85
85
83
82
82
82
82
81
81
82
82
82
83
84
84
84
83
83
82
82
82
82
80
78
78
78
80
79
80
80
78
78
77
78
78
76
77
79
79
81
81
81
80
81
80
80
82
82
81
81
81
81
80
80
81
81
81
79
80
80
78
79
80
80
80
79
79
78
79
78
78
79
79
79
79
80
79
79
80
80
81
81
79
81
81
81
82
83
83
82
82
81
82
82
82
82
82
83
83
82
81
81
82
82
83
81
81
81
81
81
82
82
82
82
83
83
83
83
83
82
83
83
83
83
83
83
82
83
84
85
84
85
84
83
83
83
83
82
81
82
77
78
79
81
82
82
83
83
85
87
87
86
87
87
87
87
87
87
87
88
88
88
87
87
87
86
87
86
86
86
86
85
86
85
85
85
84
84
86
87
87
88
88
86
85
87
87
85
85
85
87
87
87
88
86
87
86
86
87
86
87
86
85
85
85
85
85
85
86
86
85
85
85
85
84
85
85
86
86
86
86
86
86
85
86
86
87
87
86
85
85
85
85
86
87
87
87
87
86
87
86
87
87
88
88
89
88
88
88
87
88
87
87
86
86
88
88
86
86
85
85
85
84
84
83
83
83
83
83
83
84
84
84
85
86
86
86
86
88
88
88
88
88
86
88
88
88
88
88
88
87
87
87
88
89
88
89
89
90
89
89
88
88
88
87
88
86
86
88
89
87
87
88
88
87
86
86
86
89
88
90
93
94
93
93
94
94
94
97
97
97
98
98
99
99
100
99
101
100
99
100
100
100
102
102
103
102
102
103
102
102
103
104
103
102
103
103
103
102
102
103
105
106
106
107
108
108
108
108
108
107
106
101
102
104
103
101
99
97
96
95
97
97
98
99
99
98
98
96
94
93
93
98
96
96
96
97
96
96
97
98
96
96
96
96
96
96
96
97
96
97
95
94
94
93
93
92
93
95
95
95
95
95
96
96
95
95
92
92
93
93
93
92
93
93
94
93
93
93
93
93
92
91
92
93
93
93
93
92
91
91
91
91
93
93
92
92
93
94
94
94
93
94
94
94
94
93
94
93
93
93
92
91
90
90
92
91
91
91
91
92
91
90
90
91
92
92
93
93
92
92
92
91
90
89
91
90
89
89
89
89
90
90
90
91
90
89
89
88
88
88
86
86
87
88
89
89
88
89
89
89
89
88
87
88
88
88
88
87
87
85
80
84
81
82
83
84
82
81
82
81
82
84
83
83
83
83
85
86
84
84
83
83
82
84
84
83
83
83
80
83
84
83
84
86
85
85
84
84
84
81
85
86
87
89
89
89
89
90
90
91
92
92
91
92
90
89
90
89
87
86
88
88
89
89
90
90
90
91
91
91
90
89
88
89
88
88
87
87
86
87
87
87
86
84
84
85
86
86
87
87
86
85
85
83
81
81
80
80
80
78
77
79
77
79
80
79
80
82
83
84
83
83
83
83
86
84
85
87
85
87
88
89
90
90
93
92
91
92
92
91
91
92
94
94
93
94
94
94
95
95
94
95
96
99
98
98
97
97
98
98
99
99
99
99
99
98
98
98
98
97
98
99
99
99
100
97
97
96
97
97
98
98
97
96
96
96
96
96
97
97
98
96
97
96
97
94
93
94
94
94
95
96
97
97
96
96
96
96
97
98
97
97
96
95
96
96
97
98
98
98
99
96
96
96
98
100
101
102
102
103
104
105
105
106
105
104
103
100
100
100
99
100
100
101
101
102
102
102
100
99
101
102
101
101
102
102
101
103
102
102
103
104
103
104
104
104
103
105
103
103
104
103
101
100
99
96
98
97
96
97
97
99
99
100
101
98
99
100
101
100
100
100
99
99
100
99
98
98
97
98
98
99
93
92
89
91
91
90
91
89
90
91
89
89
88
89
88
87
91
93
95
96
96
95
94
95
96
97
97
98
97
96
96
96
96
97
97
100
99
98
99
99
98
98
98
99
99
98
97
97
98
96
97
96
96
96
97
96
96
97
97
98
98
97
99
99
98
97
97
97
98
97
97
97
96
97
97
97
97
99
100
100
99
100
100
99
101
97
96
95
96
96
97
96
96
94
94
93
93
93
93
94
94
94
95
95
95
93
93
94
92
92
93
93
92
92
90
90
90
90
90
90
90
89
89
90
93
92
93
94
94
94
93
93
92
91
92
92
92
93
93
93
92
92
92
92
91
91
92
92
91
90
90
92
93
93
93
94
94
93
91
92
91
92
93
93
94
95
96
93
91
90
90
91
91
91
92
91
93
92
87
87
87
85
84
84
84
83
84
83
82
82
83
82
83
83
85
84
84
85
84
84
84
84
83
83
82
83
82
81
82
81
82
83
82
83
83
83
82
82
83
83
84
85
85
85
86
86
86
87
86
87
87
86
87
86
97
94
94
94
95
95
96
96
95
95
96
95
96
95
96
96
96
97
92
90
89
89
89
88
89
88
88
89
87
89
88
87
87
86
85
85
86
85
85
86
86
87
86
87
87
88
89
92
93
93
95
94
93
94
95
94
93
93
93
93
94
93
93
95
95
95
96
95
96
97
98
98
98
98
98
99
102
104
103
104
103
104
104
105
106
107
108
107
105
103
103
101
98
100
