151
151
152
154
154
156
156
158
154
152
155
148
148
151
148
150
153
154
155
156
152
153
152
152
151
153
153
150
149
147
148
148
146
148
147
145
146
144
141
144
144
147
149
148
149
148
143
140
139
139
140
143
144
144
145
145
146
143
145
146
149
149
150
149
148
150
154
155
155
158
159
161
156
156
161
160
163
164
162
163
161
158
161
167
165
165
161
166
164
164
164
159
157
152
152
154
153
153
153
151
150
152
155
155
157
158
159
163
164
160
162
164
164
166
167
164
165
165
163
163
166
167
167
168
164
165
162
162
162
164
162
160
160
159
159
158
160
158
156
153
152
154
154
155
156
157
157
163
165
165
164
166
167
166
170
168
168
166
163
163
161
158
159
158
159
157
155
155
154
157
158
158
160
159
156
159
159
161
158
159
160
162
162
163
162
161
162
162
163
164
160
162
163
162
164
163
165
166
167
165
167
168
169
168
168
170
169
167
167
168
168
168
170
167
169
169
171
171
175
175
176
177
177
176
176
176
177
176
179
181
178
179
177
178
176
177
179
175
175
173
172
169
167
165
164
165
164
165
161
161
161
163
161
161
164
163
163
164
164
163
164
164
166
163
163
165
164
167
169
173
174
174
174
169
170
167
166
167
168
168
170
167
167
165
162
162
163
165
166
167
167
163
159
157
158
154
155
155
156
161
158
158
160
161
160
159
157
158
160
160
156
156
155
156
158
158
160
160
159
156
156
157
157
159
160
161
161
161
160
160
160
161
163
163
166
166
165
166
166
166
166
168
170
170
170
170
168
167
167
167
166
167
168
169
167
165
162
163
167
170
169
170
170
170
172
175
177
180
175
176
176
174
172
171
171
168
170
169
173
172
172
173
173
173
175
173
174
175
177
178
178
177
178
179
180
180
180
180
178
178
179
181
183
184
184
186
188
186
185
185
187
185
183
184
183
181
185
189
187
184
186
182
181
179
176
172
176
176
179
181
179
180
183
184
186
191
189
190
190
192
190
191
191
192
191
191
190
190
190
190
188
192
190
190
190
188
188
189
190
191
193
195
194
195
193
192
190
184
184
188
192
194
195
197
196
196
196
197
195
193
188
187
189
190
187
187
181
180
177
178
175
179
181
179
177
178
173
174
173
176
179
179
182
182
183
184
188
190
189
190
188
188
191
190
192
191
191
190
191
190
190
188
187
186
183
186
189
190
191
190
192
190
193
192
191
187
187
189
190
188
192
190
193
193
193
195
195
197
198
203
198
199
199
198
198
199
199
196
196
198
198
198
198
198
196
199
200
200
200
202
203
203
205
205
205
205
208
207
208
208
207
207
208
208
211
211
210
210
213
213
211
212
214
213
214
215
217
216
215
214
210
210
212
210
207
208
206
207
208
209
210
214
211
211
213
212
212
214
211
205
207
207
206
207
206
205
207
206
205
205
204
200
201
201
201
202
200
198
194
178
186
183
187
188
188
184
185
185
182
184
190
185
185
186
185
188
188
183
183
181
180
178
179
178
173
175
174
172
178
180
182
181
181
181
180
181
177
185
183
185
186
180
185
187
186
187
191
190
188
189
191
193
196
199
197
198
196
193
190
193
191
194
193
191
188
189
189
190
191
193
191
186
190
184
182
181
180
177
179
184
187
181
178
179
181
182
182
183
183
181
176
177
171
167
167
165
167
166
160
157
158
154
154
155
156
151
154
155
159
160
157
152
152
158
154
146
150
143
144
150
151
151
147
149
148
143
146
150
150
151
155
154
156
156
154
152
150
153
154
153
151
150
154
157
156
154
152
153
153
156
156
156
160
156
155
154
152
151
153
157
160
161
158
158
162
167
166
166
165
166
165
164
165
164
161
161
158
158
159
161
160
158
155
155
155
159
156
154
157
158
161
159
160
158
160
156
156
157
155
154
151
149
148
147
145
147
148
148
148
151
143
140
142
144
147
148
147
143
146
149
151
154
157
160
163
162
162
163
162
160
160
161
161
160
160
159
158
156
158
160
162
162
163
162
163
164
165
166
165
165
166
167
166
165
167
167
167
169
170
169
169
169
169
171
167
169
167
166
168
167
168
167
168
168
164
161
163
163
160
160
161
163
167
168
171
170
169
168
172
170
172
173
174
173
176
175
175
178
179
178
179
177
177
176
179
180
185
195
198
204
207
207
206
210
211
211
212
211
210
210
215
221
226
226
230
230
237
241
240
239
236
242
243
238
241
242
241
240
242
244
241
239
243
241
243
242
243
241
243
245
245
243
236
234
232
232
232
236
237
237
236
233
231
229
235
240
241
238
239
243
244
246
251
250
248
251
250
251
248
247
248
254
254
252
252
252
254
251
252
249
247
248
248
250
243
243
231
231
233
223
226
229
229
231
230
228
232
227
227
228
228
228
225
224
219
216
216
219
221
226
227
227
225
225
225
224
228
227
227
225
223
224
223
223
225
222
214
215
217
216
220
224
222
222
218
213
213
213
213
215
216
221
224
223
223
225
223
223
226
225
221
220
218
222
222
228
225
224
228
228
228
224
226
226
227
227
229
228
223
223
222
219
220
222
222
222
224
227
226
226
226
230
232
230
229
225
226
230
228
224
221
222
222
222
224
224
223
217
220
223
225
224
219
219
216
220
223
225
226
227
226
228
230
230
231
231
231
234
235
235
237
241
242
241
246
245
243
242
242
239
239
244
237
240
243
244
244
246
243
241
240
241
244
245
245
244
244
239
240
242
238
240
235
238
239
239
239
238
237
236
236
241
244
250
255
251
247
245
250
250
251
258
257
257
260
261
258
256
260
258
258
257
256
258
255
255
257
255
253
255
256
256
259
261
254
251
255
258
261
266
267
269
270
269
266
270
258
244
256
