216
216
220
222
225
227
229
229
226
224
226
222
223
228
225
227
230
232
231
232
231
226
223
225
225
224
224
225
225
223
225
220
220
222
224
221
219
217
222
233
224
226
227
228
226
239
237
237
242
243
245
247
245
250
243
242
246
242
244
247
249
253
251
252
257
257
261
261
258
263
263
267
259
256
260
258
256
253
257
259
256
252
256
261
253
256
252
252
256
254
256
249
251
249
248
257
256
254
253
255
252
258
256
257
261
265
264
267
265
260
263
264
261
262
258
254
255
255
259
261
265
269
266
265
262
262
260
257
258
257
252
251
253
252
251
250
251
254
251
247
248
248
249
252
256
260
259
265
269
268
269
272
271
270
274
273
271
268
269
268
269
262
262
263
264
265
262
261
256
255
257
256
258
260
256
263
263
265
265
264
264
267
269
274
270
269
271
269
270
273
264
268
269
267
265
264
260
258
257
253
256
257
257
258
259
258
258
255
255
259
259
257
256
254
252
252
255
251
255
251
253
253
256
256
256
256
255
253
254
252
253
254
255
263
262
263
264
267
264
265
260
249
242
239
237
238
234
234
231
230
231
235
233
232
239
237
243
246
247
247
249
250
252
251
246
253
253
256
255
257
258
254
258
251
254
245
247
252
253
249
253
253
252
256
252
251
252
254
253
256
257
254
246
255
259
252
252
250
256
250
252
253
254
256
252
250
251
248
255
252
251
251
250
249
252
252
255
255
253
252
254
255
250
252
252
254
254
256
256
259
260
263
262
265
268
268
268
265
261
259
259
258
259
262
262
259
256
256
254
255
255
252
253
253
251
250
248
241
247
245
247
242
242
243
242
242
241
242
241
240
240
238
235
235
233
234
236
234
238
237
239
240
239
239
243
246
245
247
248
250
248
245
246
247
248
251
251
249
249
247
246
246
249
248
250
251
254
253
251
251
252
251
250
252
251
251
254
256
254
250
252
245
240
235
237
229
233
231
231
235
235
236
238
240
243
247
247
247
247
251
253
255
251
249
245
247
244
246
245
244
243
247
249
250
249
248
245
241
245
248
252
252
248
249
242
246
246
244
244
246
253
258
259
258
258
257
258
258
256
254
250
246
247
251
249
247
242
243
238
242
241
245
244
236
231
233
231
234
234
242
242
240
240
239
240
238
237
234
235
234
236
235
237
236
237
240
240
237
238
238
237
236
236
234
230
233
231
232
232
234
237
238
234
234
236
234
234
236
237
235
232
229
234
232
233
235
235
237
238
250
240
241
240
244
243
245
249
249
248
249
249
249
248
247
244
248
249
248
250
247
247
246
247
246
246
247
246
245
245
245
241
241
243
242
240
240
240
242
243
243
236
236
238
241
243
244
245
245
244
239
239
239
238
238
234
234
235
237
238
238
237
233
233
229
233
235
230
225
226
224
226
226
225
227
227
225
228
227
226
227
228
227
228
226
224
226
226
224
223
213
218
217
220
223
222
220
222
221
219
222
227
223
222
222
219
222
222
216
214
212
213
209
214
212
212
214
214
208
216
220
225
227
231
229
223
222
222
211
207
201
202
203
210
208
204
203
207
209
210
212
212
210
209
211
209
211
209
199
197
198
194
198
199
199
197
199
199
200
200
201
200
199
200
197
194
193
192
191
194
196
197
194
196
196
204
206
204
205
206
204
200
203
197
197
198
194
190
189
186
185
190
185
183
188
187
197
187
186
193
195
195
195
201
208
207
208
211
201
206
212
216
218
215
219
221
214
218
219
218
219
223
221
221
222
224
226
219
219
218
215
218
220
228
226
227
228
228
230
227
232
233
230
234
232
232
232
231
232
229
231
235
235
235
233
231
228
227
229
230
235
238
235
235
233
232
230
231
232
231
232
231
228
227
229
225
222
223
222
224
226
226
228
226
228
228
229
227
229
230
229
225
220
218
220
219
221
223
223
223
226
220
215
218
217
221
227
230
224
224
228
227
228
231
233
233
232
225
217
217
215
218
218
220
219
219
218
218
216
218
220
222
221
220
223
229
229
231
231
231
230
231
231
231
230
232
233
235
234
231
230
230
228
227
227
221
229
223
224
226
219
221
217
220
220
215
217
218
219
222
224
226
224
225
227
225
221
217
217
214
214
215
205
205
203
205
204
203
210
207
209
209
204
204
205
209
210
210
223
228
227
223
223
225
219
220
223
226
225
225
224
228
232
238
238
231
236
237
238
240
236
237
235
235
234
238
239
238
238
237
239
235
235
233
235
236
233
231
230
234
236
236
237
242
244
245
246
246
252
253
257
255
254
253
253
253
251
254
253
254
253
255
252
253
253
254
254
257
259
248
251
250
249
252
248
249
252
251
250
245
245
245
245
248
245
244
243
240
240
242
237
238
239
236
233
233
231
232
232
230
229
228
225
224
223
203
196
196
196
198
193
194
195
193
193
190
190
191
187
189
189
188
188
187
185
181
178
171
174
175
178
177
177
175
174
172
172
174
172
173
171
170
171
177
179
178
176
177
180
179
175
174
173
177
178
176
178
179
182
185
184
181
180
178
178
169
171
172
172
180
163
165
165
168
169
165
167
166
169
169
170
169
170
168
165
164
164
165
167
165
165
164
161
159
163
162
159
160
157
157
161
163
164
163
164
162
166
165
166
168
169
169
171
170
175
176
177
179
181
180
180
180
182
182
181
182
180
178
170
172
178
181
188
209
207
206
207
210
197
198
200
200
201
200
196
199
199
204
205
206
204
203
194
195
196
198
198
200
200
202
201
203
212
217
221
221
229
226
222
223
223
223
223
225
226
231
229
230
232
233
234
236
237
238
237
235
235
236
237
239
230
232
239
237
228
226
228
229
228
258
275
288
286
273
276
267
265
258
247
259
