39
40
40
40
40
41
41
41
42
41
41
40
40
40
40
40
40
41
41
41
42
42
42
42
42
42
42
42
42
43
44
44
44
44
44
44
43
43
43
43
43
44
45
45
45
44
44
44
44
46
47
48
47
48
47
48
48
47
47
47
47
47
48
47
47
47
48
48
47
48
48
48
47
47
48
46
44
44
45
45
44
44
44
45
44
45
44
44
44
44
45
44
44
44
44
44
44
45
45
46
46
46
47
47
47
48
47
48
47
46
46
46
45
48
48
47
47
47
47
47
46
47
47
47
46
46
46
46
46
46
45
45
45
45
45
45
45
48
46
46
45
46
46
46
47
48
48
48
47
47
47
47
47
48
49
49
49
49
48
48
47
47
47
47
47
47
47
47
46
46
46
46
46
47
46
47
49
50
50
50
51
52
52
53
52
52
52
52
52
52
51
51
51
51
53
53
53
52
52
52
52
53
54
54
54
54
53
53
52
53
52
52
52
51
51
52
51
52
52
50
53
53
53
54
54
55
55
52
54
54
54
54
53
53
52
52
52
52
52
52
52
51
51
51
51
51
49
47
48
48
49
50
51
52
52
52
53
53
53
54
54
55
55
54
55
55
55
55
55
55
55
55
55
54
55
55
55
55
55
55
55
55
55
55
55
55
55
56
56
56
55
55
55
55
55
54
54
53
54
54
56
56
55
55
55
55
55
55
55
56
56
55
55
55
55
56
56
55
55
54
54
54
53
54
54
54
54
53
53
54
52
51
52
52
53
53
53
53
53
52
52
52
52
53
53
54
53
53
53
53
53
54
54
54
53
54
53
54
55
54
54
52
53
52
53
51
51
52
51
51
50
50
50
50
50
50
51
50
50
51
48
50
51
51
52
52
52
52
53
53
52
52
52
53
53
53
54
54
54
54
54
54
54
54
53
54
54
54
53
53
55
55
55
55
55
55
56
56
55
55
56
55
55
55
54
54
55
54
57
58
57
58
58
57
58
57
58
58
58
58
58
58
58
57
57
56
56
56
56
56
56
57
57
57
58
59
59
57
57
57
57
57
56
56
56
56
56
56
57
58
58
55
55
56
55
55
56
55
55
55
55
55
55
55
53
52
52
52
52
52
52
53
54
54
54
55
55
55
55
55
56
57
56
58
61
62
61
62
63
63
62
61
62
62
62
62
63
62
63
63
63
62
62
62
60
61
62
61
61
62
61
61
61
62
62
60
60
62
63
63
64
63
64
64
64
64
64
64
65
65
66
70
74
73
72
72
72
71
71
70
71
72
71
70
71
72
72
72
71
71
72
72
72
72
72
73
73
72
72
72
72
72
73
73
72
72
72
72
73
73
73
73
73
75
76
77
77
78
79
78
77
76
74
76
75
76
76
77
77
77
78
79
78
78
82
82
81
80
79
80
80
80
80
80
79
78
79
79
77
78
79
79
80
81
80
80
80
79
77
70
73
73
73
75
75
74
74
76
76
77
77
75
76
77
77
79
79
77
77
76
76
75
75
75
72
72
72
70
72
74
72
73
74
74
74
74
74
76
77
72
73
74
77
78
78
78
77
78
77
77
77
77
77
78
79
80
79
78
76
75
75
76
76
76
75
76
76
76
74
73
73
70
69
69
69
69
68
69
70
70
69
66
66
66
67
67
67
68
68
67
66
67
67
68
69
69
70
71
69
69
73
69
70
73
73
72
73
72
72
74
74
75
75
76
74
74
72
70
70
71
72
72
72
73
74
74
76
76
76
76
77
79
79
78
78
79
78
78
78
78
78
78
79
78
78
78
78
78
78
79
79
80
79
80
78
79
79
79
80
81
82
81
87
88
85
86
87
87
87
87
86
85
85
85
85
84
83
85
85
86
84
85
85
85
85
85
85
85
85
86
87
86
87
87
87
86
86
86
87
87
87
86
85
86
85
86
87
86
86
87
83
82
81
83
83
84
83
82
83
84
85
86
86
86
85
84
81
82
82
81
80
81
81
80
81
81
81
80
81
81
82
82
82
82
83
82
82
81
81
80
80
81
82
81
81
81
82
82
81
82
83
83
83
81
79
80
78
78
77
77
78
78
80
79
80
79
80
80
79
79
79
81
81
81
80
80
79
77
77
80
82
82
81
82
83
83
83
83
83
83
84
82
81
82
82
82
82
84
84
85
87
85
86
86
85
86
86
87
87
85
87
85
84
85
85
84
86
87
87
86
86
85
83
80
80
81
80
79
79
78
78
78
78
80
81
84
83
83
83
82
84
84
85
85
84
84
84
86
81
81
82
83
82
82
83
94
94
95
97
98
98
98
97
98
98
99
99
99
97
97
98
97
98
97
98
97
97
98
98
97
98
98
100
99
100
101
99
99
100
99
99
99
99
100
100
99
98
96
97
96
95
96
96
96
96
96
96
95
102
101
101
101
100
99
99
100
99
100
100
100
101
101
101
101
101
101
99
100
101
102
102
104
104
104
104
105
106
107
108
108
108
109
107
109
110
109
108
111
111
112
112
113
112
112
111
111
111
112
110
111
112
112
112
113
113
112
113
113
114
114
115
111
107
106
106
106
106
106
106
105
104
104
103
101
100
98
98
98
98
99
97
96
95
95
94
95
95
94
95
96
98
97
96
94
92
95
96
95
95
95
95
93
96
96
95
96
97
98
97
97
97
98
98
98
96
96
97
96
96
97
97
97
97
97
97
93
92
93
95
95
97
95
93
91
89
91
91
90
88
89
95
96
96
94
96
96
96
95
95
95
94
94
93
93
92
92
91
91
92
91
92
92
96
96
94
92
92
92
93
94
93
92
91
92
92
92
91
92
93
94
92
93
93
91
91
91
92
92
94
96
96
93
94
94
94
95
94
91
92
