67
67
67
68
67
68
68
67
66
65
66
66
68
68
68
69
71
70
70
71
71
71
71
71
70
68
70
69
69
69
70
70
69
69
70
70
71
70
70
70
71
71
72
72
73
73
72
73
73
74
74
74
73
73
73
74
73
73
74
74
75
75
75
76
76
77
78
78
76
77
79
79
79
78
80
79
80
80
79
78
76
75
78
79
77
78
76
76
77
76
77
75
74
73
74
75
76
76
78
77
77
78
79
80
80
80
80
81
80
81
80
80
80
80
80
80
78
79
79
79
80
79
80
80
80
79
80
79
79
79
76
75
75
77
75
74
74
74
75
74
75
75
75
74
74
74
73
74
75
75
75
76
76
76
78
79
76
76
76
76
76
75
76
76
76
76
75
75
74
75
75
76
76
75
75
75
75
75
75
75
77
76
76
78
78
78
77
77
77
77
75
75
76
76
78
79
80
82
81
80
80
79
80
80
81
80
79
78
78
79
80
79
78
79
79
79
79
79
80
80
80
81
81
82
82
82
82
82
82
81
82
82
82
82
81
81
81
81
81
81
80
80
79
78
78
77
76
77
76
75
75
76
77
76
77
77
78
78
77
77
77
78
80
81
82
82
81
83
83
83
83
82
82
81
81
79
80
80
80
80
81
80
80
79
79
79
79
79
80
80
80
79
77
77
78
77
76
76
76
76
78
79
80
79
79
80
80
80
80
79
79
79
78
77
77
78
78
77
76
77
77
78
78
78
79
79
80
80
80
80
80
80
81
81
81
80
80
80
78
78
79
80
81
81
80
80
80
80
81
81
81
82
82
82
81
81
79
80
80
80
80
80
80
80
80
80
81
81
81
81
82
81
81
80
80
80
81
81
83
83
83
83
84
84
87
88
91
91
91
91
92
91
93
93
91
89
90
91
90
89
89
89
89
89
91
92
93
92
92
92
93
92
92
93
92
91
93
94
93
93
94
93
93
90
88
86
89
90
93
94
94
95
95
96
97
96
99
97
96
97
96
97
98
98
98
99
99
98
97
97
96
99
99
99
97
98
99
99
98
98
99
100
100
99
99
100
100
99
98
100
101
102
104
104
104
104
104
105
105
103
102
102
105
107
105
105
102
103
101
105
103
104
106
105
105
105
105
106
105
105
107
109
109
109
109
111
111
112
112
112
112
111
113
118
117
116
115
115
116
115
115
116
114
114
113
114
116
115
115
115
116
116
117
116
116
113
112
115
114
114
113
113
115
114
115
114
115
114
115
113
113
113
114
113
113
114
114
111
110
109
107
110
109
108
108
112
112
111
113
112
112
114
116
112
112
112
112
111
112
112
112
111
112
113
111
110
110
110
111
111
110
110
111
111
112
113
113
113
113
113
112
111
112
113
110
112
112
112
113
114
114
115
116
114
112
113
114
115
115
113
114
115
116
117
118
117
118
118
117
118
117
117
118
119
119
122
123
122
120
110
117
114
118
117
117
114
115
117
115
116
117
114
114
116
115
116
118
117
116
115
116
115
117
117
114
114
116
116
119
119
119
119
121
121
122
121
121
122
123
123
123
124
125
125
125
124
123
123
124
124
125
125
125
126
124
125
124
123
120
125
126
127
127
130
132
134
135
135
134
135
134
132
134
133
133
132
131
131
133
132
133
131
131
131
132
133
132
133
134
133
130
131
129
127
126
125
127
127
121
117
121
118
117
122
123
122
122
122
123
125
125
126
124
121
115
111
114
113
115
118
120
121
120
123
127
124
126
128
126
125
125
125
127
125
125
127
126
127
128
129
130
130
131
132
131
131
130
131
131
133
134
133
136
134
134
135
135
134
133
135
134
134
135
137
136
135
135
135
135
135
135
133
134
135
134
135
134
136
136
137
135
134
134
133
131
131
132
132
132
133
133
134
134
132
132
133
131
129
130
129
128
129
127
126
126
128
128
128
128
129
126
125
126
128
127
128
130
129
131
132
135
135
135
134
135
135
136
137
137
136
137
136
137
136
137
138
139
137
136
137
137
136
136
136
136
137
138
136
136
134
136
136
136
135
135
135
135
134
134
135
135
133
132
131
126
128
126
126
127
127
127
128
129
129
127
126
127
128
128
128
129
128
127
130
128
127
126
126
127
126
126
126
126
125
127
126
123
123
123
123
122
120
120
121
122
124
121
127
129
130
127
124
126
129
128
128
131
132
131
130
129
129
129
130
130
129
132
133
133
135
136
137
136
135
136
137
136
136
135
136
135
136
135
134
135
134
133
134
136
136
135
135
136
136
135
135
138
138
138
139
138
138
138
137
137
137
137
137
138
139
140
140
141
142
141
146
145
146
145
146
145
147
147
148
147
146
146
147
147
147
147
147
148
149
149
148
147
147
148
147
147
146
147
147
147
146
147
147
147
147
148
147
146
146
147
148
148
148
151
153
153
155
156
156
154
155
155
155
156
157
158
157
156
157
160
157
155
156
156
156
155
156
156
154
154
154
155
156
154
155
155
154
153
152
154
156
156
157
159
158
156
155
152
151
153
153
153
154
154
152
152
152
151
151
153
153
153
154
153
153
147
147
146
147
146
148
148
150
150
151
151
153
153
153
155
154
156
154
151
152
150
147
149
149
150
149
152
150
150
151
150
152
155
158
159
158
159
160
160
160
159
158
158
159
159
160
162
161
161
162
164
164
165
165
166
166
166
165
165
165
164
164
163
164
164
164
165
166
166
167
167
165
166
165
163
165
164
163
164
163
165
164
167
167
167
168
171
173
172
173
175
177
178
180
183
185
180
180
182
183
183
182
184
183
184
185
187
188
188
189
191
191
191
190
188
190
191
192
193
193
192
196
198
198
200
200
202
205
205
207
206
207
201
203
199
199
190
179
191
