45
45
45
45
45
45
45
45
45
45
45
44
45
47
48
48
47
48
49
49
50
51
51
53
54
54
53
53
53
52
53
52
53
53
54
54
53
52
51
52
51
51
52
52
53
52
51
51
50
50
50
51
52
53
52
53
53
52
53
53
54
54
54
54
54
54
54
55
56
56
55
56
55
56
56
55
55
55
55
54
55
54
55
56
56
56
55
56
56
56
58
56
56
55
55
55
56
56
57
57
56
57
58
58
58
60
61
60
61
60
61
62
63
63
63
63
63
62
62
62
63
63
63
63
63
64
63
64
65
65
63
63
63
64
64
64
66
65
65
64
64
65
64
63
64
64
65
66
67
68
68
69
69
69
70
69
68
68
68
68
67
67
67
68
68
68
67
67
68
68
70
70
71
72
71
72
73
72
72
72
72
72
72
72
72
72
72
73
72
75
74
76
77
77
79
79
80
79
79
80
80
80
81
82
83
83
82
83
82
82
82
81
81
80
81
82
86
85
85
85
88
88
88
91
89
89
90
88
89
92
91
91
91
93
93
95
95
95
96
97
97
97
93
93
93
94
93
95
90
91
91
91
93
92
93
93
95
96
97
96
98
98
98
97
101
101
100
106
105
104
106
105
105
103
104
102
102
102
102
101
101
100
100
101
99
100
101
102
104
105
104
101
100
99
100
99
99
99
100
101
104
104
104
104
103
102
99
101
103
103
104
103
102
100
101
100
101
102
98
97
96
96
96
96
98
99
99
100
99
100
100
101
102
102
103
103
102
101
99
99
98
99
98
97
97
96
94
94
93
94
95
95
95
94
94
93
91
92
93
93
94
92
91
92
93
93
93
93
94
94
93
92
91
90
89
89
90
93
96
96
97
99
100
105
102
103
103
104
103
103
103
103
102
102
105
102
101
103
103
105
106
105
105
105
106
108
108
106
104
103
104
104
104
105
104
103
104
104
102
99
99
97
95
93
92
92
94
94
93
97
97
98
98
99
102
108
105
105
105
106
101
106
107
110
108
108
108
108
109
108
108
110
108
110
110
109
108
107
108
108
108
109
107
107
105
104
104
103
105
107
110
112
115
115
115
115
115
115
112
112
112
115
115
118
116
116
113
113
112
116
115
117
119
119
118
120
119
118
117
118
121
122
121
121
120
120
123
124
125
125
132
133
138
141
140
141
143
140
142
142
143
140
138
138
138
140
140
140
139
140
142
142
143
142
142
138
138
139
141
140
141
139
141
142
140
140
141
140
140
140
139
138
139
139
139
139
140
138
137
136
132
134
136
134
129
121
119
120
122
123
124
122
120
121
123
122
122
122
123
123
125
120
123
121
119
120
119
118
119
118
117
117
117
118
118
118
118
119
117
116
114
114
114
114
112
113
113
113
114
115
116
117
117
117
117
116
115
115
115
112
113
115
117
117
117
116
117
116
122
117
120
118
117
117
119
120
120
118
112
104
110
107
110
112
113
111
109
114
112
115
117
115
114
115
116
116
116
114
113
109
110
106
108
105
104
107
107
104
108
108
109
110
112
114
111
110
109
108
106
105
106
106
108
109
108
111
112
115
120
121
122
122
131
129
128
129
129
128
128
132
132
132
135
135
133
134
133
133
131
133
131
130
133
131
130
129
127
127
127
128
129
127
127
128
129
128
129
129
129
127
125
125
126
125
128
128
127
128
123
122
125
121
122
123
123
122
123
123
123
127
126
126
126
126
126
123
126
126
129
133
135
132
132
132
134
132
133
135
134
132
132
131
132
133
132
131
132
133
132
132
134
135
137
138
138
137
138
138
137
139
138
136
137
137
137
140
140
137
140
143
143
143
142
144
144
144
143
143
144
145
146
145
145
145
145
146
152
155
155
156
154
153
153
154
153
154
155
155
149
152
152
154
155
153
156
157
158
159
158
163
163
162
159
160
159
160
161
161
162
164
158
160
160
162
165
169
168
170
172
172
173
175
174
174
172
173
170
170
170
168
169
170
171
172
173
172
173
173
174
172
170
168
169
168
167
168
169
165
166
167
168
169
167
166
167
166
166
165
165
166
166
166
167
166
162
163
161
159
159
157
150
149
151
153
153
155
154
155
154
153
154
154
154
156
155
156
154
155
156
157
160
161
159
156
157
156
156
160
159
161
162
163
155
149
148
148
154
169
174
179
178
171
175
176
177
176
179
179
181
180
182
179
179
182
182
184
184
181
179
179
177
176
180
184
184
188
186
187
188
186
184
185
185
190
192
196
194
191
191
194
192
192
190
192
196
196
193
195
193
194
192
193
195
192
195
200
200
199
199
199
201
200
203
209
211
212
214
216
214
216
219
219
219
218
218
218
218
215
214
212
212
212
212
211
214
212
207
209
208
203
201
202
202
202
200
202
202
199
202
204
204
208
203
203
201
200
200
200
202
204
205
203
203
201
199
201
197
190
195
195
195
197
195
193
197
195
190
191
198
196
196
196
197
197
194
197
194
193
190
189
190
193
193
195
197
195
194
189
186
187
187
185
187
186
188
188
186
186
192
192
192
193
194
196
200
199
198
198
198
199
199
201
202
205
204
203
206
206
206
209
214
214
214
214
215
215
215
215
214
210
208
205
205
207
207
210
210
206
209
211
214
215
214
211
209
211
212
213
211
210
214
216
217
219
219
220
220
223
223
223
227
231
231
233
234
236
237
234
234
236
234
236
236
234
236
237
235
236
234
233
233
232
233
234
235
235
237
235
250
243
240
239
237
237
235
234
235
237
235
234
236
241
240
242
238
235
233
234
236
237
234
234
235
236
238
238
238
235
237
237
237
239
240
235
229
230
233
234
237
238
238
241
248
237
238
238
241
239
235
238
242
247
247
246
238
244
242
223
228
