70
70
70
70
70
70
70
71
70
70
70
69
69
70
70
70
70
71
72
73
73
74
74
74
74
73
74
74
75
75
75
75
75
75
75
75
74
74
73
73
74
74
74
74
74
73
73
72
74
74
75
75
75
75
74
74
73
73
75
75
76
77
77
78
78
78
79
79
79
80
80
80
79
79
80
79
79
79
79
79
77
77
78
79
78
79
77
78
79
80
81
79
78
77
77
78
80
80
80
79
77
79
80
81
81
82
83
82
82
82
82
84
83
83
83
83
83
83
83
83
84
84
84
84
84
84
84
83
83
84
83
82
82
81
82
81
81
82
80
79
79
80
80
80
81
82
82
83
84
84
84
85
85
85
87
87
85
84
84
84
84
83
83
83
83
82
81
83
82
83
85
86
86
86
85
86
85
85
86
87
87
87
87
88
87
87
87
86
87
87
86
87
87
86
88
88
89
88
88
87
88
89
89
89
89
88
88
87
87
88
88
88
88
86
87
87
88
87
88
89
90
90
91
91
91
91
91
90
91
91
90
91
91
90
89
90
90
90
91
91
90
90
89
90
90
91
91
91
89
89
90
92
93
93
95
93
94
94
94
93
94
94
94
94
94
94
93
95
95
95
95
95
95
93
94
93
93
94
94
93
94
93
93
93
91
90
92
93
93
94
95
93
93
92
93
90
91
91
93
94
93
93
93
95
94
93
93
92
93
92
92
92
92
93
93
93
94
94
92
91
91
91
91
91
91
92
92
93
93
93
93
93
94
95
95
96
95
95
94
94
94
94
94
95
95
94
93
93
93
93
93
94
95
95
94
95
93
94
95
96
96
95
96
97
98
98
97
96
96
95
95
93
92
93
91
90
91
91
93
93
93
94
94
95
95
95
96
96
96
96
96
95
95
95
96
95
95
96
95
94
94
95
94
94
95
96
97
96
94
93
94
92
92
93
93
92
92
92
91
90
91
90
88
86
85
84
89
89
91
94
93
94
94
94
95
94
97
96
96
96
97
97
97
97
96
97
97
96
96
97
96
98
99
98
99
99
99
97
98
100
100
99
97
99
98
97
97
96
96
99
101
101
102
102
102
101
101
101
100
100
98
99
100
101
99
99
98
99
97
99
98
100
101
102
101
102
100
99
99
100
101
101
102
101
102
102
103
103
104
104
104
105
105
104
104
104
103
103
104
104
104
102
102
102
101
101
102
102
102
102
103
104
105
104
104
101
102
104
104
104
103
103
104
104
104
105
104
103
104
103
103
102
103
101
102
103
103
103
102
102
102
102
103
102
101
102
103
102
103
105
107
107
106
106
106
106
106
105
105
105
104
104
105
104
104
104
103
104
105
104
103
103
104
104
105
106
105
105
105
104
103
103
103
103
102
102
102
102
102
103
104
104
105
105
106
106
105
105
104
102
103
104
105
106
105
105
106
106
106
106
106
105
105
106
106
106
106
104
102
92
98
96
99
100
100
97
97
99
97
99
100
99
99
100
100
101
101
99
98
96
96
94
95
93
92
94
95
93
97
98
99
99
101
101
101
100
99
100
97
97
99
99
103
103
103
103
103
103
103
104
104
103
103
103
102
103
102
102
101
103
103
104
105
106
103
103
104
104
104
104
103
103
105
103
102
102
100
98
99
102
104
102
103
103
105
105
104
105
105
104
102
103
102
101
100
99
99
100
97
96
98
95
97
98
98
97
98
98
101
102
102
101
102
103
101
100
103
100
103
104
105
106
106
108
104
102
104
104
103
104
106
107
108
108
106
108
109
110
109
108
109
110
112
112
112
112
111
112
111
113
112
112
113
112
112
113
112
112
112
114
115
114
115
116
116
115
114
114
114
115
115
114
114
114
114
113
114
114
114
115
115
114
114
114
113
112
113
113
113
115
115
114
114
114
114
115
115
116
116
116
118
117
115
116
115
116
117
117
117
118
114
112
113
114
115
117
116
115
117
117
119
119
120
120
120
119
119
119
120
114
115
115
116
115
116
116
116
115
116
116
117
116
116
116
116
116
116
116
116
115
116
117
117
117
117
117
117
117
116
116
116
116
114
113
111
113
112
114
115
115
115
115
116
115
116
116
116
118
117
116
116
115
115
107
107
106
106
107
110
109
109
108
108
108
109
110
109
110
109
110
110
109
109
108
110
111
111
113
113
114
113
112
113
113
112
113
113
114
114
113
114
113
114
113
113
113
116
115
116
118
118
116
114
117
117
118
117
117
117
117
116
116
117
117
117
117
118
117
118
118
118
117
118
118
118
118
118
118
118
119
118
119
119
118
119
119
120
120
120
121
122
124
123
124
124
125
124
125
124
125
125
125
127
126
125
126
126
127
127
127
125
126
127
127
127
127
126
126
126
124
124
125
125
125
125
124
125
124
124
124
124
125
123
123
123
124
123
127
128
130
129
130
135
131
131
131
131
131
131
131
132
132
132
132
132
131
130
131
132
132
132
133
134
133
133
134
134
134
133
133
132
134
133
134
134
133
135
135
135
135
135
134
134
134
134
134
133
134
134
133
134
134
135
135
135
136
136
135
136
136
134
137
138
137
138
137
137
140
137
139
140
140
139
139
138
137
137
138
137
138
136
135
136
136
137
137
137
136
138
138
138
137
137
136
137
138
139
139
138
138
139
138
138
139
141
142
141
141
140
140
142
143
143
143
143
145
144
143
143
144
143
144
143
143
145
146
147
146
146
146
146
144
145
145
145
145
146
147
146
145
146
146
147
146
146
146
148
149
149
150
151
153
154
156
156
154
153
153
154
154
153
153
156
154
155
155
155
155
154
153
154
154
154
154
153
153
155
156
155
156
157
159
159
158
159
158
159
159
160
161
163
165
160
160
159
159
155
148
151
