64
65
65
65
66
68
68
68
65
65
66
64
64
65
66
66
65
65
65
65
64
64
64
64
65
65
62
62
60
61
61
61
60
61
61
60
60
59
58
61
62
62
63
62
60
58
58
57
58
57
59
60
61
59
58
58
58
58
61
62
63
63
63
63
62
62
62
62
64
65
65
65
61
62
64
63
64
63
62
63
63
63
63
64
63
63
61
62
61
63
64
62
62
60
62
64
64
62
63
64
64
65
66
66
66
66
65
66
65
65
66
66
68
67
67
65
68
65
64
63
65
65
65
66
66
68
68
67
67
67
66
65
65
64
65
64
65
65
63
63
64
64
64
63
64
65
64
66
66
67
67
70
69
69
70
71
70
69
69
69
69
68
69
71
72
73
73
72
72
72
73
73
75
75
75
77
77
77
77
75
76
77
77
79
77
78
78
77
78
78
76
78
78
76
78
79
79
79
79
79
80
79
77
79
77
77
78
80
81
81
80
80
80
79
80
80
81
81
82
82
83
81
83
83
84
84
84
83
83
81
85
85
85
85
84
85
85
85
86
87
88
87
86
86
86
87
87
88
85
85
86
88
87
86
88
87
90
91
93
94
95
95
97
97
96
97
96
99
99
100
101
100
100
98
98
96
98
101
103
102
105
107
106
107
106
106
108
108
108
108
109
107
104
107
107
105
106
107
110
111
111
113
114
114
107
108
108
108
108
106
106
107
109
110
108
107
108
108
108
105
105
105
105
106
106
106
107
109
109
110
109
109
110
111
112
112
111
111
112
113
113
114
115
117
116
115
112
115
115
115
117
117
119
117
116
116
114
114
114
114
114
116
114
114
115
116
117
116
117
116
117
114
105
105
106
103
104
102
104
103
102
103
99
100
100
100
101
100
100
101
102
102
103
105
104
105
103
103
102
101
101
103
101
102
105
104
103
101
98
99
100
98
98
99
98
94
91
91
90
88
89
86
84
80
77
80
88
85
88
92
88
88
85
82
86
84
85
87
82
82
83
85
88
86
84
82
80
79
76
78
78
82
81
81
80
74
69
68
69
69
68
66
62
63
64
61
61
60
62
67
68
71
70
68
67
68
68
66
67
66
65
62
60
61
60
59
60
62
61
63
63
64
64
63
64
64
56
57
61
66
66
67
68
69
69
64
66
67
69
70
69
70
69
68
68
67
66
67
66
67
66
68
67
65
65
65
63
62
63
64
66
67
68
69
69
70
69
69
68
68
68
70
73
73
72
74
73
72
76
77
76
74
74
72
73
75
77
76
76
79
78
79
78
79
77
77
78
76
76
75
74
74
73
73
75
75
74
72
73
73
73
72
74
73
72
73
74
75
75
73
72
73
74
74
72
72
72
72
71
71
70
71
70
68
66
65
65
65
65
65
64
65
63
62
61
60
59
59
60
55
56
57
60
58
57
58
59
57
61
60
61
61
62
60
58
58
58
58
57
50
53
52
53
55
57
57
56
55
54
52
53
51
50
49
49
51
52
50
50
47
48
47
48
46
47
48
48
46
50
52
57
57
60
60
58
57
57
59
55
56
56
57
56
57
54
55
56
56
56
59
61
60
58
59
57
58
54
53
54
55
55
55
55
55
56
59
58
59
58
58
56
55
52
50
51
52
52
51
53
54
54
52
50
50
54
56
55
55
53
53
53
54
52
49
48
48
47
47
45
45
45
42
42
48
46
45
45
47
50
50
48
48
50
51
49
51
47
45
47
48
50
53
51
53
53
50
52
53
53
54
54
57
59
61
62
62
62
62
62
60
62
63
64
60
60
60
57
58
57
59
58
57
57
56
57
57
58
58
58
60
61
59
56
61
63
64
64
63
64
64
65
64
66
62
62
62
60
60
59
59
60
58
59
59
60
57
58
58
58
59
61
60
61
60
59
59
60
65
68
66
66
65
64
64
64
65
67
66
68
68
66
65
64
65
66
67
67
65
66
66
67
68
70
70
69
68
67
66
66
65
64
63
64
62
60
62
62
62
63
62
64
65
64
63
63
62
63
63
63
64
63
63
63
63
63
62
63
61
60
61
61
63
63
62
59
59
57
57
57
58
57
57
60
59
58
57
59
63
66
67
68
68
69
69
69
69
69
69
70
68
68
68
68
66
67
66
65
65
64
63
64
63
63
62
63
62
62
63
63
62
64
66
67
68
70
70
69
70
70
67
69
77
77
80
80
80
81
82
84
84
82
81
80
79
79
79
80
79
79
80
78
78
79
79
79
79
81
80
79
80
79
79
79
79
79
77
77
80
79
74
72
71
71
71
70
70
69
68
69
70
69
70
70
69
68
69
68
69
69
68
68
69
69
69
69
70
68
66
67
68
67
69
70
69
67
68
66
66
66
64
65
65
66
66
67
67
68
67
68
68
69
69
68
67
67
67
65
65
66
65
65
64
62
61
59
59
59
58
60
60
59
60
58
59
59
57
56
58
61
58
57
56
54
53
52
53
53
53
53
53
50
50
54
55
56
53
54
55
53
53
52
52
53
53
53
54
55
55
55
55
53
53
53
55
54
55
55
56
55
58
57
54
55
57
55
52
52
49
49
49
50
49
47
47
47
46
46
46
45
44
43
44
43
44
44
44
45
43
43
43
43
43
44
46
46
46
47
48
50
50
50
50
49
50
50
52
53
53
53
52
51
51
50
51
51
52
53
53
52
52
53
52
52
51
51
52
52
52
52
52
53
54
55
55
55
56
58
58
59
59
58
56
54
54
55
55
56
57
57
56
56
57
58
59
60
59
57
57
58
58
59
59
57
57
58
58
60
62
64
65
66
65
65
65
66
66
66
67
69
68
69
69
71
70
71
69
71
71
72
73
74
73
74
73
72
72
69
67
69
