47
47
47
47
47
48
48
47
47
47
48
47
47
48
48
48
47
47
46
46
45
45
45
45
45
44
44
45
45
44
44
45
45
45
46
46
46
46
45
45
45
45
46
45
44
43
42
42
42
42
43
43
44
44
44
45
46
45
46
46
47
47
48
49
49
49
49
50
49
50
51
50
49
50
51
51
51
51
50
50
50
50
50
50
50
50
49
50
50
50
50
50
49
48
48
48
49
49
50
50
49
49
50
50
50
51
51
52
52
52
52
52
53
53
53
53
53
53
54
57
57
57
57
58
57
57
58
57
58
58
57
57
57
57
56
56
57
57
56
56
56
56
57
58
58
58
57
58
58
58
58
58
58
59
59
58
58
58
58
59
59
59
59
59
59
59
59
59
58
59
59
59
59
59
59
59
60
60
61
61
60
60
60
63
62
62
62
62
62
63
62
64
64
63
64
64
65
64
64
64
65
65
64
65
65
65
64
64
65
65
66
66
66
65
66
66
66
67
67
68
69
69
69
71
70
70
70
69
69
69
69
68
69
69
68
69
70
71
71
70
70
69
68
72
70
69
69
69
67
67
68
69
71
71
72
71
72
72
74
73
73
73
73
73
72
74
73
75
75
75
74
75
75
74
74
73
72
74
74
74
75
74
73
74
72
72
73
73
74
75
75
72
71
72
72
70
70
70
71
71
73
72
73
73
72
72
73
73
73
74
73
74
74
75
75
75
76
76
75
75
75
75
75
76
76
79
77
77
77
77
77
76
76
77
77
77
77
77
77
76
76
76
76
76
76
76
75
75
76
76
76
76
76
76
74
73
72
73
74
73
74
73
73
73
74
74
73
73
73
72
67
69
68
68
69
69
69
69
69
69
69
69
69
69
70
70
70
71
71
71
71
71
71
71
71
71
70
71
71
70
70
70
70
69
70
70
71
70
68
68
68
67
67
67
66
67
66
66
66
65
65
63
62
62
61
62
64
64
65
67
67
67
67
68
71
71
70
70
70
71
71
71
71
71
71
71
71
70
70
71
71
72
72
71
72
72
72
71
70
71
71
70
70
71
70
70
70
69
69
71
72
73
74
74
74
74
73
73
72
71
70
69
69
70
70
69
68
69
67
68
68
69
69
70
69
70
68
67
68
68
69
69
76
76
76
76
77
77
78
78
78
79
78
78
78
78
78
78
78
77
77
76
75
74
73
72
72
72
72
72
72
72
73
73
72
70
73
77
78
78
78
79
80
80
80
81
81
80
81
81
80
79
80
83
82
82
81
81
81
79
81
81
80
79
78
79
79
78
78
78
79
79
79
79
79
79
80
79
80
79
80
79
79
78
78
79
78
78
79
78
78
78
79
79
79
80
80
80
79
78
78
77
78
78
77
77
77
78
79
80
80
81
82
82
82
82
81
82
82
81
80
81
82
82
83
82
83
83
83
83
84
83
84
83
82
83
82
81
80
74
76
76
76
77
77
75
75
75
75
76
77
75
74
74
70
74
75
74
73
73
72
72
72
72
70
72
73
72
75
74
75
74
76
76
76
76
77
77
76
75
77
76
77
77
75
75
78
80
79
78
82
80
79
79
79
80
79
78
78
82
81
82
84
83
82
82
83
83
83
84
84
83
84
84
84
83
82
83
82
83
84
83
83
85
87
88
89
88
88
87
86
88
87
86
86
87
87
89
86
83
85
83
84
84
84
84
85
85
85
86
84
78
78
79
75
72
73
72
72
73
74
74
75
76
76
75
76
77
77
79
79
80
81
81
79
79
80
80
80
79
78
78
79
79
78
79
79
78
78
79
79
77
78
76
75
76
77
77
76
77
78
77
77
78
79
79
79
80
79
79
80
80
80
77
76
74
75
75
76
76
76
76
76
77
77
77
78
79
79
79
80
79
79
78
80
80
80
81
81
81
81
81
80
81
81
82
83
83
84
84
82
80
80
81
82
84
82
81
83
83
84
85
85
86
86
85
85
86
86
86
86
85
86
86
86
86
86
88
88
88
89
89
90
90
90
90
91
90
90
90
91
92
91
91
91
91
93
93
93
93
94
93
93
92
90
91
90
89
90
90
90
89
91
91
90
90
92
92
91
91
92
92
91
92
93
92
91
90
90
90
90
90
92
90
91
91
90
92
90
90
92
93
93
93
96
97
97
102
102
104
105
104
104
104
104
104
104
105
104
104
105
104
104
106
106
107
107
106
105
106
105
105
105
104
105
104
104
104
104
104
103
104
103
103
103
104
104
102
101
102
102
101
100
101
100
100
101
102
101
101
104
102
103
101
105
104
105
105
105
105
106
106
107
108
109
110
111
110
110
111
111
111
111
110
110
110
110
110
109
110
110
111
112
112
112
113
111
111
111
110
111
112
111
112
111
110
111
109
110
110
110
111
110
111
110
110
110
110
112
112
111
112
113
112
110
109
110
110
111
108
108
109
109
108
109
108
107
108
108
109
109
110
111
111
110
112
114
113
113
111
110
111
109
109
109
109
110
111
112
112
112
111
112
111
110
110
109
110
110
110
111
113
114
115
116
115
115
113
114
115
114
114
114
115
116
114
115
117
116
116
117
117
117
117
118
118
119
120
120
119
119
119
119
120
119
119
120
121
122
122
124
123
123
123
122
123
124
123
123
125
127
129
131
131
131
132
131
132
131
131
132
133
133
134
134
136
136
136
136
137
137
136
136
135
136
137
137
137
137
136
137
136
141
137
138
140
139
139
140
137
138
139
139
139
140
140
143
144
143
144
144
144
144
144
144
142
142
142
144
138
142
141
142
143
144
142
143
143
143
143
142
144
143
142
142
143
143
144
147
145
145
145
149
146
148
146
146
143
143
144
145
146
149
157
159
157
154
145
148
