80
80
80
81
82
81
81
82
80
80
81
81
82
83
83
84
85
85
85
85
84
84
85
84
84
83
84
86
86
86
86
86
86
87
87
87
86
86
85
85
85
86
87
86
86
87
89
89
90
90
91
91
90
89
88
88
89
88
90
89
89
89
89
88
88
89
90
90
90
90
89
88
89
89
90
90
90
90
89
88
89
88
88
89
88
88
88
88
90
90
89
87
86
86
87
87
88
89
89
90
90
90
90
91
91
92
92
92
92
92
92
92
93
93
94
93
93
95
95
95
95
97
97
97
97
97
97
97
97
97
95
95
95
95
95
94
94
96
93
92
91
92
93
91
91
90
90
91
92
92
92
93
93
93
94
94
93
93
93
92
93
93
92
93
92
91
91
92
92
92
93
93
93
94
95
95
96
96
97
96
97
97
100
101
100
99
99
99
100
99
97
98
96
96
98
99
99
97
96
95
96
96
96
97
98
97
96
97
97
97
97
97
96
95
95
95
95
94
96
96
97
96
96
96
96
98
97
96
96
96
98
98
98
98
98
99
98
100
99
99
99
99
98
97
98
98
98
99
98
99
101
101
100
102
104
103
104
105
106
106
107
107
108
107
105
106
105
106
107
107
107
106
106
105
106
105
107
105
106
104
105
105
104
104
103
103
104
104
104
104
103
103
103
100
99
98
98
99
100
100
101
100
100
100
96
97
96
96
96
96
97
97
97
97
96
96
96
97
96
96
100
96
97
97
97
97
97
96
97
97
97
96
97
97
98
97
97
97
97
97
98
98
99
100
100
98
98
97
96
97
98
97
97
97
97
97
96
96
96
95
93
92
93
94
93
94
94
92
92
92
91
90
88
89
89
89
90
90
90
90
91
91
92
91
92
92
91
92
92
92
92
91
92
91
92
91
90
91
92
91
92
92
93
93
94
94
94
94
93
92
94
93
93
95
95
94
94
94
93
93
94
94
93
93
92
91
91
92
93
94
95
94
94
95
93
96
96
96
96
96
96
96
96
97
96
97
97
96
97
96
96
95
96
96
97
99
100
100
100
100
100
100
99
99
99
99
99
98
98
101
104
105
106
107
106
106
106
106
104
103
103
104
106
107
106
106
106
108
109
111
109
110
109
109
107
109
102
102
102
104
105
106
106
105
106
106
106
106
106
106
107
106
106
106
106
105
104
104
103
102
102
102
100
100
99
99
101
100
100
100
101
101
102
102
101
102
101
102
102
100
101
101
102
102
100
101
100
99
101
101
100
100
98
98
96
95
95
94
93
91
92
94
94
94
94
95
94
94
94
95
96
96
95
95
95
94
94
93
93
94
93
92
92
91
91
91
91
91
91
91
91
91
92
93
90
90
89
89
88
88
88
88
89
90
90
89
91
91
92
92
92
92
92
92
92
91
91
91
90
90
91
92
92
93
93
92
92
93
91
90
91
91
92
91
91
92
93
91
91
86
88
86
89
90
90
88
88
89
89
91
93
90
91
91
90
92
94
92
93
92
92
91
93
92
91
93
92
91
95
95
95
96
97
97
97
96
95
95
95
95
94
95
96
96
95
91
88
89
89
88
88
88
87
86
85
86
87
85
84
85
84
86
85
84
85
86
87
87
86
86
85
85
86
87
87
86
86
88
90
90
91
89
89
90
90
90
90
91
91
90
88
88
87
87
86
84
85
85
84
83
84
84
85
85
85
84
85
86
87
88
88
89
89
89
87
89
90
89
89
90
91
91
91
92
90
90
91
92
90
92
92
92
93
93
92
92
93
92
92
92
92
93
93
91
91
89
89
90
90
92
92
92
94
93
91
91
91
92
91
92
92
92
93
94
93
91
90
90
88
90
90
92
93
94
92
92
92
92
93
93
92
93
92
92
90
90
91
90
91
91
91
92
93
93
93
93
94
93
93
94
96
96
95
97
96
97
97
97
97
98
96
97
97
97
98
112
110
111
110
110
110
110
109
109
108
110
109
109
109
110
110
111
110
109
111
109
111
112
111
111
112
110
110
112
112
111
111
112
114
113
113
113
113
111
111
111
99
100
100
100
100
100
99
98
97
97
96
96
96
96
96
95
96
96
95
96
95
95
95
95
95
95
94
95
95
96
95
95
96
96
97
96
96
95
96
96
96
97
98
102
103
102
102
101
101
102
99
100
97
97
99
99
99
99
97
98
97
98
98
98
97
96
97
97
98
99
99
98
100
101
101
100
101
101
101
103
104
104
104
104
103
104
104
104
103
104
105
104
104
105
105
105
105
106
106
106
105
107
106
106
106
106
105
105
104
107
107
107
107
108
108
108
108
109
107
108
108
108
109
109
108
109
110
109
108
109
108
109
110
109
109
109
109
110
109
108
108
108
108
108
108
109
109
109
109
108
109
109
109
110
108
108
109
108
109
110
109
109
108
109
109
108
107
108
107
107
107
108
107
107
106
106
106
107
108
107
109
111
112
112
113
114
115
116
116
116
115
116
115
115
116
114
114
113
114
114
115
112
112
112
111
110
110
110
109
108
107
107
107
106
107
106
105
105
105
105
105
106
106
106
106
106
105
107
106
106
106
106
106
106
106
105
105
105
105
105
106
106
106
107
108
107
108
107
107
106
105
105
105
104
105
105
105
105
108
108
110
109
109
109
111
110
109
108
108
107
107
107
108
108
109
109
108
108
109
109
108
109
109
110
110
111
111
110
109
109
109
109
107
103
104
105
107
106
106
106
104
106
107
107
109
108
109
108
109
109
109
109
108
108
109
110
111
111
111
113
113
113
114
113
113
113
113
114
114
115
115
115
115
115
115
115
114
113
112
112
113
113
114
111
111
110
107
108
109
108
109
110
110
110
112
111
109
109
105
102
103
99
101
