82
81
80
79
78
78
70
73
73
73
71
70
69
69
68
68
67
67
67
67
68
68
68
69
69
69
70
71
69
68
67
67
67
69
69
82
79
80
78
78
78
78
79
79
77
76
76
73
73
73
73
73
72
73
74
73
76
78
75
76
76
77
78
78
80
80
79
79
79
80
80
79
78
79
79
80
81
83
81
80
80
79
80
81
81
82
81
81
81
82
84
84
84
84
85
85
84
85
85
85
83
84
84
85
85
86
87
86
85
86
86
87
89
90
91
91
90
90
91
90
90
91
90
91
92
92
93
93
93
94
92
91
91
92
92
92
94
95
92
93
93
94
93
94
95
96
96
96
97
98
98
99
99
100
97
95
95
96
96
95
93
94
94
95
95
95
96
95
93
94
96
95
95
95
94
94
91
92
93
92
91
92
91
92
91
92
93
94
92
97
96
95
96
96
97
97
98
99
99
100
100
102
104
104
104
104
105
105
103
103
104
104
104
102
101
100
100
100
100
102
102
103
103
103
103
103
103
103
102
99
101
100
97
97
96
97
97
96
97
96
96
95
96
96
95
97
97
97
96
91
96
96
96
97
97
96
97
101
102
101
103
103
113
108
110
111
114
113
112
112
111
111
111
110
111
110
110
111
114
117
120
117
114
115
113
113
114
113
114
113
114
112
112
112
114
108
109
110
110
106
105
106
107
109
108
110
110
109
111
110
109
110
110
119
117
120
124
122
120
120
119
121
121
122
124
125
125
125
125
125
125
125
125
126
126
125
127
127
125
125
123
123
125
126
127
127
127
129
127
127
128
129
130
130
128
128
126
127
128
128
129
127
131
132
133
134
134
127
129
131
125
121
119
119
119
119
120
116
118
117
118
120
120
121
122
123
123
123
124
124
125
127
128
129
128
127
127
129
129
131
129
130
128
128
133
133
134
134
134
132
135
132
131
132
130
127
128
130
126
125
127
125
126
125
123
123
127
128
131
134
133
133
133
131
135
135
139
139
138
139
139
131
132
133
136
137
138
136
138
139
136
138
137
140
138
138
138
138
141
141
142
144
142
142
142
142
144
143
141
145
150
146
147
145
145
145
144
146
145
142
140
140
144
147
147
147
145
148
148
151
149
154
154
151
151
152
149
148
147
146
148
154
150
147
149
151
154
153
153
155
154
153
157
165
164
164
163
164
162
159
160
161
160
161
160
162
163
168
173
174
179
182
183
182
181
177
176
180
180
178
178
177
182
179
178
178
179
178
180
180
176
179
179
180
179
182
182
180
176
167
167
166
167
165
163
166
168
167
173
175
175
175
176
178
178
178
178
179
178
179
213
215
214
212
212
217
212
212
215
213
212
203
200
201
200
207
189
189
185
199
193
194
192
192
190
188
186
187
188
188
186
186
188
186
188
186
186
186
184
181
184
184
185
184
182
183
183
186
185
185
185
185
186
186
185
189
190
188
185
171
178
179
181
184
184
180
180
182
180
184
186
185
185
186
187
188
188
188
189
188
188
188
187
180
174
177
179
178
185
184
179
181
180
181
181
185
181
184
184
187
187
177
165
168
170
175
178
181
180
180
179
177
176
177
178
177
171
169
167
169
170
165
165
168
167
169
169
169
169
174
173
170
171
169
169
171
170
173
175
177
176
176
176
177
177
179
178
178
180
178
178
180
178
175
175
173
170
169
164
166
162
163
166
167
166
163
165
161
161
163
166
168
167
168
164
157
161
159
158
161
167
168
168
166
172
173
172
177
179
178
180
182
183
182
184
183
185
186
187
185
184
183
182
184
183
185
182
184
183
186
185
183
185
183
181
179
173
171
168
171
170
168
170
172
175
174
174
175
176
179
178
177
178
177
175
175
173
171
172
174
170
166
165
171
171
169
169
170
170
171
175
174
174
172
178
187
187
190
188
187
188
186
185
186
185
187
189
191
190
189
185
181
179
184
184
180
174
176
180
160
160
155
155
162
162
160
159
154
154
171
176
173
173
171
170
173
172
170
172
174
179
178
177
180
179
181
179
180
178
179
179
181
180
178
178
177
177
178
179
177
177
176
176
175
176
176
176
174
174
175
175
174
177
175
175
176
178
176
176
177
177
177
178
178
178
178
178
168
170
170
172
174
174
173
176
176
175
175
174
172
172
169
168
166
171
175
179
189
194
193
200
199
200
202
200
200
207
209
208
209
210
212
217
214
210
203
203
206
203
204
204
205
206
206
201
200
200
203
206
206
205
203
203
198
198
200
201
202
200
204
205
203
205
206
207
201
204
200
203
202
203
200
199
198
200
198
196
193
200
207
205
207
206
205
207
205
204
205
205
205
209
212
214
212
214
213
218
217
218
218
218
218
219
219
219
216
214
213
210
206
203
206
206
206
207
210
211
210
212
211
212
213
213
212
213
212
213
212
215
217
219
220
218
222
224
229
225
229
230
230
230
230
231
232
231
225
225
229
228
230
229
232
233
232
231
232
236
234
233
235
235
231
231
228
232
231
233
234
236
234
236
237
238
236
239
241
240
242
239
242
238
238
239
239
240
238
239
238
235
236
235
236
236
235
233
233
234
250
238
242
250
245
249
250
253
251
250
251
247
247
247
248
249
252
254
252
253
254
256
255
258
258
258
257
256
258
257
255
252
250
250
249
240
240
239
240
238
239
238
243
244
245
247
247
246
242
240
240
241
238
237
239
241
241
244
246
245
247
250
252
259
256
256
255
256
256
255
253
241
246
244
241
239
234
235
233
234
237
239
242
244
244
251
261
262
252
254
252
254
256
253
255
257
251
251
245
246
244
243
245
246
248
250
249
252
253
258
264
258
262
264
269
271
272
276
281
279
281
284
286
288
289
277
288
282
278
275
261
263
