200
201
200
201
200
200
201
201
199
199
202
199
199
202
201
203
206
207
208
210
210
209
210
212
215
213
214
215
213
212
213
212
211
210
213
213
214
213
209
209
210
212
212
211
210
211
211
210
196
191
189
192
193
194
195
199
202
200
204
204
203
203
205
203
204
202
202
204
205
208
207
208
205
205
207
206
207
209
208
209
205
203
205
207
203
205
201
204
203
203
204
201
198
194
195
196
196
192
192
191
191
194
196
192
192
194
193
192
194
195
198
198
193
194
196
196
197
197
197
194
197
196
195
192
190
189
188
187
190
189
186
186
185
184
185
186
185
185
184
183
182
183
184
184
183
185
184
187
187
191
191
194
193
193
194
194
190
191
190
190
189
186
185
186
185
184
182
182
179
183
185
185
186
185
174
175
174
173
175
176
178
177
178
182
180
180
180
180
178
180
179
180
183
182
180
182
184
185
185
186
184
180
179
178
179
179
177
175
176
177
178
177
177
175
174
173
177
176
178
180
181
182
184
186
185
186
187
186
187
186
189
189
188
186
185
186
188
188
190
181
181
181
180
178
176
177
176
176
174
172
174
176
177
177
180
178
181
183
183
183
184
183
184
184
184
185
183
186
187
187
188
188
187
186
186
184
183
186
186
184
188
187
189
195
192
190
192
193
194
193
193
192
194
194
196
195
196
196
198
187
190
192
192
192
191
191
194
194
196
194
191
191
189
189
189
191
193
192
189
186
187
186
186
186
186
185
184
184
183
185
186
185
185
186
186
186
184
182
182
182
182
182
184
183
182
182
180
181
180
181
182
186
188
188
188
188
186
188
189
190
192
192
192
191
192
194
194
195
194
195
195
193
190
189
189
185
187
184
188
187
188
188
188
188
190
190
191
191
191
191
193
191
192
193
192
192
191
191
190
190
191
191
191
191
193
193
195
194
193
191
192
189
189
190
190
188
188
190
188
186
189
186
185
185
182
180
181
167
166
162
162
162
162
162
164
164
165
164
164
163
161
161
162
164
162
162
162
164
165
162
161
162
162
163
162
163
162
162
162
164
164
163
161
163
161
160
156
152
152
154
157
158
162
163
162
162
160
160
161
161
160
157
156
158
159
157
155
157
154
157
153
152
155
158
155
154
151
154
154
155
157
157
157
156
157
158
159
159
160
162
162
164
164
162
165
164
161
162
160
161
160
160
158
160
159
156
157
155
156
157
160
161
163
165
163
159
161
161
161
160
160
160
162
162
162
162
162
162
163
163
162
162
166
164
165
170
171
171
173
174
173
174
174
173
170
173
173
171
171
174
174
173
173
173
173
173
172
171
171
171
170
170
170
170
168
167
165
166
169
168
165
166
167
167
168
168
168
169
168
166
164
164
164
165
164
165
164
165
166
168
169
168
169
170
173
164
163
160
161
159
160
160
160
161
162
158
159
157
156
157
156
154
156
155
155
156
155
153
152
143
147
144
148
148
147
145
145
146
145
146
149
146
146
147
147
148
148
146
145
145
144
143
146
144
142
144
145
141
146
149
150
150
152
152
151
150
151
150
150
142
140
142
145
145
144
138
140
140
140
140
143
142
139
138
135
136
135
133
132
134
135
136
137
139
138
138
138
139
140
141
140
138
140
138
137
137
135
135
137
139
139
136
136
136
138
138
138
138
140
139
136
137
134
134
133
132
134
134
132
130
130
118
121
125
122
122
123
121
123
124
124
124
125
127
126
126
125
119
119
122
124
130
132
134
133
132
133
135
132
132
134
137
138
137
140
139
141
142
142
142
143
145
147
147
148
148
145
148
148
150
150
151
152
151
150
149
149
150
150
151
152
151
152
146
144
147
149
148
149
149
150
146
147
145
143
146
145
148
148
150
149
149
148
149
148
146
146
148
147
149
152
152
153
153
153
152
153
153
154
153
153
152
151
151
150
151
153
154
154
153
150
146
145
146
149
152
151
152
153
154
155
156
158
159
160
159
162
160
161
161
162
163
162
161
161
161
161
160
161
162
163
162
162
162
163
162
161
161
161
161
160
160
160
159
159
159
160
160
158
160
160
160
161
158
155
158
156
154
155
155
156
155
156
156
154
154
157
159
159
158
158
157
157
157
157
157
155
154
154
154
150
151
151
151
150
151
151
153
154
153
154
152
153
152
154
155
153
158
160
161
158
158
159
160
161
163
162
162
163
164
163
162
159
161
160
161
165
165
167
166
168
168
169
167
167
166
167
167
167
167
166
166
167
168
169
169
169
168
166
168
168
167
167
167
168
170
171
176
178
178
177
175
175
174
175
175
176
178
176
177
179
179
180
181
181
181
180
182
180
181
179
180
182
180
180
181
181
179
178
178
176
176
178
176
176
176
174
174
175
173
174
174
174
174
174
174
175
173
172
173
171
171
170
170
171
162
161
162
161
162
161
160
160
160
159
159
159
154
153
153
152
151
150
151
152
153
151
151
152
153
152
153
153
152
152
153
153
152
152
153
151
152
154
155
154
153
154
156
154
156
155
154
155
155
155
155
154
154
156
153
153
153
153
153
154
154
154
152
150
148
148
147
147
146
145
145
144
145
145
144
145
145
142
142
142
142
142
143
142
143
141
140
141
141
142
143
144
142
143
143
143
144
144
144
143
144
145
145
146
145
145
145
145
146
146
145
146
147
145
145
145
147
147
147
147
146
148
148
148
147
147
147
157
160
161
162
160
156
154
155
154
154
154
154
153
152
151
152
150
151
149
148
148
148
149
151
151
152
152
152
152
153
154
154
156
156
156
154
154
155
155
157
154
154
153
154
154
153
152
153
153
153
154
154
157
160
162
163
164
163
165
164
165
168
170
164
162
163
167
166
166
167
166
164
163
162
158
150
154
