47
47
47
47
46
46
46
46
46
46
46
46
46
46
46
46
46
47
46
46
46
46
46
46
46
46
46
46
46
46
46
46
46
46
46
45
45
45
44
45
45
46
45
45
44
44
45
45
45
45
42
43
42
44
44
44
44
43
43
43
43
43
44
43
44
44
44
44
43
43
43
43
42
42
42
42
42
41
41
42
42
42
42
42
43
43
43
45
45
45
45
44
44
45
45
46
45
45
45
45
45
45
46
46
46
46
47
48
48
48
48
48
48
48
48
48
49
48
49
49
49
49
49
49
49
48
49
48
48
49
48
48
48
48
48
48
49
49
48
48
48
47
47
47
47
48
48
48
48
49
48
49
49
49
49
49
49
50
49
49
49
49
50
51
51
51
51
51
51
51
52
52
53
53
53
53
53
53
51
52
52
52
54
54
54
54
57
54
55
55
54
55
54
53
53
53
54
53
53
54
54
53
53
52
52
52
52
52
52
52
52
52
52
51
51
51
52
52
52
52
53
53
53
53
53
54
53
53
53
53
54
54
54
54
54
55
56
56
57
57
57
57
57
57
56
56
56
57
58
57
58
59
60
60
61
61
62
62
62
63
63
63
63
63
63
63
62
63
63
63
64
63
64
63
64
63
64
62
62
62
62
61
61
61
61
61
61
61
61
61
62
61
60
61
61
59
59
59
59
59
59
59
59
60
61
62
62
63
63
64
64
65
65
65
65
66
66
64
64
64
63
64
64
64
64
64
64
64
64
64
64
65
66
66
66
65
65
66
66
65
65
65
66
65
66
67
67
67
67
67
67
68
68
68
67
67
66
67
67
68
66
65
65
66
65
66
67
70
65
65
65
63
62
63
63
63
63
63
64
63
63
64
64
64
64
63
62
61
62
62
62
62
62
62
62
63
63
63
62
62
62
62
61
61
61
61
60
58
57
58
59
59
58
60
59
60
61
61
61
61
61
60
60
59
58
58
60
59
61
62
63
66
68
70
71
71
72
71
71
72
72
73
73
74
76
77
76
75
75
75
74
75
74
75
74
74
75
74
74
74
74
74
73
75
74
74
75
73
72
73
74
74
75
74
74
74
75
75
74
74
73
74
75
75
75
76
78
80
80
80
80
80
83
84
82
83
82
81
80
79
78
78
78
77
77
77
79
79
79
78
78
78
79
79
79
79
79
78
79
79
79
79
77
76
75
75
75
75
76
76
76
78
76
77
76
74
75
77
78
77
76
76
76
76
77
77
77
76
76
75
75
75
76
78
78
80
82
74
65
65
62
66
66
66
64
66
65
65
66
66
67
68
68
68
68
69
69
69
69
68
68
67
67
66
66
65
65
65
65
65
64
66
66
66
67
66
66
66
65
64
64
64
65
63
62
63
62
63
64
65
65
65
65
64
63
63
64
71
67
66
66
66
66
72
73
74
73
76
75
77
77
77
77
77
77
78
78
77
75
71
73
71
73
72
73
70
72
73
72
74
75
74
75
76
76
77
77
77
77
76
76
76
77
74
73
73
74
73
76
75
72
72
74
74
75
73
71
74
74
74
75
75
74
75
76
69
68
70
69
69
70
70
71
70
70
71
70
68
67
68
68
69
70
69
69
69
70
71
70
72
72
70
71
70
69
69
68
68
69
70
70
70
70
72
73
72
73
74
74
74
72
71
72
70
70
69
69
70
67
67
68
66
67
66
66
66
66
66
68
70
70
72
72
71
70
68
69
69
68
68
70
72
70
72
71
71
72
74
73
73
75
75
76
76
78
77
78
78
78
77
76
74
74
76
76
76
75
76
76
78
78
78
79
79
79
80
81
81
80
81
80
80
80
80
80
81
80
81
81
82
82
84
85
84
85
84
86
86
88
88
88
87
87
88
87
88
88
89
89
91
90
90
90
88
87
89
88
88
89
89
90
89
89
90
88
89
89
89
90
91
89
88
88
90
92
93
93
94
94
94
95
95
94
94
93
94
94
95
95
95
95
93
94
93
93
93
104
105
107
109
109
109
111
110
111
111
112
111
111
111
111
110
110
109
110
110
112
113
113
113
114
114
115
113
110
111
108
108
109
110
112
112
113
113
112
111
113
113
112
112
113
113
113
113
115
117
113
111
112
111
113
112
112
111
111
114
110
107
104
105
110
104
105
105
108
108
107
110
108
110
109
112
113
116
120
119
120
120
120
120
121
118
114
115
115
116
118
119
118
121
121
120
119
120
119
119
120
119
120
120
118
119
118
118
116
116
120
119
121
121
120
121
120
119
120
119
118
119
121
120
122
121
122
126
140
142
142
143
141
142
143
141
141
142
142
142
142
143
143
143
144
146
147
147
146
147
147
147
150
151
152
151
154
152
152
152
152
152
153
153
154
154
154
154
155
157
155
155
155
155
154
155
154
154
155
157
158
160
162
162
163
163
166
168
164
164
160
161
162
161
162
162
163
163
165
164
161
162
161
163
165
165
167
167
168
167
169
171
170
171
172
172
164
159
162
160
160
161
164
166
166
166
168
166
163
164
161
162
160
160
160
161
162
163
165
164
167
166
166
168
167
167
171
166
167
166
168
164
155
151
155
153
155
154
154
152
153
156
155
155
151
151
151
155
154
153
151
149
150
153
156
154
157
157
158
158
160
159
158
159
159
162
161
159
156
157
154
153
156
154
156
157
154
158
158
159
158
157
158
161
160
158
160
163
162
166
164
162
163
164
168
164
168
159
151
155
150
150
149
149
147
147
149
152
154
155
156
156
154
155
156
155
154
156
156
160
160
160
161
160
160
160
158
157
158
157
158
160
157
157
157
157
159
158
158
163
165
166
165
166
167
171
174
177
179
180
181
181
183
185
186
187
186
187
190
194
182
177
180
