73
74
74
74
74
74
74
74
72
72
73
71
72
73
73
73
74
74
74
74
74
75
75
75
75
75
75
76
77
76
75
76
75
75
76
76
75
74
74
74
74
74
75
76
75
74
75
75
74
75
76
77
77
77
76
76
77
77
77
78
77
79
80
80
80
80
81
82
81
82
82
82
81
81
83
82
82
81
81
80
80
78
79
80
79
80
78
78
79
80
80
78
77
76
76
76
76
76
76
78
77
78
79
80
80
81
80
80
80
80
79
80
80
80
79
79
79
79
80
81
81
82
81
85
83
84
84
83
84
84
82
82
82
81
82
81
82
82
81
80
80
80
80
79
80
80
79
80
80
81
81
83
83
83
84
84
83
82
83
83
82
81
82
82
82
82
82
81
80
81
81
81
81
81
81
83
82
82
82
83
83
82
83
83
83
83
83
83
85
86
85
87
87
87
89
90
89
89
89
89
89
89
89
88
89
89
87
86
85
86
86
86
86
85
85
85
84
84
85
85
86
86
86
86
86
86
86
86
86
86
85
85
85
86
85
86
86
87
87
87
87
86
85
86
87
86
86
86
84
84
85
86
87
88
89
89
91
92
92
92
92
92
91
92
93
93
94
95
96
96
96
95
96
94
94
93
93
94
94
93
94
94
93
94
93
93
95
96
97
97
97
95
93
93
94
92
92
93
94
95
95
95
96
96
95
95
96
97
99
98
97
98
98
100
99
99
99
98
97
96
97
98
97
98
98
99
98
99
99
99
100
100
101
100
101
102
101
102
101
101
101
101
103
103
105
104
103
104
103
105
105
105
105
106
105
105
104
104
105
105
105
104
104
104
104
104
104
104
104
104
103
103
101
102
98
96
98
98
99
99
100
100
101
101
101
102
101
101
101
101
101
100
101
102
102
101
101
101
101
99
98
99
98
98
100
100
101
101
99
97
97
96
96
97
96
94
95
95
94
93
95
93
93
93
92
93
95
95
97
99
99
96
96
96
99
96
98
100
96
96
98
99
99
99
100
100
100
98
98
99
98
100
100
100
99
100
101
102
102
103
103
103
102
103
101
102
101
99
99
102
103
102
103
104
104
103
103
103
101
100
100
99
100
102
102
102
102
104
105
108
107
108
111
109
107
108
105
106
107
108
108
108
109
109
108
108
109
115
117
117
118
120
121
121
123
122
122
120
122
122
121
121
120
120
118
118
119
118
118
117
118
119
120
119
119
117
117
118
118
117
117
117
118
119
118
119
119
119
120
118
118
117
118
117
116
117
116
116
116
116
115
118
118
117
118
120
119
116
114
113
115
115
115
116
117
118
117
117
119
119
119
117
117
114
112
111
110
110
111
111
109
109
112
112
113
114
114
113
113
113
112
110
110
111
109
110
109
110
110
112
113
113
113
113
112
112
112
113
112
111
112
114
114
116
115
116
117
117
117
117
116
113
113
113
114
115
114
114
113
107
111
109
110
110
111
107
108
109
108
109
110
108
107
107
106
106
107
106
106
105
105
104
105
104
101
102
104
102
107
108
108
109
110
109
109
110
111
112
112
113
113
113
115
114
114
114
115
116
116
116
116
116
115
113
113
114
114
113
112
114
116
117
118
117
118
121
120
120
118
122
120
119
121
121
121
121
117
116
118
119
121
118
117
118
120
119
119
121
121
120
118
118
117
116
117
117
119
119
116
115
116
111
112
113
110
110
112
112
113
116
117
118
120
121
118
115
117
100
101
106
108
106
105
106
104
103
106
106
104
104
106
106
106
106
105
107
108
109
109
110
110
112
113
114
114
114
113
113
113
115
115
113
116
115
116
117
118
118
118
119
120
119
119
122
122
120
120
120
120
121
119
119
120
119
119
119
118
119
122
126
124
126
126
127
127
126
129
128
128
128
129
129
129
129
129
128
129
129
130
130
129
128
127
128
126
126
126
128
128
127
124
121
120
122
124
126
126
125
127
129
130
130
131
133
132
132
132
133
134
133
134
136
134
133
133
133
133
133
134
136
134
136
136
136
135
136
136
134
134
136
137
139
138
138
139
137
138
138
138
139
139
139
139
138
134
135
135
134
135
136
139
139
142
142
140
140
142
142
142
143
142
141
138
138
138
138
135
130
131
130
130
130
129
129
130
130
130
132
134
135
131
134
131
130
130
124
124
124
118
118
118
118
121
119
120
120
120
120
121
120
121
121
119
121
121
122
125
126
126
123
122
118
119
118
118
118
118
119
119
119
119
119
118
117
117
116
115
116
115
116
116
117
117
118
118
118
118
120
120
119
119
119
117
117
117
118
118
117
118
118
118
120
117
121
124
122
122
125
125
125
125
126
127
126
124
124
124
124
125
125
126
126
128
130
132
135
135
135
135
133
132
131
132
132
133
132
131
132
132
132
133
133
132
132
132
134
135
136
137
139
139
139
140
139
139
138
139
139
139
134
128
130
131
131
132
132
132
135
136
136
136
138
138
138
137
138
138
139
139
138
138
136
137
136
137
136
135
135
136
137
136
135
136
137
136
136
134
136
135
133
132
132
132
133
134
133
134
134
135
135
133
133
133
133
133
134
133
135
134
134
135
135
135
136
139
137
136
137
137
138
135
135
135
135
136
135
136
135
136
137
137
138
140
139
141
143
143
143
143
144
144
144
145
145
143
144
145
144
141
143
143
145
146
147
147
146
146
148
147
148
148
150
149
147
149
151
150
149
150
150
148
147
148
149
148
149
153
150
147
145
147
149
150
149
148
149
151
152
151
152
152
155
155
156
155
155
154
154
154
153
152
153
153
153
155
154
154
153
152
153
153
153
154
153
155
156
154
157
156
154
154
154
155
156
156
156
155
153
153
154
155
153
150
150
149
147
145
139
142
