52
51
50
50
50
49
49
49
48
48
49
49
49
49
51
52
53
53
53
54
53
53
53
53
53
52
52
52
53
53
53
53
54
54
54
54
54
55
54
54
55
56
57
57
58
56
58
58
57
56
60
62
62
62
63
64
65
64
66
64
66
65
67
67
70
69
71
70
70
72
73
72
69
70
72
71
71
71
71
71
70
69
70
70
70
69
67
68
69
71
72
70
70
69
72
75
75
75
75
76
73
74
76
74
74
75
76
74
76
75
75
75
74
75
79
81
80
81
81
81
80
80
77
78
79
79
78
78
79
79
78
78
77
77
78
79
80
79
78
76
77
78
78
77
78
80
79
81
81
84
83
85
85
84
83
82
81
82
80
81
82
80
81
81
81
79
80
78
75
76
79
80
81
81
82
83
82
86
89
93
92
94
93
94
93
93
96
96
95
94
93
96
96
96
96
93
94
92
91
93
99
100
98
99
99
98
98
97
97
98
100
101
100
99
101
103
103
103
105
104
105
107
108
110
110
111
110
109
109
110
113
115
116
117
115
122
127
135
142
143
144
143
136
139
143
147
145
152
152
151
151
149
157
162
162
160
163
168
170
174
175
175
180
180
179
179
171
175
180
179
173
168
167
165
169
158
166
160
164
161
159
153
152
148
140
143
144
151
158
156
151
141
140
142
145
133
136
133
133
137
136
146
158
154
148
140
133
133
136
141
138
142
141
141
139
145
148
148
144
146
145
152
149
153
158
161
159
159
161
160
158
159
160
166
169
172
174
177
172
170
169
169
172
174
175
171
169
171
171
174
179
182
182
183
177
172
172
175
179
177
173
171
167
173
176
178
183
171
171
166
168
163
160
161
162
158
160
162
168
165
163
166
169
170
172
171
175
172
174
176
180
180
180
180
181
182
178
178
180
175
177
177
173
167
175
177
179
171
171
168
168
164
165
165
164
160
162
165
162
158
164
158
154
152
146
155
163
166
180
181
188
186
190
192
190
189
195
193
192
194
188
189
186
188
188
187
185
178
183
188
189
191
186
191
189
193
190
189
189
191
193
189
187
187
184
184
186
178
175
184
188
190
190
183
186
188
188
186
186
185
190
189
198
198
196
193
182
182
181
185
193
192
194
198
199
209
198
199
195
193
191
193
195
192
193
193
197
197
197
199
197
203
203
200
198
196
197
194
194
195
192
199
194
192
194
190
187
190
194
195
196
202
193
193
191
182
185
189
187
186
183
181
183
184
186
187
187
190
188
191
191
192
195
199
191
192
190
185
185
186
186
191
188
188
188
193
196
196
197
198
200
199
201
202
202
203
204
207
210
209
207
206
206
207
207
208
210
214
217
216
216
216
217
216
219
220
220
220
222
218
216
216
221
222
219
222
220
216
220
223
222
232
231
233
241
240
211
219
220
219
219
218
217
219
220
216
218
217
209
212
211
205
208
208
206
208
207
204
199
184
196
195
199
201
202
195
196
199
193
196
199
197
199
205
206
205
206
210
210
197
193
190
190
173
166
174
168
155
165
133
146
145
141
148
147
146
144
152
150
147
154
141
146
147
147
145
146
145
144
148
153
159
155
155
155
154
154
164
165
170
173
176
175
175
173
177
181
186
185
188
182
175
179
175
180
179
180
175
176
187
187
180
184
188
187
186
189
189
195
190
188
182
176
171
169
173
167
170
165
169
174
168
172
173
177
174
173
164
155
157
157
147
146
143
135
134
140
137
140
144
149
155
149
153
152
148
150
153
155
152
159
157
159
155
156
150
155
156
158
154
150
148
148
154
155
156
152
157
152
159
158
162
168
166
164
173
170
171
170
173
174
170
173
143
138
140
145
144
143
139
138
135
135
134
128
135
139
140
142
143
140
137
136
141
138
139
139
141
141
144
143
143
144
144
146
146
146
147
145
144
142
140
140
138
136
136
139
140
140
142
140
138
136
136
138
140
135
138
141
141
142
141
150
147
148
149
149
149
152
152
151
150
150
163
166
167
171
167
165
166
167
166
166
167
167
167
173
171
170
172
170
174
173
170
170
172
170
169
169
170
168
170
169
168
165
170
170
171
175
173
174
176
180
179
179
178
180
179
177
184
182
182
186
186
185
135
140
136
138
138
143
146
148
142
142
142
138
140
139
139
136
135
136
133
136
137
140
134
137
138
136
138
135
134
132
138
134
134
135
137
136
133
128
128
128
124
122
124
123
125
125
126
131
130
130
128
128
127
129
129
128
129
129
131
135
139
142
162
164
162
163
160
161
160
161
160
161
161
161
161
161
159
158
160
162
161
162
162
163
164
163
164
164
163
161
163
162
163
161
164
166
169
169
168
168
166
166
164
166
167
166
165
162
159
162
164
164
167
169
169
172
171
172
173
171
171
171
168
171
172
172
175
173
175
173
176
179
177
178
180
179
184
185
186
187
187
189
188
186
184
183
182
182
181
180
177
176
176
176
175
175
175
174
175
175
178
181
185
181
179
179
176
174
171
174
171
172
173
176
175
178
183
185
180
177
181
179
174
174
173
173
171
170
175
174
174
172
172
175
174
171
172
175
173
176
174
175
174
188
197
198
195
198
198
198
196
195
195
195
194
191
190
191
194
193
195
194
195
196
200
205
206
208
207
210
211
213
214
213
211
211
210
205
203
200
200
202
199
197
199
199
202
202
206
206
205
204
204
207
209
207
206
207
206
206
214
211
214
205
206
210
204
206
207
208
214
210
211
209
208
208
208
206
205
209
210
211
213
214
215
225
227
228
227
225
213
212
214
215
218
215
214
215
214
219
217
216
217
214
215
215
216
217
225
224
232
232
228
237
243
244
241
247
244
242
242
245
244
243
243
244
244
241
247
232
228
221
210
219
