18
18
18
18
19
20
22
22
21
21
21
21
20
22
22
22
23
23
23
23
23
23
24
24
25
22
24
23
23
23
22
22
22
23
23
23
23
22
21
21
22
22
22
22
22
21
21
21
21
22
22
23
22
23
23
22
22
22
22
22
22
22
22
22
23
24
24
24
23
23
23
22
22
22
23
24
23
23
22
22
21
21
22
21
21
21
21
22
21
21
21
20
20
19
20
20
21
21
22
23
23
23
24
23
23
24
24
24
23
23
23
23
23
23
23
23
23
23
23
23
24
26
27
27
26
27
27
27
27
27
27
27
27
27
33
35
35
35
36
34
35
34
35
34
35
35
36
38
38
36
37
37
36
36
36
36
36
35
36
37
37
37
38
39
41
41
40
38
36
36
37
37
37
38
39
39
38
38
38
39
40
41
40
41
38
39
40
41
40
35
37
38
39
40
44
45
48
47
46
47
48
49
48
48
47
47
47
46
46
47
47
46
48
47
49
49
50
48
49
50
52
51
51
51
50
51
50
51
52
53
52
55
57
60
60
64
62
64
64
65
65
65
63
63
65
66
65
66
64
64
63
63
66
66
65
66
67
65
66
61
62
65
67
70
67
66
63
65
67
67
66
64
64
65
65
62
63
63
65
64
63
59
55
52
52
52
50
54
55
54
52
50
50
49
52
47
46
44
43
44
45
48
49
48
47
46
46
48
47
49
51
53
54
52
50
53
55
54
50
51
49
50
50
47
48
48
49
49
50
49
49
51
53
53
52
53
54
54
53
53
54
55
56
56
56
57
56
56
56
56
57
57
56
56
54
52
51
51
51
51
49
47
46
47
48
48
48
48
47
47
49
48
48
47
48
47
48
48
48
49
48
50
52
52
52
52
52
50
51
54
55
54
54
54
54
53
52
52
52
51
51
50
49
48
49
48
49
49
47
48
49
49
49
51
49
48
47
48
47
47
48
47
46
46
46
47
52
50
51
53
53
55
55
57
58
59
65
67
68
68
68
69
69
71
71
72
71
69
70
70
70
72
72
76
73
76
76
74
75
74
74
76
76
79
77
75
75
72
73
76
77
76
76
70
72
74
74
73
74
74
73
72
75
73
73
74
75
76
73
74
77
78
77
79
82
84
82
81
80
79
75
74
74
74
77
75
77
75
76
78
79
80
82
83
81
86
87
85
89
88
90
92
90
89
90
90
90
90
92
92
93
97
95
94
93
90
90
96
93
92
90
88
89
90
92
92
94
99
99
101
102
104
107
110
108
108
107
102
100
100
99
99
100
99
101
104
104
104
106
105
107
107
108
108
110
108
107
108
108
108
112
110
108
108
107
109
107
106
106
105
105
103
104
106
110
109
110
109
105
105
102
103
105
104
104
109
108
107
110
109
114
119
117
117
118
116
113
115
112
108
105
106
103
104
104
109
111
112
105
104
103
103
108
107
105
114
113
111
105
92
101
105
110
113
119
115
117
125
115
119
123
118
123
131
129
131
131
129
127
117
118
115
114
106
94
103
110
115
128
122
114
109
103
105
101
104
105
112
108
111
109
107
111
110
112
117
121
117
120
124
121
117
117
102
105
110
106
103
107
109
115
117
118
113
112
112
116
117
115
112
113
107
109
106
110
108
109
107
111
116
114
115
114
114
109
110
109
110
110
108
106
102
101
100
97
96
94
89
80
74
79
72
74
76
78
78
77
70
68
70
72
70
69
71
70
69
74
59
66
70
73
75
71
74
73
71
74
75
75
74
75
74
74
72
73
71
70
70
71
68
65
64
64
65
68
71
67
70
69
71
69
73
73
73
73
82
81
77
76
78
79
79
78
78
77
78
77
77
77
74
73
71
72
73
71
69
70
70
74
74
71
70
73
76
75
77
76
78
81
81
83
82
85
84
85
87
85
86
83
84
81
80
80
80
79
80
78
79
78
79
77
77
73
77
79
80
81
80
83
83
86
86
86
83
83
84
84
83
87
88
87
86
88
89
89
91
90
89
91
91
91
90
87
84
81
81
81
78
76
76
80
83
82
82
80
81
81
81
82
81
82
84
82
81
79
80
79
80
80
82
84
85
88
88
89
89
95
94
93
94
96
94
95
96
99
95
92
89
90
87
88
89
88
88
88
88
88
88
86
88
90
90
88
84
89
92
96
105
104
105
104
103
107
105
104
108
105
108
107
105
105
103
100
103
104
105
101
104
100
101
102
103
105
103
101
102
101
101
103
102
101
102
101
103
103
105
114
119
119
114
118
116
115
116
118
118
118
119
121
121
122
118
121
123
122
120
120
117
122
123
122
120
122
121
120
121
122
121
128
132
134
134
135
133
137
133
133
135
139
149
150
151
152
148
148
148
142
141
139
139
139
140
140
138
135
138
142
138
139
140
137
136
140
125
125
126
125
124
124
125
125
123
124
125
124
123
126
124
122
117
120
118
116
115
117
117
128
129
131
134
136
139
138
134
132
130
132
132
124
122
120
119
118
116
119
119
120
118
123
124
135
135
137
134
130
134
130
126
126
127
128
130
129
133
133
134
133
130
132
131
133
134
134
134
139
133
135
133
128
126
126
129
132
130
129
123
125
126
127
123
122
121
121
123
124
124
122
123
126
140
137
137
137
136
132
132
125
123
124
120
119
118
118
115
114
110
110
109
110
113
117
115
112
114
114
115
114
114
111
113
115
117
116
114
114
115
113
113
113
116
117
118
113
108
106
105
106
108
104
102
104
106
105
105
106
105
99
99
99
99
98
97
96
98
99
94
94
94
95
96
97
96
99
97
97
94
95
94
96
96
96
96
96
97
102
102
99
99
101
96
96
94
94
92
90
92
93
94
95
95
95
96
93
93
91
89
86
85
87
