63
62
61
62
61
61
62
62
61
62
63
62
63
64
64
65
67
68
68
68
67
67
67
67
66
65
65
66
65
65
66
65
66
65
66
66
65
65
64
65
64
64
65
65
65
63
64
63
62
63
63
64
56
57
60
61
60
60
61
61
61
60
60
60
60
59
59
60
60
60
60
59
58
58
58
59
59
59
58
58
57
58
59
59
58
58
58
58
58
58
59
58
58
58
58
59
60
60
62
63
62
62
63
63
63
64
64
65
65
65
65
64
64
65
64
63
63
64
64
64
64
64
64
64
63
64
64
65
65
65
64
64
64
63
63
63
64
62
64
64
63
64
64
64
64
64
64
66
66
66
66
67
66
65
66
67
67
67
66
67
66
66
67
66
66
66
66
66
66
66
65
67
67
67
67
69
69
69
69
69
70
71
71
72
72
72
71
71
72
72
72
72
72
73
73
73
74
74
74
73
73
72
73
73
74
74
74
74
74
75
75
76
75
74
75
75
75
74
76
76
76
76
76
76
77
77
76
76
76
76
77
77
77
76
75
76
76
76
78
76
75
75
73
73
73
73
73
73
71
71
71
71
72
71
72
69
71
72
73
74
75
77
78
81
78
77
79
79
81
80
81
82
82
81
81
80
80
80
80
80
82
79
79
79
77
78
78
78
79
79
79
77
75
75
75
73
73
73
74
74
74
75
74
75
75
76
75
75
76
76
75
76
74
74
75
75
76
75
75
74
75
77
74
77
79
80
80
79
79
79
79
79
79
80
80
79
79
79
79
79
79
79
82
80
79
80
80
81
81
81
80
81
81
81
81
81
80
81
81
81
81
81
81
82
82
82
82
82
83
83
83
83
80
81
81
80
81
81
82
82
82
83
84
84
84
85
85
85
83
83
83
83
84
83
83
83
82
84
84
84
84
85
84
84
84
85
86
86
86
86
86
85
85
87
87
85
85
86
84
82
84
82
80
80
78
78
80
81
82
83
83
84
85
85
86
86
89
88
88
89
89
89
89
90
90
90
90
91
91
91
91
95
92
92
92
93
93
94
93
93
94
93
91
93
93
91
93
93
92
93
94
94
95
95
95
94
93
93
92
90
91
88
89
90
88
88
85
86
85
87
86
87
89
89
88
89
87
88
88
89
90
90
91
88
88
89
89
90
90
90
90
95
97
96
97
98
97
98
98
97
98
98
98
97
95
95
96
98
99
99
100
100
101
100
100
97
97
98
97
97
98
97
98
97
98
98
98
98
98
97
97
96
97
99
100
102
101
101
101
101
100
101
101
100
100
101
102
102
102
103
104
102
103
104
104
105
106
105
105
105
105
106
106
107
105
105
104
105
108
105
104
103
104
104
104
105
106
104
103
104
102
102
102
102
100
101
102
104
105
105
106
106
107
108
107
106
106
107
108
106
105
105
105
106
105
105
106
107
104
103
104
104
105
105
105
106
106
105
91
82
87
83
84
85
85
83
86
86
85
87
88
87
87
89
89
89
87
85
86
85
86
87
89
87
86
88
89
87
90
91
91
91
92
93
93
91
91
93
94
94
95
94
98
98
98
98
98
98
98
97
98
99
98
98
97
99
99
98
97
97
97
97
106
103
100
100
100
100
101
101
99
98
99
98
98
98
96
96
97
98
99
97
96
96
98
98
97
99
99
98
94
95
94
94
95
94
95
95
92
91
93
90
93
93
93
92
92
92
93
95
95
95
96
96
91
90
91
88
93
94
96
98
97
98
98
96
99
101
95
98
99
98
98
98
99
99
100
99
100
99
99
100
101
101
102
102
101
102
102
103
103
104
105
104
104
104
104
104
103
103
104
103
103
104
104
104
102
102
105
104
103
100
101
101
101
100
100
101
102
103
102
102
102
104
102
102
102
104
105
103
105
107
108
106
107
108
107
108
109
107
106
106
105
107
106
106
106
108
108
108
104
104
105
107
109
112
112
112
113
115
116
116
117
117
117
115
115
113
114
114
114
114
114
113
112
111
111
109
110
110
112
112
112
113
113
113
113
113
113
113
113
113
108
110
110
110
111
111
111
113
112
111
111
110
109
107
107
108
109
109
110
110
111
110
109
109
110
110
110
110
109
110
108
109
108
108
107
107
108
107
108
108
108
108
109
110
108
108
108
109
109
107
108
105
107
108
104
110
109
112
110
111
111
114
115
116
116
116
116
116
116
114
113
114
115
114
116
118
117
116
118
118
118
117
119
118
117
117
117
117
115
115
114
115
115
116
117
116
116
116
117
117
117
116
116
117
118
120
120
119
118
118
118
117
119
118
118
112
117
117
118
118
119
119
119
119
120
119
126
127
126
126
124
125
126
126
125
126
126
125
125
125
125
124
124
124
121
121
120
119
119
118
118
116
116
116
117
116
118
119
118
118
118
118
118
120
119
118
119
119
119
123
126
126
126
126
126
126
126
126
126
127
127
126
128
127
125
125
126
128
140
138
138
138
140
141
141
143
142
142
142
143
139
140
140
139
139
140
141
141
140
140
138
138
135
135
134
134
132
131
132
132
132
133
133
133
133
133
133
135
135
135
137
137
137
136
136
138
137
137
138
136
136
136
136
137
137
138
137
138
134
134
136
138
135
136
137
137
138
140
142
141
142
141
141
142
143
142
141
142
142
144
145
146
144
146
145
144
143
142
142
142
142
143
142
144
144
144
144
147
146
145
146
145
146
149
147
148
150
151
153
152
152
151
152
154
153
153
152
152
153
154
155
154
156
157
152
152
151
154
155
156
155
156
157
155
154
156
156
155
155
156
157
157
160
161
160
159
158
157
159
159
158
158
158
159
163
164
164
164
164
163
165
164
164
165
168
169
169
168
169
170
170
169
168
164
163
155
160
