52
53
53
53
53
53
53
54
53
53
53
51
51
52
52
52
52
54
53
54
54
55
55
55
56
55
55
55
56
56
56
56
55
54
55
55
54
54
54
54
55
56
56
56
56
54
54
54
54
54
53
54
54
55
54
54
53
52
53
54
55
55
55
56
56
56
57
57
57
58
58
58
57
57
58
57
57
58
58
58
57
56
57
58
57
57
56
56
57
57
58
56
55
55
54
55
55
55
56
56
55
57
58
58
58
59
59
59
59
58
59
62
63
62
61
60
61
61
61
61
62
62
62
62
61
62
61
61
61
62
61
60
61
60
60
61
62
61
60
59
59
60
60
60
62
62
62
63
65
64
63
65
64
65
65
65
65
65
66
66
65
65
65
65
65
65
65
64
63
64
65
65
65
64
63
67
67
68
68
68
68
68
67
68
67
68
68
68
68
68
67
68
67
68
68
68
69
68
68
68
68
69
70
70
71
57
55
56
56
57
56
57
57
56
57
57
58
58
59
59
60
61
61
61
61
62
61
61
62
61
62
62
62
62
62
62
63
63
63
62
61
60
58
59
59
59
58
59
57
59
58
58
60
58
57
58
58
59
59
59
60
59
60
60
60
61
60
61
61
61
62
62
61
59
59
57
57
58
59
58
59
59
58
58
56
56
57
59
57
58
58
56
55
55
56
55
55
55
58
58
58
58
59
60
59
59
59
59
60
60
60
59
59
59
59
59
59
59
58
57
57
58
57
57
57
59
59
60
60
60
60
59
60
61
62
62
62
62
62
62
63
63
64
64
64
63
62
63
62
63
63
63
63
63
62
62
61
61
62
62
62
62
61
62
63
64
64
63
63
62
62
60
59
59
59
58
59
59
60
60
61
61
61
61
62
62
62
62
62
62
61
61
61
61
61
60
60
60
60
59
60
60
60
59
60
60
60
59
58
58
58
57
57
57
56
55
56
57
57
56
57
56
55
54
53
53
56
56
58
57
58
60
60
61
62
61
62
63
62
62
62
63
64
64
63
63
62
62
63
63
62
64
64
64
64
63
63
63
63
64
63
63
62
63
63
62
62
61
61
63
64
64
64
64
65
64
64
65
63
63
62
62
62
63
63
63
61
62
61
62
62
64
64
65
64
65
64
66
66
67
68
67
67
67
67
67
67
68
68
68
68
68
69
68
68
68
68
67
67
67
67
67
67
67
66
66
67
68
68
68
68
68
68
68
68
67
67
68
68
68
67
67
68
67
67
68
68
68
69
69
68
68
68
67
69
69
69
69
69
67
66
67
67
66
67
68
67
67
68
69
70
70
71
70
69
70
69
69
69
69
69
69
69
69
69
69
69
69
69
70
69
69
69
69
69
69
69
69
69
68
68
68
68
68
67
67
67
67
67
67
67
68
69
68
68
69
68
68
67
66
62
61
61
61
61
61
60
60
60
61
61
60
61
61
61
62
62
60
59
53
58
56
56
56
56
54
54
54
53
54
55
54
54
55
55
56
57
54
55
54
54
52
53
52
51
51
51
50
52
53
54
54
55
55
54
54
54
54
53
53
55
54
56
57
58
57
58
59
59
60
60
60
60
60
59
59
58
57
57
58
58
58
59
59
58
59
58
58
59
59
58
58
58
57
55
55
54
55
54
54
54
53
53
53
55
56
56
56
56
55
54
55
54
52
52
52
52
53
52
51
52
50
49
49
50
49
50
51
50
51
50
49
50
51
50
50
50
49
50
52
52
53
52
52
54
53
56
57
57
56
57
57
57
58
58
57
58
58
60
59
59
59
61
61
61
62
61
61
61
62
62
61
62
61
60
60
60
61
61
62
64
64
63
64
64
64
64
64
67
66
66
65
66
66
66
65
65
65
66
66
66
66
66
66
65
65
64
64
65
66
67
66
67
66
66
66
66
66
66
65
65
64
63
64
64
65
66
66
66
66
63
62
60
61
62
64
64
63
64
65
66
66
67
68
68
68
67
67
67
67
67
68
64
66
66
66
66
66
67
68
68
68
68
68
68
68
68
67
67
67
67
67
68
67
68
68
68
68
68
69
68
66
67
66
63
65
64
64
63
64
65
64
66
66
64
65
67
67
67
68
68
67
68
69
68
66
65
65
66
66
66
65
65
65
66
66
66
67
67
67
67
67
67
67
70
71
72
75
75
76
75
75
75
74
75
75
76
76
76
74
76
75
75
75
75
76
78
79
78
78
77
78
77
77
77
77
77
76
77
77
76
76
76
76
76
75
75
75
76
77
77
77
77
77
79
78
79
80
80
80
79
79
77
78
78
79
80
80
80
81
81
82
82
82
81
81
81
82
81
81
81
80
81
80
79
79
79
79
79
79
79
79
81
81
82
82
79
80
80
78
79
79
80
81
82
81
82
82
82
83
83
84
82
82
82
82
82
83
84
85
87
89
89
89
89
89
89
90
90
90
89
88
88
88
89
88
87
89
90
89
89
89
89
89
89
90
90
89
89
89
88
88
88
88
90
88
90
93
92
92
91
91
91
91
91
92
91
92
91
92
92
93
94
94
94
93
93
93
93
93
92
91
92
89
87
88
89
87
86
87
87
88
88
87
87
85
86
86
86
86
85
85
85
83
85
84
85
83
84
86
86
85
85
84
85
88
89
90
87
90
90
91
89
89
89
89
89
89
88
88
89
90
90
91
91
92
92
91
91
92
92
91
91
91
92
93
94
91
92
90
91
89
89
88
87
86
86
86
85
84
84
85
84
84
85
85
85
85
85
84
85
87
86
87
87
85
84
86
88
88
88
86
87
87
87
87
88
88
90
90
89
89
90
90
89
90
91
90
91
91
91
92
92
90
90
91
91
91
92
93
92
94
93
93
94
96
95
89
92
