191
192
191
190
190
190
189
192
184
191
192
189
189
191
184
184
178
175
173
171
171
172
171
171
162
155
162
161
170
163
163
163
165
163
164
162
165
166
163
164
165
166
167
171
170
171
169
169
156
162
158
156
160
161
163
163
164
163
166
168
167
163
163
164
166
162
163
161
160
161
160
162
155
164
168
166
166
168
166
166
166
167
169
170
169
167
164
168
168
168
170
169
167
166
169
166
169
167
170
167
167
168
168
143
139
141
143
143
142
141
139
122
131
132
131
127
125
132
130
129
130
130
131
131
131
130
132
131
130
129
128
128
126
129
128
129
131
130
130
129
129
128
129
128
129
128
128
128
126
125
124
126
125
125
124
124
124
124
126
123
122
122
125
124
123
120
121
127
128
131
128
129
134
131
134
123
126
124
122
126
123
123
125
126
125
125
124
127
125
127
126
130
131
132
132
131
131
131
132
131
130
130
127
125
126
126
125
122
124
127
125
126
126
122
122
121
120
119
120
120
122
124
124
125
127
127
128
127
124
124
125
127
129
137
147
140
138
139
148
146
146
137
137
136
135
139
137
135
134
136
138
138
139
141
143
146
144
147
147
147
146
145
146
146
146
148
147
152
150
149
149
148
147
144
145
142
141
142
143
144
148
144
141
142
141
143
145
162
168
173
178
168
167
147
153
150
147
142
142
138
137
143
129
125
123
123
124
120
122
124
120
121
120
117
117
118
122
121
124
122
124
123
122
122
122
122
124
122
125
123
123
123
124
123
124
124
126
127
131
132
137
134
135
135
135
134
135
135
137
141
137
136
134
135
132
129
127
128
130
128
128
126
127
127
131
147
152
155
158
155
156
155
153
151
151
149
150
148
148
149
150
152
155
154
155
157
156
157
158
156
159
156
157
158
158
158
155
156
158
155
156
156
159
156
158
158
160
155
151
153
155
152
153
155
154
155
157
163
161
161
163
159
156
157
152
151
155
160
161
167
161
162
158
160
161
162
165
162
165
166
168
170
166
170
171
171
172
170
170
172
171
173
172
173
168
172
172
172
171
171
170
167
170
171
168
167
168
167
166
172
174
178
179
176
177
177
175
176
177
174
174
175
176
177
174
177
174
178
174
178
173
173
171
172
171
168
167
167
167
169
169
169
171
170
168
166
167
169
170
171
170
170
170
171
170
170
169
167
169
168
167
166
164
163
162
166
166
165
168
169
169
171
170
169
168
165
165
167
168
167
169
168
172
170
171
171
177
180
179
179
179
181
185
177
172
168
169
167
168
166
165
167
165
165
163
164
165
164
165
167
168
168
168
168
164
165
165
162
164
162
164
167
166
166
166
165
163
166
167
165
164
164
164
164
165
166
166
166
164
166
164
163
162
163
159
160
160
162
162
160
166
164
164
163
163
166
187
183
176
180
180
180
180
180
177
175
176
177
175
178
177
176
176
176
176
178
177
174
170
161
167
169
171
171
171
167
170
171
169
172
174
170
170
172
170
171
172
172
171
167
165
163
164
158
155
153
153
151
156
156
154
155
156
156
151
152
152
155
156
159
173
167
166
167
165
166
166
167
166
168
167
167
165
167
166
168
167
166
166
167
166
169
169
172
172
172
173
174
174
174
173
170
173
173
171
171
173
174
177
180
181
178
179
181
182
183
182
183
185
184
182
183
182
182
180
180
182
187
183
180
186
184
186
190
188
183
182
179
176
180
180
181
181
184
177
169
170
171
174
179
179
180
180
183
182
181
185
187
189
188
189
190
191
190
189
190
191
192
193
196
194
196
189
194
193
197
194
195
194
203
200
198
202
206
204
209
207
208
209
209
209
208
208
209
215
215
210
211
213
211
209
209
209
209
205
206
205
206
209
209
210
211
210
211
207
207
208
211
211
213
213
213
213
211
210
213
212
212
212
213
214
212
214
216
215
215
216
216
215
218
214
214
211
214
219
221
222
222
223
226
227
226
226
226
226
224
223
237
232
229
229
230
229
228
230
231
232
231
229
232
231
232
232
231
231
231
230
229
227
229
229
232
232
228
229
228
229
230
229
231
230
230
229
228
225
226
224
224
229
231
232
233
236
239
236
236
240
241
239
241
239
239
239
240
240
241
237
236
240
238
239
235
227
227
228
228
226
222
221
222
224
223
223
224
226
226
221
217
211
207
209
214
214
218
219
219
214
216
219
216
217
214
212
212
212
207
206
207
208
212
213
212
213
213
213
211
211
213
214
213
212
213
212
213
210
211
212
214
225
226
223
222
221
221
220
219
219
225
232
228
229
229
230
231
233
233
235
234
234
235
235
237
237
238
239
242
243
244
244
246
244
246
247
247
247
244
244
242
247
244
243
246
250
249
249
251
249
249
250
252
256
254
255
255
255
255
254
254
255
255
255
254
255
256
256
267
269
271
272
274
275
278
279
280
279
282
282
283
283
280
281
281
282
281
286
285
284
288
292
298
299
301
304
302
306
305
308
307
306
310
312
312
304
302
306
300
300
306
313
314
318
317
317
314
313
315
312
314
309
311
313
314
316
317
317
313
318
316
318
323
322
309
317
315
315
310
315
313
313
310
313
310
311
311
313
310
317
322
329
329
325
327
328
331
329
330
327
327
327
332
334
336
341
341
344
348
348
347
347
347
347
348
348
349
343
345
341
340
341
343
350
355
359
364
362
364
357
357
364
363
358
356
357
355
357
372
373
372
374
374
374
376
377
378
381
383
386
391
392
390
389
391
390
391
395
392
396
398
397
399
404
402
398
399
400
370
369
382
387
378
374
370
370
364
372
371
367
368
361
362
366
368
369
368
377
386
381
379
394
424
422
419
422
424
431
434
435
434
442
442
438
442
433
430
433
423
416
391
407
