50
50
49
49
49
49
49
49
49
48
49
49
49
49
49
50
51
52
52
51
51
52
52
52
52
52
53
53
53
54
54
53
53
53
55
55
55
54
53
54
54
55
58
57
57
56
56
56
56
56
57
57
57
57
57
57
58
56
56
56
56
57
58
57
58
57
58
59
58
58
58
58
56
56
57
57
57
57
57
56
56
56
58
58
56
57
57
57
58
58
59
57
57
57
57
57
57
58
57
58
57
58
60
60
60
61
61
61
61
60
60
60
60
61
61
61
61
60
61
60
61
58
57
57
58
57
58
58
59
60
59
58
58
58
58
58
59
58
58
58
58
59
58
57
57
58
57
58
58
58
58
57
57
57
58
60
58
59
60
59
59
59
60
60
59
60
60
59
59
58
59
59
59
59
59
60
61
61
61
61
61
61
61
61
60
59
59
59
59
59
58
60
61
61
62
63
64
64
65
64
64
65
64
65
66
65
65
65
66
66
67
66
67
65
66
68
67
67
68
68
69
69
70
71
70
71
71
70
70
69
69
70
69
70
69
69
71
69
70
70
69
69
68
68
69
69
70
70
66
67
63
63
65
65
66
66
67
67
66
66
66
66
68
68
69
69
69
70
71
72
72
73
73
72
73
72
72
73
73
72
73
72
72
71
69
68
68
70
70
70
70
68
67
67
67
66
66
67
67
67
68
68
68
68
67
66
67
68
73
74
74
73
72
71
70
70
71
70
69
68
70
70
71
70
68
71
71
71
71
71
71
71
73
72
72
72
71
71
70
70
70
70
70
69
70
69
69
69
69
70
71
72
71
71
71
71
70
70
72
71
71
70
70
70
70
70
70
70
70
69
69
69
68
69
71
72
71
71
72
73
72
73
73
72
73
73
74
74
75
74
74
74
74
75
75
75
75
76
76
75
76
77
77
76
76
76
76
75
74
73
74
73
72
74
73
73
74
76
75
74
74
74
73
73
72
71
73
74
75
76
77
76
77
78
79
86
81
81
81
81
82
85
83
84
84
86
86
86
87
86
84
85
84
85
85
84
85
85
85
85
85
85
82
84
84
84
83
84
83
86
87
86
86
86
86
85
85
85
85
83
82
82
83
84
84
84
82
83
82
84
84
85
86
85
85
85
85
85
84
83
85
82
79
79
78
78
79
80
81
81
82
83
84
84
84
84
83
83
82
82
82
81
81
81
80
80
80
80
81
81
82
82
83
84
83
81
81
83
84
84
83
83
84
84
84
85
84
84
84
84
84
84
84
83
83
84
83
83
83
83
83
84
85
84
84
86
85
84
85
86
88
87
88
88
88
87
87
87
89
88
88
86
87
87
86
87
86
86
87
87
86
86
88
88
88
88
89
89
88
88
87
86
86
86
86
87
86
86
87
87
87
87
87
88
87
87
86
87
87
86
86
86
86
88
88
89
90
92
90
91
90
90
91
91
91
92
91
90
88
82
85
84
86
86
87
84
84
85
84
86
87
85
85
86
86
87
88
87
88
87
88
86
87
86
84
85
84
82
84
84
84
84
85
86
86
86
85
86
86
87
87
87
89
88
88
88
89
91
91
90
90
88
86
86
87
88
87
86
85
86
86
88
88
89
90
91
92
93
94
94
93
91
91
90
93
90
89
88
89
90
91
90
89
88
90
91
91
92
92
91
90
88
88
87
87
86
86
87
84
84
87
83
83
83
85
84
85
84
85
87
88
87
83
84
82
79
81
80
81
81
82
83
82
83
83
82
81
83
83
83
84
84
84
85
85
84
84
84
83
83
84
85
85
85
86
87
86
86
87
88
88
89
91
90
89
89
89
88
87
88
88
87
88
89
89
89
88
88
88
88
88
87
87
88
87
89
96
97
96
98
98
98
97
98
97
97
98
99
99
101
101
102
103
101
102
102
103
102
102
101
101
100
100
101
100
100
100
100
99
99
97
95
93
94
95
97
97
97
98
98
99
99
99
99
99
98
98
98
99
99
99
99
100
100
99
100
100
99
96
96
95
94
95
95
94
94
93
91
91
91
91
91
91
90
91
91
92
92
91
92
91
91
91
90
88
89
89
89
90
90
90
89
90
90
89
90
90
89
88
88
89
88
88
88
88
88
88
88
89
88
88
88
88
87
89
88
86
86
85
85
86
86
94
95
95
95
97
100
100
101
101
101
103
104
103
104
104
104
104
103
104
103
101
101
101
102
104
105
104
103
104
103
104
103
104
103
104
103
102
102
102
102
101
100
99
92
97
96
97
99
100
102
100
99
99
99
100
101
101
102
100
100
100
97
100
100
99
99
99
101
101
100
101
103
102
103
103
102
102
104
104
104
104
103
103
103
103
104
105
109
109
109
112
111
111
112
109
110
110
108
109
110
108
109
108
109
109
110
110
110
110
110
109
109
110
111
112
113
114
114
113
114
114
115
114
114
114
113
113
113
114
113
113
113
114
113
111
113
113
114
114
117
118
118
118
120
121
121
121
121
120
120
118
119
121
121
123
123
124
123
123
123
124
124
123
124
124
124
124
125
125
126
126
127
127
126
127
127
128
129
127
128
129
129
130
128
128
129
128
127
128
127
122
122
119
118
118
118
117
119
120
120
119
119
119
119
119
118
118
120
121
120
121
122
122
125
126
126
126
122
122
123
124
124
123
124
124
125
123
123
124
125
125
123
123
123
124
124
124
124
124
124
122
122
124
126
125
123
124
125
125
125
126
124
120
118
118
119
118
117
117
116
117
118
118
117
118
117
116
117
118
120
119
121
121
121
121
120
121
120
120
121
122
121
124
124
123
124
124
123
124
124
124
123
125
125
127
130
131
128
128
130
131
131
132
135
137
139
140
141
140
142
139
140
139
138
135
120
123
