62
63
63
63
64
64
65
64
63
62
62
60
60
62
61
61
62
63
63
63
62
62
61
61
61
62
62
63
63
63
62
61
61
61
61
61
61
61
61
61
62
62
63
63
63
62
62
61
61
61
62
63
64
65
65
65
64
64
65
66
66
67
68
68
68
68
69
70
70
71
71
71
70
70
71
70
70
70
70
71
70
69
70
71
70
71
69
70
71
71
71
70
70
67
68
68
69
70
70
70
69
69
70
71
71
72
72
72
72
72
72
73
74
73
72
71
72
72
72
72
73
73
74
73
73
74
73
73
74
74
73
72
72
72
72
72
73
73
72
71
71
72
72
72
73
73
73
74
74
74
74
75
75
76
76
76
76
76
78
77
77
76
76
76
75
75
75
75
74
75
76
76
77
76
76
77
77
78
78
79
79
78
79
79
79
79
79
79
80
79
78
79
79
79
80
80
80
79
80
79
79
80
79
80
79
79
79
78
78
79
80
80
80
79
79
79
80
80
81
82
82
83
84
84
83
84
84
83
84
83
83
82
82
82
81
82
82
83
83
83
82
81
79
80
80
79
78
79
77
77
78
79
79
79
79
78
78
79
80
80
81
82
82
82
82
82
82
83
83
83
83
82
82
82
82
81
81
82
82
80
81
81
81
82
81
80
81
82
82
83
84
83
82
82
83
81
82
82
83
84
84
86
85
86
85
85
85
85
85
85
85
85
85
86
86
87
88
87
86
86
85
86
86
86
86
87
87
87
86
87
87
87
87
88
88
89
89
88
88
88
87
88
88
89
89
88
88
88
88
88
88
87
88
88
87
87
86
86
86
86
87
86
85
85
86
86
86
85
85
84
84
84
82
82
82
82
83
83
85
85
85
86
87
87
88
88
89
89
89
89
88
88
88
88
89
88
88
88
88
88
88
88
88
88
89
89
89
89
87
87
86
84
85
85
84
83
83
84
83
82
83
81
81
80
80
80
84
83
86
87
87
87
88
89
90
89
91
91
91
91
92
93
93
93
93
93
93
94
94
95
94
96
96
96
96
96
95
95
95
97
96
97
95
96
95
94
94
92
92
94
95
96
97
97
97
97
96
97
95
94
93
92
93
94
94
94
92
93
92
94
93
94
95
94
93
94
92
93
94
95
96
96
97
97
97
97
97
98
98
98
98
98
99
99
99
100
99
99
99
99
98
98
98
98
97
97
98
98
99
98
99
100
99
98
98
96
96
97
97
97
96
96
98
98
97
97
97
98
100
99
97
96
96
94
94
95
95
95
94
94
94
95
96
95
95
96
96
96
96
96
98
97
97
97
97
97
97
96
96
95
94
94
95
94
93
93
93
93
95
94
93
92
93
93
93
93
94
93
94
93
92
92
92
94
92
93
93
93
93
94
94
94
94
93
93
93
93
90
89
88
88
89
89
90
89
89
89
90
89
90
90
92
89
89
89
90
89
88
87
80
85
82
84
84
84
82
83
84
82
83
85
83
83
84
83
84
86
85
85
83
84
82
83
81
81
82
82
80
83
86
86
86
88
88
87
86
85
86
84
84
84
86
90
91
90
90
92
92
92
93
93
93
93
92
91
92
91
90
89
91
91
92
93
94
93
93
93
93
94
94
93
92
94
93
92
92
92
92
93
93
94
92
92
93
93
94
94
94
94
93
91
91
88
85
85
84
84
84
83
81
82
80
82
83
84
82
88
87
89
88
89
90
90
91
89
89
91
89
90
93
94
95
95
96
96
94
95
96
95
95
96
97
97
97
97
97
97
98
98
97
98
98
101
101
101
102
101
101
100
102
103
102
103
102
102
102
104
103
103
105
105
105
104
106
105
105
105
104
105
106
105
104
104
105
104
104
103
104
104
105
105
104
103
104
104
103
103
103
104
105
105
105
105
105
106
107
107
108
109
109
108
107
105
106
105
105
107
107
106
106
103
101
99
102
102
104
104
103
105
107
109
110
111
111
111
111
110
112
114
114
115
115
116
115
115
115
115
115
115
116
117
118
118
118
119
119
119
118
119
119
119
120
120
119
120
120
120
120
119
124
121
120
119
118
115
117
116
116
117
117
118
119
120
119
118
118
119
120
120
119
120
120
119
119
118
116
115
116
117
116
117
116
114
112
114
113
112
114
114
114
114
112
114
114
115
117
116
122
123
124
123
125
124
124
123
124
124
125
125
125
126
126
125
126
126
126
128
126
127
127
126
124
125
125
127
126
125
125
125
125
123
123
124
123
123
122
123
122
122
123
123
123
123
124
124
124
124
129
129
128
129
128
127
127
128
127
128
127
127
128
128
129
129
130
129
130
130
130
130
131
132
133
135
134
134
134
134
134
134
134
134
134
135
135
136
136
133
134
133
131
132
132
132
132
133
132
132
131
131
132
132
133
131
131
131
133
133
135
139
139
140
139
139
138
138
137
138
139
139
139
139
138
138
138
138
136
135
137
138
138
139
140
140
140
141
143
144
144
144
143
144
145
146
145
147
145
149
149
149
150
146
146
146
145
143
144
142
144
144
145
145
146
146
147
146
145
145
146
147
147
147
143
143
142
140
141
141
142
140
142
142
142
142
141
141
138
140
139
140
139
136
136
136
137
137
137
137
136
137
137
138
137
137
137
138
141
142
142
143
145
146
147
148
148
147
147
147
148
147
147
148
150
150
150
151
152
152
152
151
154
153
153
153
153
154
149
157
158
159
158
158
158
157
155
157
158
158
157
157
156
156
157
158
156
157
158
159
159
160
160
161
164
166
169
167
167
165
166
167
167
165
164
164
164
166
166
168
169
168
168
167
167
167
167
165
165
167
166
168
169
167
169
171
171
171
171
172
173
176
174
176
179
176
176
173
172
170
158
164
