68
69
68
68
67
68
67
67
67
66
67
66
67
70
70
69
70
71
70
70
69
69
70
74
74
73
74
74
74
74
76
74
73
74
74
74
74
73
72
74
74
74
75
72
72
71
71
70
70
70
72
70
70
71
72
72
71
70
70
71
72
73
72
72
72
72
73
74
75
75
75
76
75
75
75
75
75
74
73
73
71
71
71
73
72
73
71
72
72
72
73
72
71
69
69
70
71
71
73
73
73
74
75
75
76
77
76
74
77
75
75
75
75
75
75
74
74
74
75
75
76
78
77
77
76
75
76
75
76
76
74
73
73
73
73
73
74
75
74
73
73
73
73
72
73
73
73
74
74
74
75
76
74
74
74
74
75
74
73
73
72
72
74
73
73
72
72
72
71
71
73
74
73
73
73
75
76
76
75
75
75
75
75
75
75
75
79
76
74
74
73
73
73
73
73
72
74
73
73
72
73
74
75
75
75
76
76
75
76
77
77
77
76
75
75
74
76
75
76
76
77
77
77
78
78
77
77
77
78
77
77
77
78
79
78
78
79
77
79
80
78
78
76
74
74
75
75
75
73
73
74
74
73
73
73
73
73
73
74
72
72
72
72
72
71
71
71
72
72
73
74
74
74
73
73
72
72
72
71
71
70
70
70
70
70
70
70
72
73
74
74
73
72
73
73
72
74
75
75
76
76
76
77
76
76
76
76
76
76
77
76
76
76
77
76
76
77
77
77
77
77
78
77
77
78
78
77
78
78
77
77
77
77
77
77
77
77
76
75
76
75
76
76
77
77
76
75
75
73
74
74
73
74
74
74
74
73
73
74
73
79
78
78
78
78
79
79
79
79
79
78
78
77
76
76
76
75
75
76
76
76
76
76
76
77
77
76
76
76
77
76
75
76
74
76
76
77
77
77
76
75
75
74
75
75
74
74
74
73
73
72
73
74
74
74
73
75
76
74
73
74
73
72
74
73
73
75
75
75
77
77
78
77
79
79
79
79
79
80
83
81
79
80
80
80
81
80
80
80
80
80
82
82
82
82
82
82
81
81
81
82
81
80
81
80
80
83
82
82
84
84
84
85
85
85
85
85
85
85
83
82
81
81
82
81
80
78
79
78
80
81
83
83
83
82
82
80
80
80
81
82
82
83
82
82
81
81
82
83
83
83
83
85
86
86
86
86
85
85
84
84
84
85
84
85
87
86
87
89
89
90
89
90
89
88
85
85
85
85
85
85
84
85
85
86
87
88
89
92
92
91
92
92
92
92
92
91
89
89
88
88
88
88
87
87
88
88
87
86
87
88
88
89
88
87
86
85
85
85
84
84
83
85
86
85
86
85
86
86
86
86
85
85
85
87
87
87
87
85
84
84
84
82
83
82
82
83
84
84
85
86
85
85
84
85
83
84
83
82
82
82
83
83
84
84
84
85
84
82
81
80
80
80
80
80
80
79
79
77
73
76
74
73
73
73
72
72
74
74
76
77
76
76
77
76
78
78
77
77
77
76
75
74
74
72
72
71
71
73
73
74
74
76
76
75
73
75
75
75
76
77
77
78
78
77
76
76
77
76
76
76
76
75
76
76
76
74
74
74
75
76
78
78
77
77
78
78
79
78
79
78
77
78
75
73
74
73
73
74
73
74
72
71
71
73
72
73
73
73
73
72
71
71
70
69
69
69
68
66
64
66
64
68
68
69
69
71
70
70
72
73
72
72
75
74
75
75
73
74
75
76
77
77
78
77
76
76
78
78
77
78
77
79
79
79
79
80
81
82
82
81
82
85
86
86
86
86
86
82
85
84
84
85
84
83
83
83
84
84
85
86
85
84
88
88
89
86
86
85
85
86
84
83
83
83
83
82
83
84
85
84
82
81
81
81
79
81
81
82
81
81
82
82
82
82
82
82
82
83
83
81
81
80
80
79
79
81
78
80
80
78
79
78
79
80
81
81
80
82
83
85
85
86
86
86
83
81
81
81
82
83
84
84
83
83
83
82
81
82
82
82
82
82
82
82
83
82
82
83
82
83
83
82
82
81
80
81
80
80
81
81
80
80
80
78
79
80
80
81
82
82
81
81
80
78
78
79
79
81
81
81
81
81
81
81
81
81
81
80
76
79
79
78
77
79
79
79
81
81
81
82
82
82
81
81
83
84
86
88
90
91
91
91
91
92
92
91
93
94
93
94
95
97
97
98
98
100
101
99
100
99
99
98
97
98
98
97
97
98
98
97
98
98
97
97
97
97
97
98
98
99
99
98
98
94
95
95
97
98
99
98
99
99
98
97
99
100
98
98
99
101
100
99
101
101
101
101
98
97
99
100
99
100
98
98
98
96
97
97
97
95
95
95
95
94
93
92
92
91
89
91
92
91
91
92
90
92
92
92
92
91
92
90
88
89
89
90
90
92
92
92
91
91
90
89
89
89
89
89
88
87
86
86
86
86
85
84
84
84
85
85
85
85
85
86
86
86
86
86
87
88
88
88
90
91
89
90
90
90
88
87
86
87
87
88
91
92
92
93
94
93
93
92
92
92
91
90
93
92
92
91
91
92
93
93
91
90
91
89
89
89
90
90
91
92
93
95
96
98
97
97
97
98
98
97
97
98
99
100
100
99
99
99
100
101
102
102
101
100
100
102
103
103
105
105
105
105
107
109
111
111
110
109
108
107
107
106
106
106
108
103
101
103
104
105
108
107
106
106
109
109
105
107
106
107
107
108
106
104
102
102
102
102
102
104
101
102
103
104
104
104
106
109
111
111
110
109
110
113
112
112
111
112
112
113
113
114
113
113
115
115
111
115
116
116
117
118
116
118
120
117
121
121
121
119
122
124
125
126
126
125
122
121
122
120
120
118
113
116
