75
75
75
76
76
76
76
77
76
76
76
76
76
76
76
77
78
78
78
78
78
78
79
79
79
79
79
79
79
79
80
80
81
81
81
82
83
82
82
81
81
82
82
82
83
82
83
84
84
85
85
86
85
85
85
85
84
84
86
86
85
85
85
85
86
86
87
87
87
88
88
89
87
87
88
87
86
86
84
85
84
84
85
85
85
85
84
85
85
86
86
84
83
83
85
86
88
87
86
87
87
88
88
89
89
90
90
90
91
91
90
90
92
92
93
92
92
93
93
93
94
94
94
94
94
94
93
92
92
93
90
89
89
91
89
89
88
88
87
86
86
87
87
86
87
87
87
88
89
89
89
89
89
89
90
90
89
89
88
87
87
86
87
87
87
87
87
87
86
87
89
89
90
90
91
92
92
92
92
93
92
92
93
93
93
92
93
93
93
93
93
94
94
93
93
94
94
94
95
95
94
95
96
95
95
94
94
94
93
94
94
95
94
93
91
91
91
91
92
92
93
92
92
93
92
92
91
91
92
93
94
95
95
94
95
95
95
95
95
94
94
92
90
91
89
90
89
89
87
86
88
89
90
91
93
92
93
93
92
92
92
91
92
91
91
91
91
92
93
93
93
93
94
93
94
93
93
94
94
94
95
95
96
98
97
98
98
98
98
98
99
98
98
98
99
96
97
98
100
99
99
100
100
100
100
101
102
101
101
100
99
100
100
101
101
101
101
101
101
101
100
101
101
101
101
101
101
101
101
102
102
102
103
103
103
103
104
103
103
103
102
102
103
104
105
105
104
106
105
106
105
106
106
105
106
106
105
106
105
105
104
102
101
101
102
103
102
102
102
102
102
102
100
100
100
100
101
100
102
101
101
102
102
102
103
103
103
104
104
103
104
103
103
103
104
104
104
104
104
104
105
105
105
104
106
106
108
108
108
108
109
107
106
106
106
104
104
106
104
102
105
102
101
101
96
97
98
99
100
101
102
103
103
105
105
105
108
108
108
109
109
109
108
109
109
109
109
108
108
108
109
109
108
107
107
108
108
108
109
108
108
108
108
108
106
107
105
103
103
106
107
106
107
104
105
105
105
106
105
104
104
104
106
106
105
105
104
103
102
102
101
102
103
102
102
102
102
102
100
101
102
102
102
101
100
100
100
98
99
101
100
100
101
100
101
101
103
103
103
102
102
102
100
100
100
99
100
100
100
100
101
102
102
103
102
100
100
101
101
100
99
99
100
100
101
101
102
101
101
100
99
100
101
101
100
100
101
100
101
100
100
100
100
100
99
100
101
101
101
101
102
102
104
104
103
102
101
101
101
102
100
100
100
100
99
99
98
98
99
99
98
98
98
99
100
101
100
100
100
99
99
98
98
99
98
99
98
99
100
100
99
100
101
101
100
101
100
100
100
99
99
99
100
100
100
100
101
100
99
100
99
98
99
98
98
99
99
99
97
91
96
93
96
96
95
92
93
94
92
93
95
92
92
93
94
94
95
94
94
92
93
93
93
91
92
94
93
92
94
95
94
95
95
95
95
95
95
98
98
98
98
98
100
100
100
100
100
102
101
102
102
102
102
101
101
102
101
100
100
101
102
103
102
102
102
102
102
102
102
102
102
101
103
103
102
102
102
102
103
105
105
103
102
102
103
103
103
103
104
103
102
101
100
99
100
98
98
98
97
96
98
96
96
97
97
97
100
102
103
104
103
104
104
103
100
101
102
100
102
102
103
103
104
104
105
103
105
107
105
106
107
107
107
106
107
107
107
108
108
108
108
107
107
107
107
107
108
108
108
109
109
108
109
108
109
109
109
109
109
110
110
110
110
112
113
113
113
113
113
113
112
112
112
113
112
112
113
113
114
115
114
114
113
115
114
113
112
113
113
113
113
113
113
113
113
114
115
116
116
116
117
117
116
118
116
117
117
117
117
117
115
115
117
119
119
122
121
122
123
123
123
123
123
123
124
123
125
126
125
125
125
125
125
125
124
125
126
125
124
124
124
124
124
124
123
123
122
120
121
120
120
120
119
119
119
119
121
120
119
119
120
120
119
119
118
118
118
118
119
118
118
118
119
119
119
118
119
119
118
118
119
119
118
119
120
119
118
118
118
118
117
116
115
114
114
114
114
115
116
115
115
116
115
115
116
116
120
121
119
119
116
117
117
116
115
115
112
114
114
113
112
111
112
112
112
112
111
111
113
116
116
115
116
116
116
116
115
115
116
116
115
116
116
116
116
117
116
116
116
114
115
114
115
115
114
115
113
112
112
112
113
113
112
113
114
113
114
113
113
114
115
115
116
117
118
118
119
120
122
122
122
122
124
123
123
123
124
125
126
126
127
127
128
128
128
128
127
126
126
125
126
125
125
124
125
125
125
125
125
125
124
125
125
125
123
122
122
122
123
123
124
124
124
123
124
124
124
124
124
123
123
122
123
124
127
127
126
127
127
127
128
127
127
127
127
128
129
130
130
131
131
130
132
132
133
132
134
134
134
134
135
135
136
136
136
133
133
133
133
134
133
133
131
132
132
132
133
132
135
136
135
135
134
132
131
131
132
133
132
132
134
133
132
133
133
134
134
134
134
134
133
132
132
134
133
132
132
132
132
131
133
131
131
131
132
131
134
133
132
135
134
135
133
133
132
131
132
131
130
130
130
132
132
133
133
134
134
135
136
137
136
138
141
141
142
142
143
141
143
141
141
140
140
140
140
140
140
140
141
140
139
140
139
139
138
138
138
138
138
138
138
140
140
140
141
140
140
141
140
140
142
142
144
143
142
142
142
142
141
140
140
141
141
140
139
140
141
142
142
144
144
145
146
148
147
147
147
147
144
142
144
145
143
143
138
139
137
130
132
