48
49
49
49
48
49
49
49
48
49
49
48
48
49
49
49
49
50
50
51
50
50
50
50
50
49
50
50
49
49
49
49
48
48
48
48
48
47
47
48
49
49
49
49
48
48
48
47
47
47
48
48
49
49
49
49
49
48
49
48
49
49
50
49
49
50
50
51
51
52
53
53
53
53
55
54
55
56
55
55
54
53
54
55
53
54
53
54
54
54
54
53
53
51
52
53
53
53
53
53
52
53
55
55
55
56
56
55
55
55
56
57
56
57
57
56
56
56
56
56
56
56
56
56
55
55
55
54
54
54
54
53
53
52
52
52
52
52
51
50
51
51
51
51
52
52
53
54
53
53
52
53
53
53
54
53
52
51
50
52
52
52
52
51
52
52
52
52
51
52
53
52
53
53
54
54
54
55
53
53
52
53
53
53
53
51
53
52
52
52
52
54
54
54
54
54
55
56
56
56
57
58
58
58
58
57
57
56
57
57
56
56
57
56
56
56
57
56
57
57
58
58
58
58
58
58
58
58
59
59
59
59
59
59
58
58
59
59
58
58
57
56
55
55
55
56
56
56
55
55
55
57
57
57
57
57
58
58
58
58
58
58
58
57
57
57
56
57
57
59
59
59
59
58
58
57
57
58
58
58
61
60
61
61
60
60
61
61
60
61
61
60
59
59
59
55
56
55
55
55
55
55
56
56
56
56
56
56
56
56
54
54
54
54
54
54
55
55
54
53
53
54
54
54
55
55
55
56
56
56
55
56
56
57
57
57
57
57
57
57
57
57
58
58
58
58
57
57
57
57
57
57
57
57
56
56
55
55
57
58
59
59
58
58
58
59
59
59
59
59
59
59
57
57
56
56
57
56
57
56
57
57
57
57
58
57
58
58
59
60
60
59
59
59
60
60
60
60
60
59
59
60
60
60
60
61
62
61
61
61
61
60
60
60
60
59
59
61
60
59
60
59
58
57
57
55
56
56
57
58
58
58
58
59
60
59
60
61
60
61
61
61
61
62
60
60
60
60
60
60
60
61
61
61
61
60
60
60
61
61
62
63
62
62
61
61
61
58
59
61
61
62
62
63
63
62
63
63
63
62
61
60
60
61
59
59
57
56
55
56
55
56
58
56
56
57
55
55
55
56
56
57
58
57
58
58
59
59
59
60
59
59
60
60
61
61
61
61
62
62
62
62
61
61
60
61
61
62
61
61
62
61
62
61
61
59
59
61
61
60
60
60
61
61
61
61
62
63
63
64
63
63
63
63
63
63
63
62
63
64
64
64
65
65
64
65
65
65
65
66
66
66
67
67
66
67
66
66
66
66
66
66
66
66
67
67
67
68
68
68
68
68
68
68
68
69
69
70
69
69
68
68
68
68
67
67
66
66
67
68
68
69
70
69
70
69
69
70
69
68
69
68
69
69
69
68
69
69
68
68
68
67
67
67
68
68
68
67
65
59
63
62
64
64
64
63
63
63
62
63
64
62
62
63
63
64
64
62
62
61
61
60
61
61
60
61
61
60
61
62
63
62
62
62
61
61
60
62
62
62
63
62
64
64
64
64
65
65
64
65
66
66
68
69
67
68
67
66
65
67
66
68
68
67
66
67
67
67
67
68
67
66
68
66
66
66
65
64
65
67
68
66
65
66
66
67
66
67
67
66
64
64
63
61
61
59
59
59
58
56
58
56
56
56
56
56
57
58
58
59
58
57
57
59
57
55
57
54
56
58
59
59
58
59
58
55
56
58
57
57
59
60
60
60
59
59
60
59
59
59
59
59
60
60
60
60
59
60
59
59
59
59
59
59
58
58
58
58
58
60
62
63
62
63
63
64
64
64
64
64
64
63
64
63
62
62
61
61
62
62
62
62
61
61
62
64
64
63
64
65
66
65
66
65
66
64
65
65
65
65
64
63
63
62
61
62
63
63
63
64
60
59
59
60
62
62
60
59
61
61
62
63
63
65
65
64
64
64
64
64
64
64
64
64
64
64
64
64
64
65
66
66
66
65
65
66
65
66
66
66
66
66
66
66
66
66
67
67
68
67
68
67
67
67
66
66
66
66
66
66
67
67
67
67
67
65
67
67
66
66
66
67
68
68
68
68
68
67
69
67
68
68
68
68
69
69
68
69
70
69
69
69
69
68
69
70
71
74
76
77
78
78
78
78
78
78
79
79
78
78
80
81
82
82
84
84
84
85
85
85
84
85
86
85
86
86
86
87
87
87
87
86
87
87
87
86
86
86
86
87
87
85
84
84
83
83
84
86
86
87
86
86
86
84
86
87
87
86
86
87
87
88
90
90
90
91
91
91
90
90
90
93
94
92
92
92
93
92
92
91
91
92
92
92
90
90
87
87
88
86
87
89
88
89
88
87
88
86
86
86
86
86
86
84
85
86
85
86
87
89
88
88
88
87
87
86
88
87
87
87
87
87
87
87
87
86
84
84
85
85
86
86
85
85
84
82
82
83
82
83
84
86
87
88
87
86
87
87
88
87
87
88
87
88
89
92
92
92
93
94
94
94
93
93
93
91
92
90
91
91
91
91
92
93
92
91
92
92
93
93
94
94
94
93
93
92
92
93
93
92
90
91
91
91
92
92
92
90
91
92
91
91
90
90
88
89
90
91
91
91
92
93
94
94
95
95
94
95
96
95
96
97
97
96
98
97
96
97
97
95
96
98
98
97
99
100
100
101
101
101
101
101
101
101
101
101
101
98
97
98
97
97
96
99
98
98
100
99
99
98
98
102
105
105
108
107
105
104
105
106
106
107
106
106
107
107
108
107
108
107
107
107
108
108
108
108
109
108
109
109
111
112
112
112
113
114
113
114
115
116
116
116
116
116
116
116
113
107
112
