55
56
56
55
55
55
56
56
55
55
54
53
52
54
54
54
54
54
54
54
55
54
54
55
54
53
54
53
53
53
53
54
54
55
55
55
55
55
55
55
55
55
56
57
56
55
56
55
55
55
55
55
55
56
57
56
56
56
57
58
58
59
59
59
59
60
61
61
59
60
60
61
60
60
61
59
59
59
59
59
59
58
59
60
59
59
58
59
59
59
60
58
58
57
58
59
60
59
60
61
60
61
62
63
63
63
63
62
62
62
62
62
62
62
62
61
61
61
62
62
62
62
62
62
60
59
60
59
60
60
59
58
56
56
57
57
57
57
57
57
56
56
56
56
56
56
57
57
57
57
57
58
58
58
58
58
57
57
57
56
56
56
56
56
57
57
57
57
56
56
56
57
57
57
58
59
59
59
59
59
59
59
60
61
60
61
60
60
60
61
60
61
62
63
63
62
63
62
62
62
62
62
63
63
63
62
62
61
61
61
61
61
61
61
60
60
61
60
60
60
61
61
62
61
61
62
62
62
62
61
61
61
61
61
59
60
61
60
60
60
59
59
58
58
58
57
57
57
56
55
57
59
59
59
59
58
58
59
58
59
58
59
59
59
61
61
61
62
62
61
62
62
63
62
62
61
62
62
62
62
63
63
62
63
62
62
62
62
63
64
64
63
62
63
63
61
61
61
61
61
61
61
61
62
62
62
62
61
61
62
62
61
61
61
61
62
63
63
62
67
70
68
68
68
68
68
68
68
68
68
68
68
68
68
69
68
68
68
67
68
68
68
68
69
68
68
68
67
68
68
68
68
69
69
69
70
69
69
69
68
68
68
68
68
68
68
68
68
68
69
69
69
68
69
69
68
70
69
70
69
68
68
66
66
66
67
68
69
70
70
70
69
70
69
69
71
70
70
70
69
69
69
69
69
70
69
70
69
68
68
69
69
68
69
68
68
69
70
70
69
70
70
70
69
69
67
69
69
71
72
72
71
71
71
71
71
73
73
72
73
72
73
74
72
71
73
74
74
73
73
74
76
75
77
76
76
76
76
76
76
76
75
74
75
74
74
75
75
75
77
78
77
78
79
78
78
79
79
80
78
77
78
80
80
78
79
77
78
76
77
76
76
78
77
77
79
78
77
76
77
78
79
79
78
79
80
79
80
78
79
78
78
82
81
80
81
81
80
81
80
80
80
81
80
79
80
80
80
80
80
81
81
82
82
82
80
79
80
80
80
80
80
80
80
81
80
80
80
79
78
78
77
77
77
78
79
78
77
77
76
75
76
76
76
76
77
77
77
77
76
75
75
75
75
74
75
76
74
74
74
73
73
74
73
73
74
73
74
74
73
73
73
74
75
75
76
76
76
76
75
75
75
75
75
75
76
78
77
77
78
78
78
79
79
79
79
78
79
78
77
77
76
76
77
76
76
77
75
75
75
76
75
75
79
78
79
78
78
77
73
74
73
74
73
73
72
72
73
73
74
75
73
73
73
74
74
74
74
74
74
74
73
74
73
71
71
72
72
75
74
70
68
69
69
69
69
67
68
67
68
69
68
68
65
65
65
65
65
65
66
67
66
67
66
63
63
62
50
54
56
55
55
56
56
57
58
58
57
56
57
57
57
57
56
56
57
56
56
55
55
54
51
51
50
51
52
51
51
51
50
49
50
49
47
48
47
47
47
46
44
46
46
46
48
48
47
48
50
48
48
50
49
49
47
48
50
51
49
49
50
51
52
48
49
51
51
52
53
52
52
52
53
53
53
54
55
56
57
56
56
56
57
58
58
58
57
56
56
57
58
57
57
57
55
55
54
52
51
51
52
52
51
52
52
53
54
52
52
52
53
53
52
51
51
50
49
48
48
49
47
45
38
40
38
37
37
37
38
38
38
38
38
38
38
38
39
40
40
40
41
39
39
38
37
37
37
38
38
38
38
37
37
37
37
38
38
38
37
38
39
40
41
42
41
41
41
41
41
41
41
41
44
44
43
43
44
43
40
42
42
44
45
44
47
51
52
53
52
52
52
53
53
53
52
52
51
52
52
51
51
52
50
51
50
49
50
49
49
51
51
51
50
51
51
51
51
51
52
52
52
51
52
53
54
55
54
54
54
53
54
54
53
53
53
54
54
54
54
52
52
52
51
51
50
51
52
51
54
58
59
60
58
58
58
58
58
57
59
58
56
56
56
56
57
57
57
60
62
60
58
58
57
53
50
51
52
51
49
49
49
48
48
48
48
45
45
45
45
46
45
45
44
45
44
43
44
44
45
45
44
43
43
45
43
43
44
43
42
45
46
45
44
46
46
44
46
46
45
45
46
47
47
46
47
46
45
44
45
45
44
44
44
44
45
44
43
42
42
42
42
42
44
46
46
47
46
44
44
45
45
45
46
46
46
46
46
47
48
48
48
47
48
48
48
47
49
50
49
49
49
49
48
44
41
41
41
41
41
41
42
41
42
42
43
42
42
43
42
42
40
47
44
47
46
46
47
46
48
48
46
46
47
48
48
48
48
48
48
48
48
47
47
46
46
47
47
47
47
46
47
47
47
47
48
48
49
49
47
47
46
47
47
49
47
46
44
45
45
45
44
44
44
44
44
45
44
45
45
45
44
45
46
46
47
46
45
45
48
48
47
47
47
46
46
46
47
47
48
48
48
45
44
44
44
45
44
44
43
43
42
41
40
41
42
42
42
42
42
42
41
41
40
40
40
39
38
39
38
39
39
40
38
39
40
41
41
41
41
41
41
41
43
46
45
46
47
46
46
45
46
45
46
47
45
46
47
47
47
47
48
48
48
48
49
49
48
48
49
48
48
49
50
52
51
51
51
52
52
52
51
50
50
51
50
49
49
48
47
49
