57
57
57
57
56
56
56
56
55
54
55
53
54
55
54
54
54
56
55
55
55
55
55
55
55
52
52
52
51
52
52
53
52
52
53
52
52
51
51
52
52
53
54
54
54
52
53
53
53
53
54
55
56
52
52
53
54
54
55
54
54
55
55
54
54
54
54
55
55
56
56
56
55
54
55
55
56
56
57
57
57
57
57
57
56
56
55
57
56
56
56
56
55
55
54
56
56
55
56
55
54
55
57
56
58
60
60
60
59
60
60
60
61
61
60
60
59
59
58
59
59
60
59
59
58
59
58
58
59
59
58
57
56
56
56
56
57
57
55
55
55
56
56
55
58
59
59
59
59
60
60
60
61
62
62
62
61
61
61
62
61
60
61
61
61
60
60
61
60
60
61
62
62
62
62
64
65
65
64
64
62
64
65
66
66
66
65
64
65
64
64
64
62
63
63
63
64
62
62
62
64
64
64
64
64
64
63
63
62
63
63
63
63
62
61
62
61
62
63
63
63
64
64
64
64
64
64
63
63
62
63
62
63
64
62
64
63
63
63
63
63
63
62
62
61
62
61
60
60
60
61
62
62
62
63
63
64
65
64
65
65
66
65
66
65
65
64
65
65
65
66
67
67
66
68
66
67
68
69
68
71
70
70
70
69
69
69
70
70
71
72
69
68
68
69
66
66
66
65
66
67
66
67
68
63
63
64
64
64
63
63
63
62
62
62
64
64
62
63
62
63
64
64
64
64
64
65
65
66
66
65
66
66
67
67
68
67
68
68
68
68
69
69
69
70
70
70
70
70
72
73
73
74
75
74
74
74
75
75
75
74
74
74
74
75
75
73
70
72
72
72
72
71
71
72
71
72
72
72
72
73
72
73
74
74
75
75
75
75
76
76
76
77
77
77
78
77
78
78
79
78
79
78
77
78
80
81
81
80
80
80
80
80
80
79
76
76
77
76
76
76
72
68
67
65
66
69
68
70
72
71
76
76
75
75
76
78
79
80
80
81
81
80
81
80
80
80
79
79
81
81
82
82
84
68
68
69
69
69
71
70
70
69
70
69
69
69
67
67
69
70
71
73
73
72
72
71
72
71
70
69
67
68
69
69
68
65
67
67
68
68
69
67
65
64
64
63
62
61
62
63
63
64
62
63
64
64
64
64
64
64
65
65
65
66
66
65
65
65
64
63
62
61
61
61
60
60
61
61
61
62
63
63
63
63
58
59
60
59
58
58
58
58
58
58
59
59
59
59
59
59
58
60
59
60
60
59
59
59
59
59
60
60
59
58
59
60
59
59
59
60
60
60
59
59
59
59
58
60
60
60
60
60
58
57
57
56
56
56
56
55
57
57
57
58
58
58
57
57
57
57
56
57
57
56
56
55
55
55
55
57
56
55
53
52
52
51
52
53
51
51
52
52
51
53
52
52
53
52
53
54
52
53
52
51
52
50
49
48
46
49
47
49
49
50
49
49
49
48
48
50
49
51
51
52
53
53
51
51
49
49
47
49
48
48
49
50
49
51
52
53
53
53
53
52
51
53
53
53
53
64
63
65
66
65
65
66
66
67
66
66
67
67
67
67
67
66
66
66
66
66
67
67
67
66
67
66
67
67
68
68
67
67
67
69
68
68
68
68
69
69
68
67
68
69
69
69
70
70
69
68
68
68
65
66
66
66
66
65
64
66
64
65
66
65
65
65
64
66
66
66
67
67
66
65
64
64
63
63
64
65
66
66
66
66
65
66
68
68
68
69
68
69
68
68
68
68
69
69
69
69
70
71
71
71
72
71
71
71
73
73
73
73
73
72
72
72
72
72
72
72
73
73
73
73
73
72
72
72
71
72
71
70
70
69
69
69
69
69
70
70
69
68
68
68
68
68
70
70
71
72
72
73
73
73
73
73
73
73
73
73
72
72
73
73
73
73
74
74
75
73
72
72
72
72
73
72
72
72
72
74
75
76
76
75
75
76
76
76
76
76
77
77
77
77
76
76
76
76
77
78
77
76
70
68
68
69
69
70
70
71
71
68
67
67
69
69
68
70
71
70
71
71
70
69
71
69
69
70
70
70
69
70
69
69
69
70
69
69
70
70
70
72
72
73
74
72
72
72
73
72
72
72
75
74
74
74
75
75
75
75
74
75
75
75
76
74
75
74
76
76
77
78
79
80
81
83
82
82
83
82
80
76
76
77
78
79
79
77
78
79
78
80
79
80
79
79
79
79
81
80
79
79
79
79
79
79
80
79
80
80
81
80
82
81
82
82
84
85
86
86
86
86
86
88
87
87
88
87
87
87
87
87
88
88
89
90
90
89
90
90
91
91
91
90
91
91
92
93
93
93
93
94
94
95
95
95
96
96
95
96
95
96
95
95
96
96
96
96
97
96
96
95
95
95
96
98
99
100
101
102
101
100
99
99
100
100
101
101
101
101
100
100
100
102
101
100
101
102
103
103
104
105
105
105
104
106
106
106
108
109
109
101
102
101
97
97
99
101
98
98
97
98
96
95
95
94
92
92
92
93
95
96
98
98
98
100
99
101
102
101
100
100
98
101
98
95
93
93
90
89
89
92
90
91
88
91
91
91
92
90
90
90
91
92
91
91
91
92
94
94
94
94
95
95
95
97
97
97
98
99
101
102
100
99
100
100
100
103
105
106
105
103
104
102
103
105
104
105
105
106
108
108
107
109
109
108
107
107
108
108
108
110
105
106
106
105
108
107
102
102
101
102
103
106
102
103
106
105
104
104
107
102
101
105
101
102
103
105
104
104
103
104
104
110
111
113
112
109
109
108
108
108
106
106
108
108
109
110
108
107
107
109
109
113
115
115
115
116
117
111
113
111
110
109
110
106
99
104
