91
90
91
90
90
90
91
92
92
92
95
94
94
95
94
94
95
95
95
94
94
94
94
94
94
92
93
94
95
95
96
95
97
97
98
98
100
98
98
99
99
100
100
101
101
101
101
101
105
105
106
105
104
104
103
103
103
103
105
105
105
104
104
103
103
104
105
104
104
104
103
102
101
103
104
104
100
100
97
97
97
95
97
97
97
99
97
98
98
100
99
96
96
95
96
96
97
97
97
97
97
97
98
99
99
99
99
100
100
101
100
99
97
98
98
98
98
98
99
98
99
99
99
99
99
99
98
98
98
98
97
96
95
95
95
94
96
96
94
93
92
93
94
92
92
93
93
94
94
95
95
97
96
96
98
97
96
96
96
95
95
94
93
94
94
94
94
94
94
95
96
96
97
97
98
100
99
102
102
105
104
106
107
108
108
108
108
109
109
110
108
108
108
108
109
112
109
108
108
108
108
109
108
108
108
109
107
105
104
105
106
105
105
105
104
104
104
103
104
105
105
105
105
105
105
106
104
104
105
103
104
104
104
104
105
105
105
106
106
106
106
108
108
107
107
108
107
109
106
105
106
107
107
108
109
108
109
110
109
109
110
110
110
110
108
109
110
110
109
109
110
109
109
109
110
109
110
111
111
110
110
111
111
111
111
110
110
110
110
110
110
110
110
111
111
111
110
111
111
112
109
111
109
109
109
110
111
111
112
111
110
110
110
111
111
111
111
111
111
110
110
110
110
110
110
111
111
111
111
112
112
110
111
111
112
112
111
111
110
110
111
111
112
114
113
112
111
111
111
112
111
112
111
112
112
112
112
113
113
113
114
114
113
113
111
109
110
109
108
108
107
105
105
105
105
104
107
106
108
108
108
108
108
108
109
108
109
109
109
109
108
109
108
108
108
108
108
107
107
107
107
107
106
107
107
107
107
107
108
106
108
107
107
108
107
107
107
108
107
107
109
109
108
107
106
104
106
106
109
112
113
113
113
114
114
113
114
109
111
114
113
113
113
114
113
114
114
113
114
113
113
114
114
113
114
115
116
116
115
115
114
114
113
114
113
113
113
112
113
115
116
116
117
118
118
118
117
117
115
116
115
115
115
117
116
116
116
117
116
118
117
118
114
111
109
111
110
109
108
110
111
110
110
109
109
110
109
110
111
111
112
110
111
111
110
110
110
110
110
110
109
108
107
106
105
105
105
106
105
106
107
107
109
110
109
107
106
107
107
107
106
107
107
107
107
107
107
107
108
108
107
107
112
113
111
112
112
112
112
110
110
111
111
110
110
111
110
110
111
111
112
111
112
113
112
112
111
110
110
110
109
109
108
107
107
106
105
106
107
107
106
106
107
108
109
109
109
108
108
108
107
107
107
108
107
108
109
110
110
110
111
111
112
112
112
113
113
113
112
112
113
113
113
115
115
115
116
118
117
117
116
116
116
116
116
115
116
114
113
106
109
105
107
107
107
105
104
105
104
105
107
103
104
104
105
106
107
108
108
108
108
107
109
108
107
109
108
108
110
112
112
112
114
115
115
115
115
117
117
117
118
119
122
121
121
121
121
122
121
121
121
120
119
118
118
119
119
118
117
120
119
121
122
120
121
121
121
121
120
120
120
119
121
121
121
120
119
121
123
125
126
125
124
126
126
127
127
129
130
128
126
127
128
127
127
126
126
127
126
125
126
124
124
126
123
123
125
125
127
127
128
129
130
129
128
128
131
128
127
130
129
130
130
132
131
131
132
133
131
131
130
131
132
132
131
132
133
132
133
134
134
135
136
136
135
134
134
134
134
136
135
133
136
136
136
137
137
138
138
138
136
136
136
137
137
135
126
126
127
124
125
126
125
125
126
128
128
128
128
129
130
130
129
129
126
126
127
126
126
127
127
128
129
127
128
128
130
130
129
129
130
131
130
133
132
133
133
133
133
133
132
131
131
134
135
137
137
138
137
135
136
136
135
136
136
136
135
135
134
134
133
133
132
131
130
129
131
131
129
130
129
130
130
131
129
129
129
128
128
127
127
128
129
128
129
128
129
128
128
128
129
128
127
125
122
123
122
122
122
122
123
123
125
127
126
126
126
126
126
126
125
123
122
124
123
122
122
121
122
121
121
121
120
119
117
114
113
114
114
115
114
114
114
114
113
114
113
114
112
113
113
114
113
112
113
114
114
115
116
117
116
115
114
114
114
114
114
114
115
115
116
114
116
116
115
114
114
115
115
115
115
115
114
115
115
116
116
114
114
114
114
115
116
116
117
116
118
121
122
122
121
121
121
121
122
121
122
122
123
123
124
124
123
124
128
131
134
135
134
133
133
133
133
134
133
133
132
132
133
134
134
134
135
135
133
134
134
133
133
132
132
132
133
132
132
132
132
132
131
131
132
133
133
133
133
134
133
131
127
131
133
130
130
129
130
126
127
129
128
128
128
129
127
128
128
127
128
127
127
127
128
128
129
129
129
130
130
130
131
130
130
128
129
129
130
130
131
131
133
133
132
132
133
133
132
131
129
130
129
128
126
127
127
124
125
124
124
125
124
124
123
125
123
125
122
124
122
121
121
121
121
121
121
121
121
122
121
122
122
122
122
122
123
122
122
121
122
122
122
122
124
123
123
120
119
119
120
121
120
121
121
122
122
120
118
118
118
117
116
117
118
117
115
117
117
116
116
117
118
118
119
118
119
117
114
114
113
112
113
113
112
112
112
112
112
111
110
113
113
113
114
115
115
114
114
115
116
117
116
117
117
117
119
120
121
123
123
121
120
119
118
116
118
119
119
120
120
121
121
120
122
122
121
121
119
118
119
118
119
116
115
113
114
115
116
116
115
116
118
120
123
122
120
119
117
117
116
111
114
