57
58
64
62
61
62
64
63
61
60
59
58
59
60
59
59
60
61
61
59
58
55
58
59
58
57
58
57
56
56
56
56
55
57
57
56
54
55
54
55
56
56
55
56
56
54
53
54
54
53
54
54
54
56
56
56
57
57
58
58
58
58
58
59
62
61
62
61
60
61
61
61
59
60
62
63
65
65
63
62
61
61
63
63
62
61
60
60
61
61
62
61
60
58
58
60
60
61
62
62
62
63
63
64
65
65
64
62
63
63
63
62
62
63
63
64
64
65
65
66
68
69
69
71
70
70
71
72
73
72
72
71
70
70
71
72
72
73
72
71
72
74
75
75
76
76
76
76
74
75
74
75
74
75
76
77
75
75
74
74
74
74
75
76
76
75
76
74
72
73
74
73
75
74
74
74
76
76
78
78
78
76
79
78
77
77
76
78
80
80
78
80
81
82
82
82
83
81
80
79
81
81
80
81
82
82
81
80
81
81
80
81
82
81
83
82
83
83
84
84
84
81
82
81
81
81
81
82
83
80
79
78
79
79
77
77
77
78
77
77
79
80
80
82
81
80
80
80
93
88
91
92
94
96
96
96
98
100
99
98
98
98
99
100
99
100
97
99
99
99
99
98
98
98
98
97
98
97
97
98
98
98
95
94
92
92
94
94
96
95
93
89
87
90
91
89
88
88
90
90
90
92
93
92
91
91
88
92
91
93
93
94
93
91
91
92
95
94
93
91
93
94
92
93
94
98
95
97
94
95
94
94
93
94
94
94
94
95
95
94
90
91
91
90
89
89
88
90
90
90
89
89
91
90
91
90
90
89
89
83
78
83
83
82
83
83
82
82
82
84
83
83
82
79
77
79
80
79
80
78
78
79
79
79
79
80
83
82
83
82
83
82
81
80
81
79
76
77
77
76
75
76
77
77
77
76
78
77
75
75
74
74
71
72
72
71
75
76
75
75
77
75
74
72
72
70
73
71
73
75
76
76
76
77
77
69
79
79
72
72
73
72
70
69
69
71
71
72
72
73
73
75
74
77
77
76
76
74
74
76
77
77
75
76
76
76
77
77
77
76
75
75
75
76
76
75
75
76
76
74
69
68
69
70
69
70
65
67
66
67
69
69
70
70
69
71
72
71
71
71
70
68
70
72
72
71
72
72
73
72
70
69
69
70
69
69
68
67
68
68
67
67
64
64
65
65
65
65
64
65
67
67
67
68
68
68
67
67
66
64
64
63
64
64
65
65
64
64
63
63
63
62
62
62
63
64
63
62
62
62
62
63
63
62
62
63
62
62
62
61
61
61
61
61
61
62
62
50
46
46
47
48
49
48
49
49
48
49
48
48
48
47
47
47
46
47
47
47
47
45
44
44
43
43
43
42
42
42
42
43
44
43
42
41
41
40
41
40
40
39
39
39
40
41
41
39
39
42
44
44
45
45
44
44
43
43
43
43
42
37
40
40
42
43
43
43
43
44
44
45
45
44
43
44
43
43
44
43
43
43
43
42
43
42
41
41
42
41
44
44
43
42
43
43
42
42
42
42
40
40
40
40
40
39
39
39
39
39
39
39
40
43
43
44
42
43
41
41
39
40
39
41
41
41
42
43
43
43
43
43
43
43
42
42
42
42
42
40
40
41
41
39
40
40
41
42
41
41
41
40
39
40
40
39
39
38
38
38
36
35
36
35
37
38
38
37
38
39
39
40
47
50
51
51
51
48
51
50
50
50
52
53
53
53
55
54
55
57
57
57
57
58
58
57
57
57
58
58
59
58
57
56
57
57
57
56
56
56
56
57
57
57
57
56
56
56
54
51
51
52
53
52
52
53
51
52
51
52
52
54
55
53
52
52
52
51
50
51
51
46
44
43
42
41
41
41
41
42
42
41
42
42
42
45
45
47
48
49
51
50
50
50
49
50
50
49
51
50
50
51
48
47
47
48
48
50
50
49
49
50
50
52
52
52
52
52
52
51
52
51
51
52
52
52
52
52
53
48
49
50
51
50
50
49
49
49
50
50
49
49
50
50
51
50
50
50
50
49
49
49
49
49
50
49
47
48
47
47
47
48
50
49
50
50
50
48
48
48
47
47
47
47
47
48
47
46
46
46
47
47
47
48
50
49
49
48
48
49
48
50
51
50
50
48
50
50
50
51
49
49
47
47
48
48
48
48
48
49
49
48
48
46
46
47
48
48
49
51
49
48
48
47
46
45
45
44
44
43
42
43
43
43
43
43
43
42
42
42
44
43
43
42
44
43
42
42
43
44
43
42
42
42
42
41
41
41
36
37
38
38
38
38
38
39
38
38
38
38
37
37
38
37
37
37
36
36
36
36
37
37
37
37
38
38
38
37
37
37
37
37
38
38
38
38
38
38
37
37
37
38
37
38
38
38
37
37
37
38
37
37
37
38
38
37
37
38
37
38
38
38
38
38
37
37
36
36
36
36
36
37
37
37
36
37
33
33
33
33
34
35
34
35
36
35
35
34
35
35
35
35
35
35
35
36
36
36
36
36
36
36
36
36
35
33
33
34
34
34
34
35
35
35
34
35
36
36
37
36
37
36
37
37
44
45
45
45
45
45
44
44
43
42
42
42
42
42
42
42
42
42
42
43
43
43
42
42
42
43
44
44
45
47
46
46
46
46
46
48
48
48
48
48
48
48
48
48
47
47
47
47
48
48
49
49
49
50
50
50
50
50
49
49
49
49
48
52
55
54
54
55
55
54
55
55
56
56
56
56
57
57
57
58
59
59
59
59
60
60
60
62
61
61
62
62
62
63
64
64
64
64
64
64
64
63
64
64
64
64
65
64
64
65
65
64
65
65
66
66
68
68
67
68
67
67
65
65
65
63
70
