96
95
96
96
97
97
98
99
97
98
99
97
99
104
102
102
105
106
105
105
105
106
106
107
108
107
108
109
109
107
108
107
109
108
111
109
106
104
102
105
107
106
108
107
106
103
103
104
101
106
106
107
107
107
107
108
108
104
106
110
110
109
110
109
110
112
116
117
117
116
115
113
109
112
113
113
112
111
111
110
108
106
109
111
109
111
108
111
112
110
112
109
109
105
105
107
109
107
108
108
110
111
113
113
114
114
113
114
114
114
114
117
119
116
113
111
110
110
109
108
109
111
110
109
107
107
108
107
108
108
106
106
106
106
107
106
109
108
106
105
105
107
107
106
108
109
108
111
111
111
110
112
112
111
113
112
111
110
111
110
110
109
109
110
110
110
111
111
111
111
113
113
113
112
113
116
118
118
121
124
124
123
123
124
121
122
124
124
125
125
122
123
124
123
125
125
125
124
122
122
122
122
122
122
122
121
121
120
120
119
118
120
119
117
117
116
119
118
120
121
122
122
123
123
122
123
123
120
120
117
118
117
117
116
116
118
117
116
118
118
117
103
100
100
101
102
104
105
101
101
100
102
103
101
102
100
99
94
92
91
95
95
94
93
92
93
93
96
97
97
98
98
99
100
102
98
97
99
100
99
100
99
99
100
97
98
100
103
103
104
103
101
100
100
101
96
97
97
99
101
102
103
102
102
101
100
100
100
101
100
99
99
100
99
99
100
103
102
101
100
103
104
105
107
106
108
108
108
107
108
106
105
105
106
107
107
106
106
104
105
104
105
107
108
108
107
106
107
106
106
107
107
108
109
110
110
110
112
113
113
113
113
113
116
116
117
116
115
114
111
111
110
108
108
108
108
109
108
110
112
112
111
113
113
114
113
115
114
114
114
114
114
114
115
117
116
116
117
116
116
115
116
115
115
119
122
122
121
119
119
121
119
119
122
120
117
120
123
120
117
119
116
117
113
114
113
119
114
117
120
119
120
120
120
122
120
122
123
121
121
122
124
124
125
124
124
125
125
125
123
123
125
125
126
125
126
118
115
119
120
118
117
112
116
113
111
111
111
113
117
119
121
123
123
123
122
123
123
122
119
115
113
114
116
114
114
110
110
109
110
110
112
110
108
109
110
109
110
110
113
114
115
116
116
116
116
117
118
117
119
119
117
118
119
120
119
117
116
116
116
116
115
114
113
113
115
115
115
115
114
114
116
112
106
105
102
103
104
102
102
103
105
105
105
105
106
106
103
106
106
104
105
105
105
105
107
107
106
104
103
103
104
103
102
102
102
102
100
99
95
95
94
95
95
93
95
94
94
94
92
91
92
93
93
93
94
93
93
93
94
94
94
94
95
96
96
96
95
93
92
92
91
92
92
92
93
93
94
94
95
94
95
93
98
99
96
98
96
93
93
94
98
100
101
99
97
99
97
97
97
99
97
98
97
98
100
99
98
95
88
92
89
91
93
94
91
91
92
90
92
94
92
93
92
93
94
95
95
95
94
92
90
91
91
89
89
92
92
94
95
96
97
99
98
97
96
97
95
87
87
89
88
87
86
85
83
83
84
83
85
87
87
88
87
90
90
88
87
87
88
90
93
94
93
92
91
92
92
91
91
85
82
82
78
76
76
74
74
74
74
76
71
71
71
72
74
74
73
74
74
73
74
73
69
69
70
70
71
68
66
69
65
63
70
67
66
68
68
70
70
71
71
71
76
75
76
79
77
79
80
81
82
80
84
82
80
81
84
84
83
84
85
86
86
86
84
84
83
85
85
85
85
87
88
86
85
84
85
83
86
86
84
86
85
87
85
86
88
88
89
91
91
91
95
97
97
97
98
97
97
96
96
96
95
93
93
92
93
92
93
92
90
88
89
90
90
91
91
91
91
94
93
94
92
92
92
92
92
92
92
89
88
89
89
87
87
89
88
90
91
88
86
86
88
90
90
89
87
89
89
91
91
92
93
95
94
93
98
98
98
98
96
96
95
95
96
95
94
96
97
99
98
97
97
97
97
97
97
98
98
99
100
99
99
100
99
98
97
97
97
96
96
97
96
93
93
92
93
92
92
91
90
90
90
89
90
92
92
93
93
92
92
94
93
92
94
95
93
94
95
94
93
92
90
91
90
90
89
89
89
88
86
88
88
92
91
80
84
81
82
85
85
85
86
88
90
87
88
88
88
88
89
87
86
85
84
86
86
86
86
86
85
86
86
87
86
85
85
85
86
85
84
86
81
81
82
83
82
81
81
82
84
84
87
85
86
86
87
88
87
86
86
86
86
85
85
86
85
85
86
86
87
86
87
87
87
87
88
87
89
89
89
90
90
89
89
89
88
88
87
87
87
87
86
84
84
82
82
83
82
84
86
86
87
86
86
87
86
87
88
89
88
87
88
89
90
90
91
89
90
90
89
90
90
90
90
90
90
91
92
92
90
91
92
92
91
89
91
91
91
91
91
93
95
96
96
96
96
96
97
98
99
100
100
102
101
102
104
104
101
100
101
102
103
103
104
103
105
105
104
103
104
105
105
105
105
105
104
104
104
100
106
106
104
104
102
103
102
102
102
102
103
103
104
104
102
103
105
107
108
106
106
108
107
106
105
104
103
103
103
104
104
103
104
103
105
106
106
111
106
107
106
106
108
108
108
108
108
108
108
108
107
107
107
107
104
106
105
105
106
104
101
102
103
106
107
106
105
103
105
104
105
105
106
106
105
106
106
105
105
105
104
104
103
103
103
104
105
107
106
107
107
110
112
114
114
112
111
112
112
111
110
111
111
112
111
112
111
109
108
108
107
106
106
107
108
108
109
110
110
107
108
111
111
111
109
110
111
112
112
112
113
113
113
113
112
110
103
107
