46
46
45
45
45
44
44
44
44
44
44
43
44
45
45
45
45
45
45
45
45
45
45
45
45
45
45
44
44
43
44
45
44
44
45
45
46
45
45
46
47
48
49
50
50
49
49
49
48
49
48
48
49
50
51
50
50
50
51
51
51
52
52
51
52
51
51
51
50
50
52
52
51
51
51
49
49
50
50
51
51
51
51
51
50
50
50
51
51
51
52
51
52
51
50
50
50
49
50
50
50
50
50
51
51
51
52
52
52
52
52
53
52
53
53
53
53
54
56
55
56
57
58
57
56
60
60
61
61
61
60
60
59
59
60
60
59
59
58
57
57
58
58
58
58
57
57
58
58
59
58
59
59
60
61
61
60
60
60
60
60
61
61
62
62
62
61
60
59
58
56
56
57
57
57
58
59
60
61
61
62
62
61
62
62
63
63
63
63
64
62
63
64
63
64
65
65
64
64
64
65
64
64
65
66
65
65
64
62
64
63
62
62
61
61
56
61
61
62
61
62
62
63
62
61
61
62
62
62
61
61
58
58
58
57
57
57
56
55
55
54
54
53
53
53
53
52
53
52
52
53
54
54
55
56
54
55
55
54
54
53
54
54
55
56
57
56
56
57
58
57
57
58
57
57
56
57
57
57
57
58
59
58
58
56
56
57
57
58
59
60
58
57
58
59
55
54
54
55
55
54
54
54
54
54
54
54
54
54
54
54
54
54
55
56
57
57
58
57
57
58
58
56
57
57
57
56
57
57
57
58
57
59
59
60
59
58
58
57
57
58
58
58
58
58
58
58
58
57
58
59
60
61
61
61
61
61
60
60
59
59
57
57
57
57
57
58
58
58
58
58
58
58
58
58
58
62
61
63
63
62
63
63
62
63
63
64
64
64
63
64
63
64
64
64
64
64
64
64
64
65
65
65
65
66
66
67
66
66
66
68
68
68
68
67
66
67
68
67
66
68
67
67
66
66
65
68
67
70
71
70
71
70
71
75
71
73
72
73
75
75
76
76
76
77
78
77
78
77
77
78
81
79
81
79
80
81
81
81
83
83
83
81
83
83
83
84
83
82
84
85
84
85
85
85
85
86
87
87
86
85
85
86
87
86
86
82
82
80
83
82
83
84
85
85
86
85
86
85
85
87
91
91
92
93
94
94
94
94
91
91
90
91
92
92
92
92
92
92
92
92
91
90
91
90
90
92
91
92
91
92
94
93
94
94
93
93
94
93
95
93
94
95
94
95
94
95
94
94
93
91
90
92
92
91
92
92
90
90
89
90
92
90
90
90
90
90
89
88
88
88
88
89
89
88
88
88
86
87
87
87
86
86
86
87
85
84
84
85
84
84
84
85
85
86
86
87
87
88
88
87
86
86
86
86
86
87
87
84
85
85
84
85
84
83
84
84
84
84
83
81
81
83
82
81
82
84
84
82
82
83
81
81
81
81
82
80
80
83
77
80
80
82
83
84
82
85
87
89
92
93
91
91
93
92
92
93
91
93
91
92
91
92
91
90
90
90
90
93
94
92
96
96
96
97
96
96
96
97
97
97
97
98
94
96
94
95
95
96
98
101
100
99
96
94
95
92
91
90
92
90
91
93
94
94
97
97
97
96
96
97
96
99
98
98
98
97
97
98
98
98
97
96
95
97
97
97
97
98
97
95
94
95
94
97
94
94
95
92
92
93
92
91
94
96
95
96
95
95
96
96
96
91
88
85
81
83
83
85
83
81
81
83
84
84
84
81
86
84
85
86
87
87
87
86
86
86
87
86
86
87
86
87
88
87
86
85
86
87
87
88
88
88
86
85
86
83
81
77
79
80
81
82
82
79
78
77
77
78
79
79
79
79
80
79
73
71
69
70
68
67
67
67
67
65
60
61
64
64
64
66
66
68
67
70
71
71
70
70
70
68
68
68
67
68
68
69
68
68
69
67
67
64
66
67
67
67
67
68
68
69
70
71
71
70
70
70
70
71
70
72
74
74
73
74
74
74
71
73
73
75
73
72
73
74
74
74
73
77
78
79
78
78
77
77
76
76
76
77
75
74
73
74
73
71
72
72
71
72
72
72
72
73
74
75
74
73
71
70
71
70
71
72
72
72
72
71
73
73
73
73
72
72
72
73
73
72
73
72
74
67
66
66
65
65
66
64
67
68
70
71
69
66
69
70
70
70
72
72
72
72
70
72
72
72
72
75
75
74
73
73
72
72
69
69
70
68
67
67
67
66
66
65
67
65
62
61
61
61
61
60
61
61
62
61
61
62
62
62
61
59
58
60
59
59
60
59
58
59
59
59
58
58
58
57
58
58
50
49
51
52
53
53
53
52
51
50
51
50
50
50
50
51
51
51
51
49
48
48
47
47
48
48
48
47
45
44
46
48
47
48
47
48
48
48
48
49
50
50
51
52
52
52
53
52
53
51
50
51
52
53
53
51
50
49
48
52
50
49
50
50
50
50
50
51
52
53
52
52
50
52
51
52
54
54
53
52
52
52
52
51
53
53
54
54
55
54
54
56
50
47
45
44
44
44
46
46
45
44
45
45
45
44
45
45
46
46
42
46
42
42
43
44
42
42
41
41
40
39
36
38
36
37
36
37
36
37
36
37
36
36
37
37
38
37
37
38
39
40
40
41
40
38
37
37
39
42
43
43
43
42
42
43
40
42
43
42
43
42
42
42
41
42
42
42
44
44
44
43
43
44
43
43
47
47
47
48
47
47
48
49
48
49
47
51
51
50
49
49
49
50
52
52
56
57
56
56
56
55
57
58
59
59
59
58
61
60
61
60
61
63
61
61
61
60
52
51
50
49
47
48
50
50
49
49
49
51
52
53
53
53
52
52
51
50
49
47
45
48
