90
90
90
89
90
89
90
90
90
89
89
89
88
89
88
89
90
91
89
90
89
90
90
89
89
89
89
89
88
88
88
89
89
89
90
91
93
93
93
93
93
93
94
94
94
94
92
94
94
94
94
94
94
94
94
94
93
93
93
93
93
93
94
94
94
95
95
96
98
99
100
101
99
100
100
101
100
100
100
100
100
99
99
100
100
101
100
100
101
100
101
100
100
99
100
100
100
100
100
100
98
99
100
98
96
98
96
97
97
98
98
100
97
98
98
98
97
98
98
98
97
97
97
98
97
97
98
98
98
98
98
97
97
97
97
97
97
96
96
96
96
96
96
96
97
98
98
99
100
101
100
102
101
101
100
100
99
100
99
99
99
98
99
99
100
100
100
100
100
99
99
100
100
100
101
103
100
100
101
101
100
100
100
102
101
101
102
103
102
104
104
105
105
105
106
107
106
104
104
105
105
106
106
105
102
102
100
99
99
100
100
100
93
88
88
90
90
89
90
90
90
91
91
91
91
91
91
90
91
90
92
92
92
92
91
91
91
92
92
92
92
91
90
90
90
90
90
90
88
88
89
88
91
91
92
90
92
92
92
92
93
94
94
93
92
93
93
94
93
94
94
95
94
95
96
96
96
96
98
98
98
97
95
98
99
98
98
100
103
103
103
102
100
101
101
98
100
101
102
102
101
101
100
101
100
98
99
98
99
99
98
98
98
99
99
100
100
100
99
99
99
100
100
100
100
101
101
101
103
103
102
102
104
105
103
103
102
102
102
102
101
100
101
101
103
102
102
101
100
102
103
105
105
105
105
104
104
104
105
105
106
107
105
104
105
106
106
106
106
106
106
106
103
103
104
103
103
102
103
103
103
104
105
104
105
105
106
107
106
107
107
106
105
107
107
108
108
108
108
108
107
107
107
106
107
106
107
106
104
103
104
102
102
103
102
101
103
103
101
99
101
99
99
99
98
97
99
98
99
101
102
103
104
104
108
107
109
105
101
103
102
103
101
101
100
100
100
99
100
101
101
101
101
101
100
102
105
105
105
106
105
106
104
104
105
103
102
101
101
104
107
106
108
107
108
108
108
110
110
112
112
111
115
116
117
117
115
115
115
118
117
116
119
117
116
117
116
115
113
115
117
117
116
115
114
115
117
117
116
117
116
121
124
124
122
123
124
123
124
123
124
122
122
120
121
122
124
125
125
125
126
127
127
128
128
126
127
127
130
126
126
124
126
125
126
126
126
125
124
125
125
125
126
126
126
126
128
125
123
121
120
119
118
117
117
120
118
117
117
117
118
118
119
119
120
120
121
120
119
119
118
118
118
117
119
120
120
120
121
120
119
120
121
120
121
122
121
120
119
121
121
120
122
122
119
121
120
119
121
121
122
124
123
123
122
123
121
121
122
122
122
123
126
126
128
127
128
128
126
125
125
124
124
124
124
125
124
124
121
116
118
117
119
120
120
116
117
117
116
118
119
117
117
119
119
120
120
119
120
118
117
116
116
112
108
108
108
109
113
113
110
111
112
112
112
111
112
116
117
118
118
116
111
114
118
121
122
123
123
124
124
124
122
121
123
124
121
120
120
120
124
124
121
121
120
121
122
122
122
125
124
121
124
123
125
123
122
121
121
123
122
122
121
125
125
124
124
125
125
124
122
123
121
119
119
117
116
115
112
109
112
109
110
110
113
111
113
113
110
111
111
110
108
108
105
100
103
104
102
104
105
106
109
109
110
108
110
111
111
111
111
110
112
112
111
111
112
112
115
114
113
114
113
115
114
114
113
114
114
116
117
117
119
117
117
119
119
119
118
118
118
119
119
119
119
119
121
125
125
127
126
125
125
125
124
124
124
124
125
127
127
126
127
127
126
126
127
126
127
128
128
128
128
127
128
130
129
130
130
131
130
129
127
128
125
127
128
128
129
131
127
129
127
128
130
130
131
131
132
133
136
136
137
136
137
136
136
137
138
138
139
137
138
138
138
140
140
139
140
140
141
140
140
140
140
141
140
139
138
138
138
139
138
136
135
136
138
137
137
137
138
138
139
138
135
134
134
133
135
136
136
135
137
138
137
137
138
137
136
137
136
137
136
138
139
139
137
136
137
136
137
139
138
139
139
140
134
127
123
124
126
123
124
122
124
125
127
124
126
126
128
128
127
127
126
126
124
126
127
126
127
126
124
125
126
125
126
127
128
129
129
127
128
128
128
128
129
127
128
129
127
128
129
130
130
129
129
131
132
135
134
134
135
134
133
132
132
133
135
134
133
132
135
136
136
136
130
131
131
134
135
135
135
139
139
139
139
140
140
143
142
143
143
142
142
142
142
142
144
144
144
144
144
144
144
144
143
142
142
141
142
143
142
144
143
144
144
144
144
143
143
143
142
142
142
143
143
145
145
139
139
139
140
141
142
141
141
141
142
142
142
141
141
139
141
137
138
139
139
141
140
141
142
139
139
140
142
141
140
140
140
140
140
141
142
141
140
141
142
144
146
151
152
151
151
153
153
154
152
153
151
152
151
152
153
152
153
154
154
155
156
157
158
157
162
160
160
161
160
160
161
159
158
157
157
157
157
157
157
156
154
154
154
155
154
155
155
153
153
155
157
157
158
159
158
159
159
159
163
154
154
154
153
154
154
150
150
151
149
149
151
151
151
152
152
151
150
149
150
150
150
149
150
148
152
152
151
151
153
154
155
154
154
152
152
153
152
152
151
152
150
150
149
150
150
149
151
153
152
151
152
151
157
158
157
158
155
155
155
156
156
155
157
157
160
163
165
163
161
161
161
161
161
160
163
164
163
166
166
170
171
171
172
172
172
174
175
176
177
175
175
180
177
178
174
172
170
161
169
