77
78
78
78
78
78
78
76
77
77
77
76
75
76
76
76
76
77
76
77
77
77
78
79
80
81
81
81
81
80
81
80
80
80
81
81
80
81
81
82
82
82
84
83
82
82
82
80
80
82
82
82
83
82
81
81
81
81
83
83
84
84
84
84
84
84
84
85
85
85
87
87
85
85
86
85
85
86
85
86
85
84
85
87
86
87
86
86
86
87
87
85
85
84
84
84
85
86
87
86
84
86
87
88
88
90
90
90
91
90
91
92
92
93
93
92
92
91
92
93
94
94
94
94
93
93
94
93
93
93
92
91
91
91
92
91
92
93
92
91
91
91
91
91
91
92
91
92
93
94
94
95
96
96
96
96
95
95
95
96
95
95
94
95
94
93
93
93
92
93
93
94
95
94
94
96
95
95
95
96
96
97
97
99
99
101
101
101
101
102
101
102
101
101
102
102
102
103
102
102
102
102
102
103
104
103
103
102
102
101
102
102
102
101
102
102
103
102
105
105
106
106
107
109
107
107
106
105
106
104
105
107
106
107
106
106
107
107
108
109
108
107
104
104
103
105
105
110
109
108
109
112
113
113
112
113
113
114
114
114
116
115
116
114
112
113
115
117
117
117
118
116
117
115
116
114
116
118
118
116
117
116
116
117
117
117
118
118
119
120
120
116
115
115
117
114
114
115
117
117
118
118
117
118
116
116
116
115
115
114
114
114
114
116
115
115
116
120
117
117
115
115
115
115
116
118
119
119
120
121
121
122
123
125
125
126
126
125
125
125
125
124
124
124
123
123
121
122
121
122
121
121
120
121
119
119
118
119
121
121
121
121
121
122
123
123
122
122
121
121
120
110
105
107
104
104
102
102
105
104
104
105
106
106
109
108
110
110
110
110
110
109
110
110
111
112
111
113
113
112
113
114
115
116
117
116
116
114
112
111
111
110
113
115
118
115
114
116
113
111
112
108
116
109
107
107
110
110
110
111
113
115
114
116
123
117
122
121
122
123
123
123
122
120
118
117
120
119
120
121
120
123
123
124
124
125
124
124
123
123
124
125
123
125
123
122
120
121
122
124
127
126
128
128
128
128
127
128
127
126
124
125
127
128
128
127
125
127
126
126
126
126
128
127
126
127
122
122
123
125
127
128
128
128
128
129
129
129
129
129
130
131
130
131
132
131
131
129
130
129
127
126
126
125
126
126
126
125
126
127
127
127
129
127
128
124
125
126
126
125
125
125
126
125
126
126
126
124
124
124
123
123
124
123
124
124
124
122
122
120
115
114
115
114
113
116
116
116
117
119
120
120
120
121
121
121
119
118
118
118
118
118
118
118
116
116
115
114
116
116
115
115
116
117
118
117
117
117
116
115
114
114
115
116
115
116
117
118
119
121
121
122
123
123
123
122
122
122
122
120
120
122
118
114
115
114
115
116
115
116
115
114
115
116
115
115
114
113
110
101
107
106
108
107
107
104
104
106
105
105
108
106
106
106
106
108
108
107
107
107
106
103
105
103
102
103
104
103
106
107
108
110
113
114
113
111
110
111
110
110
111
112
114
115
114
117
124
127
126
124
124
123
122
121
120
120
119
119
119
124
125
126
126
126
126
124
124
125
123
123
123
121
124
124
124
121
120
120
120
120
121
118
118
118
119
120
120
120
121
120
118
118
118
115
116
115
117
118
114
111
113
108
108
110
112
110
111
112
113
118
117
118
118
118
116
116
119
116
115
117
117
118
117
118
118
117
118
119
119
118
119
120
120
119
118
119
118
118
119
117
118
118
118
118
118
119
119
119
118
120
120
118
118
119
119
120
120
120
119
120
120
119
120
123
123
123
123
124
124
126
130
131
133
132
133
134
135
137
137
137
136
135
134
136
136
137
138
138
139
139
138
138
138
137
139
139
142
142
144
146
147
146
145
146
145
145
145
143
144
145
141
141
141
142
144
147
146
148
150
147
149
150
149
150
149
150
149
150
149
147
148
148
148
148
150
151
151
150
150
151
151
150
150
151
149
148
150
148
150
150
149
149
147
148
149
149
149
149
149
150
151
151
150
149
147
148
146
146
147
147
148
147
150
150
150
151
153
153
151
150
151
150
151
152
151
150
149
149
150
149
149
150
148
146
147
147
148
146
139
140
137
137
135
134
136
137
141
151
150
151
154
151
151
149
153
153
152
155
156
157
159
158
157
158
158
159
159
158
157
158
158
158
158
158
155
156
154
153
154
153
152
153
153
152
151
152
154
153
151
146
146
148
148
149
153
151
149
151
154
156
158
157
159
157
158
160
162
161
160
162
164
166
167
168
168
167
169
169
166
167
169
169
171
168
167
168
169
168
170
170
169
170
170
168
170
168
167
169
168
165
165
166
167
166
165
165
165
162
165
166
166
167
166
167
165
167
167
169
170
170
170
174
175
170
170
169
169
168
169
166
168
168
167
165
165
162
161
161
165
166
164
166
168
167
167
168
167
169
166
164
163
164
166
167
168
168
168
168
169
170
170
169
168
166
167
168
167
167
171
171
169
172
170
170
170
170
172
172
170
175
177
177
178
178
176
176
177
175
174
175
176
177
178
178
182
184
182
183
182
181
178
178
181
180
180
181
180
180
182
182
182
183
183
181
181
183
184
184
183
184
186
187
190
189
190
189
189
190
189
188
187
192
191
189
189
188
188
188
188
189
188
186
186
185
188
189
189
188
188
186
189
188
188
186
187
186
186
186
186
184
184
185
185
183
184
185
190
191
190
190
193
195
197
198
197
193
196
194
194
193
194
194
195
195
195
195
195
195
196
197
197
198
199
198
198
199
199
202
204
204
206
207
210
214
213
211
211
210
209
212
211
218
216
216
212
213
209
195
202
