54
54
54
53
53
54
54
54
54
54
54
54
54
55
54
55
55
56
55
56
55
55
55
55
55
55
55
55
55
55
56
56
56
57
57
57
57
57
56
56
57
57
58
58
57
57
57
57
57
57
58
58
56
56
57
56
55
54
55
55
55
54
55
54
55
56
56
57
56
56
55
55
55
54
55
54
54
54
53
53
52
52
53
53
52
52
52
51
52
52
52
51
50
49
50
50
50
50
49
50
50
51
51
51
52
52
52
51
52
51
51
50
51
51
52
52
52
53
54
53
53
53
54
54
53
54
54
54
56
55
54
53
53
53
53
52
52
53
52
51
51
51
52
51
52
52
52
53
53
53
53
54
54
54
54
54
54
53
53
51
51
50
50
50
50
49
48
48
48
49
49
49
49
49
49
50
50
50
51
51
50
51
51
50
49
50
50
50
51
51
50
50
50
49
50
51
51
51
51
51
51
51
51
50
51
50
50
50
50
50
51
51
51
50
49
50
49
49
50
50
50
51
51
51
51
51
51
51
51
52
51
51
51
52
52
53
54
55
55
56
55
55
54
54
54
54
53
54
53
53
53
53
53
54
54
53
53
54
57
58
58
58
58
58
59
60
59
60
60
59
59
59
59
58
59
58
59
59
59
59
59
58
57
57
58
58
58
59
59
60
59
59
58
59
60
58
59
59
59
60
60
61
60
58
59
60
59
60
59
59
59
59
59
59
59
60
59
60
60
58
58
59
59
59
60
60
60
60
59
60
59
59
59
60
60
60
59
59
60
59
59
59
60
61
62
62
62
63
63
63
63
62
63
63
62
63
62
62
63
63
63
62
62
63
64
64
64
64
64
64
63
62
61
61
62
61
61
60
61
61
61
61
61
61
62
62
62
62
62
63
63
63
63
64
64
64
64
65
65
65
65
65
65
65
66
66
67
66
66
66
66
66
65
65
66
65
65
66
65
64
65
64
64
64
62
62
62
63
63
65
64
65
66
66
65
65
67
66
67
67
67
67
67
68
67
68
68
67
67
68
67
67
68
67
67
68
68
69
70
71
72
72
72
72
74
71
70
69
70
71
72
71
72
70
70
70
70
70
70
70
70
70
70
70
70
70
69
70
70
71
72
73
72
72
72
72
71
73
72
72
70
71
71
70
70
70
70
71
70
71
71
71
72
71
71
70
70
70
71
70
71
70
69
69
69
69
69
70
71
71
73
75
76
76
76
74
74
74
73
73
71
71
71
72
72
72
73
73
74
74
73
73
73
72
73
72
72
71
72
72
72
73
73
72
72
72
73
73
73
73
73
73
73
73
73
74
74
74
75
76
79
79
78
77
78
78
78
82
83
86
84
84
85
84
82
83
84
82
84
85
85
84
84
85
85
87
88
88
88
89
89
88
87
87
88
88
83
89
86
84
85
86
84
85
85
84
85
85
82
83
83
83
83
83
83
84
83
87
87
82
82
80
82
84
83
80
81
82
81
81
83
81
81
82
82
84
84
91
89
87
88
86
86
84
80
82
84
84
88
86
84
83
85
79
80
81
79
81
81
80
78
77
78
78
80
81
82
82
81
82
82
81
80
80
79
80
81
80
80
81
81
83
84
84
84
84
84
84
84
86
85
83
87
86
86
84
84
83
85
86
87
86
86
86
86
86
86
86
86
86
83
83
83
82
82
81
81
81
79
81
82
82
83
82
82
82
82
82
77
78
78
76
76
74
74
73
74
72
72
72
74
73
73
73
73
73
74
75
73
73
73
74
73
73
73
74
74
73
74
72
71
72
69
71
70
72
71
71
71
72
72
72
74
73
73
75
75
74
74
75
75
76
76
78
77
77
77
77
77
77
76
77
76
76
75
75
75
75
76
76
77
76
76
78
76
75
75
75
75
75
75
76
75
75
75
76
75
75
75
75
74
74
74
75
73
75
74
74
72
74
72
74
75
76
78
79
79
79
80
79
80
80
80
80
81
80
80
80
80
80
82
83
82
83
83
83
83
83
83
82
81
82
80
80
80
80
80
80
80
80
79
80
80
78
78
78
79
78
78
78
77
78
80
80
78
79
79
78
79
79
80
80
81
81
81
81
81
80
80
80
81
81
81
82
82
83
82
80
80
80
79
79
79
79
78
77
77
77
76
75
74
73
73
72
73
74
77
79
78
78
77
78
77
78
77
78
64
69
68
68
67
67
66
68
67
67
67
67
68
68
68
70
73
73
74
73
73
73
74
74
73
73
74
75
75
75
76
76
77
75
77
77
77
77
77
76
76
75
75
75
75
74
78
77
77
77
78
77
78
78
78
78
78
80
80
80
80
81
82
83
83
83
84
83
83
83
83
84
84
85
84
84
86
84
85
84
84
84
84
84
84
85
85
84
84
85
86
85
85
85
85
86
86
81
82
81
81
82
83
83
81
81
81
82
82
81
81
83
82
81
81
81
80
80
80
79
79
78
78
77
78
78
78
78
78
80
80
80
79
79
79
80
81
81
81
81
82
82
82
83
83
84
84
84
83
83
83
82
83
82
82
82
82
83
84
84
84
84
84
85
85
85
84
82
82
83
83
82
82
82
82
82
82
82
83
82
81
82
82
80
78
77
78
78
78
79
79
79
79
81
82
79
80
81
82
83
83
82
82
83
83
83
82
82
83
84
84
84
85
85
86
86
86
87
87
87
85
86
86
86
86
86
86
86
87
87
87
86
85
84
84
83
82
83
83
83
83
83
84
84
83
83
83
82
83
83
84
84
84
84
85
85
85
85
85
86
86
85
86
86
86
86
88
87
87
86
87
86
86
85
85
85
85
84
85
85
86
87
86
86
86
87
86
86
86
86
83
85
85
85
85
87
87
86
82
82
81
77
78
