87
88
88
87
86
87
88
88
88
88
88
88
86
89
88
88
87
88
89
89
90
90
91
92
92
92
93
93
92
92
93
93
93
94
96
96
95
95
95
95
95
96
96
97
97
96
96
96
96
97
98
98
96
98
99
99
99
100
101
102
102
103
102
101
102
102
102
104
105
106
107
107
106
106
108
107
108
107
106
105
105
104
105
107
106
107
107
108
108
109
109
106
106
105
104
104
106
107
108
108
106
108
109
110
110
112
113
113
114
113
114
115
116
118
119
118
119
119
121
120
121
123
124
124
124
125
125
124
123
124
123
122
122
122
122
123
124
126
124
123
122
123
123
123
124
125
124
125
125
126
127
128
128
130
131
130
128
128
128
128
130
128
128
127
125
123
122
124
123
123
126
126
127
127
128
130
129
130
130
132
132
134
133
134
134
134
135
135
136
137
136
138
137
137
138
138
138
138
139
138
139
141
142
142
144
142
139
139
136
138
138
139
140
137
139
139
140
141
144
143
145
145
146
149
148
147
147
146
147
149
148
149
149
154
151
151
153
154
154
155
157
151
148
147
147
149
147
151
148
148
150
152
155
155
159
158
160
162
163
163
165
166
167
163
160
161
161
164
166
167
168
166
165
163
165
163
163
165
164
161
161
159
159
161
159
160
162
164
164
165
165
159
158
158
159
155
155
156
158
158
163
165
157
162
160
161
161
162
164
163
164
165
164
164
164
166
167
168
165
164
162
162
161
162
163
163
163
161
163
164
164
163
165
167
166
168
167
164
163
164
165
164
164
164
165
163
163
163
162
163
160
161
160
159
158
158
156
158
161
162
163
161
162
162
164
168
169
169
170
170
170
169
167
168
168
166
164
163
167
166
166
169
170
170
172
172
175
175
176
177
177
175
175
175
175
174
173
175
176
175
174
174
174
175
178
179
180
180
179
176
178
178
182
183
181
178
178
180
176
173
176
175
174
174
174
173
177
176
170
171
177
182
182
184
192
187
191
191
191
192
190
189
186
187
187
187
188
187
185
186
186
188
188
189
188
190
191
191
190
190
189
190
188
190
189
187
186
184
185
188
192
193
198
196
197
197
195
195
192
193
190
189
191
195
196
196
194
194
192
197
195
197
198
196
193
192
189
190
188
190
191
193
194
194
195
195
197
197
197
198
199
201
204
206
207
203
201
201
202
200
199
198
197
198
198
198
198
198
201
201
202
203
203
202
203
198
201
204
203
202
199
199
201
200
201
201
200
197
198
197
196
195
198
197
197
197
196
194
193
191
187
189
189
189
187
190
190
189
191
192
193
192
193
194
194
193
193
190
189
190
189
191
191
191
189
189
190
189
189
191
190
189
191
192
193
192
192
191
190
191
188
187
186
189
187
189
189
192
194
196
199
199
200
201
202
204
203
203
203
200
202
205
207
208
207
209
210
210
209
210
209
208
209
210
211
212
212
211
209
190
206
203
204
204
203
198
200
205
204
204
209
204
206
207
206
208
208
206
204
202
204
202
207
203
200
204
206
202
208
212
212
212
214
214
213
212
209
210
209
207
210
212
218
219
220
222
221
219
220
220
220
219
218
216
214
214
214
214
214
222
223
224
225
226
225
226
226
224
220
220
219
216
218
218
218
218
218
216
217
216
218
214
214
216
218
218
218
219
221
220
214
215
218
214
215
215
216
219
214
212
217
213
211
214
212
201
210
208
208
209
210
212
212
210
209
213
216
212
208
208
210
212
215
215
215
214
217
219
217
217
218
216
218
218
214
217
217
218
216
215
217
218
220
220
221
221
221
219
219
222
223
220
223
224
225
226
228
226
225
227
227
226
226
227
227
226
227
226
228
230
232
232
233
232
234
236
238
240
241
244
242
242
241
243
241
240
239
240
240
241
241
240
240
236
238
238
239
240
239
240
240
240
238
240
239
240
239
239
239
240
235
239
240
242
245
248
249
251
250
251
252
256
255
257
257
258
259
259
257
255
257
256
255
254
254
253
254
258
258
259
260
260
260
262
262
264
265
257
256
255
254
255
249
248
249
245
243
239
243
244
244
242
240
240
236
238
237
237
238
239
241
241
245
246
246
246
246
246
243
239
241
239
237
233
234
233
232
232
233
233
234
233
232
231
232
241
249
250
249
248
247
245
243
239
240
239
257
258
258
261
269
266
264
263
264
264
265
265
266
264
268
265
267
269
266
266
266
259
252
255
252
252
251
250
252
254
252
248
251
250
250
251
251
254
254
255
258
258
256
255
253
253
254
256
258
258
250
253
250
255
254
252
251
251
253
254
256
257
257
258
261
262
262
264
265
265
265
266
265
265
270
269
269
267
267
267
269
268
270
269
269
268
271
269
272
272
269
269
270
266
267
269
269
270
268
269
270
267
272
270
269
270
268
268
270
270
270
272
276
274
271
271
271
270
268
269
270
271
273
273
273
271
271
271
272
270
269
269
281
278
278
281
282
282
279
281
281
282
280
277
278
278
277
277
278
280
282
282
283
284
283
280
281
279
279
280
278
277
280
282
282
286
286
287
287
287
288
291
288
291
288
289
291
291
290
288
291
293
293
294
296
297
298
301
307
303
305
308
306
305
301
300
304
304
304
304
304
304
306
307
306
304
303
301
302
304
304
303
300
302
303
304
305
308
309
308
309
310
309
309
311
311
313
313
315
317
318
318
318
322
320
319
318
316
318
321
315
313
313
308
308
309
309
306
311
310
310
313
315
310
311
312
313
311
312
310
315
316
315
316
317
320
320
319
316
314
310
312
317
315
316
317
318
319
323
322
320
318
318
318
320
320
322
322
319
321
326
329
329
331
332
331
336
331
334
334
332
330
329
331
337
350
347
353
354
355
349
329
338
