43
43
43
43
43
43
43
43
42
41
42
41
42
43
42
42
43
43
43
43
43
42
42
42
42
41
41
41
41
41
41
41
41
41
41
41
41
40
41
41
41
41
43
42
41
41
41
42
41
42
42
42
44
45
46
46
46
46
46
46
46
46
47
47
47
47
47
48
48
48
48
48
47
46
47
47
47
47
48
48
48
47
48
48
48
47
46
48
47
47
48
46
45
45
44
46
45
44
45
44
44
45
46
46
48
50
50
51
50
50
50
50
51
51
51
49
49
49
49
50
50
50
50
49
49
49
48
48
48
48
48
47
48
48
48
48
48
48
47
46
46
47
47
47
49
50
49
50
50
50
50
50
50
50
50
50
49
49
51
52
51
51
51
51
51
51
52
52
51
51
53
53
53
53
53
54
54
54
54
55
53
55
54
55
54
54
53
54
54
54
52
52
53
52
52
53
53
52
51
50
51
52
52
53
52
52
52
52
51
51
51
52
52
51
51
51
51
52
53
53
54
54
55
54
54
55
54
54
54
53
54
54
54
55
55
56
56
55
55
55
55
53
51
51
51
53
50
50
49
49
50
51
52
52
53
52
52
53
52
52
52
52
53
53
53
52
51
52
51
52
54
53
53
53
54
53
53
53
55
54
57
57
57
57
55
55
55
55
56
57
58
56
55
55
56
53
53
53
51
52
53
53
53
57
57
57
57
58
58
57
57
57
57
57
57
58
58
57
56
56
58
59
59
60
60
60
62
62
62
62
62
64
65
65
65
65
65
65
66
65
66
67
67
66
67
67
66
67
66
67
68
68
69
69
68
70
70
71
72
72
71
71
71
72
72
72
71
69
70
69
69
68
70
70
69
69
70
68
69
69
69
69
69
70
71
71
72
72
72
72
71
71
72
72
72
72
71
72
72
72
72
73
72
72
74
76
77
76
75
75
76
75
75
75
75
72
73
74
74
73
74
72
68
66
67
69
70
69
72
73
72
76
75
76
76
76
77
78
79
80
80
80
79
80
79
79
79
79
78
79
78
80
79
80
81
82
82
82
83
84
84
84
82
82
80
80
79
78
77
81
81
81
82
82
81
81
80
80
80
79
79
77
78
79
80
78
76
77
76
78
79
80
80
81
80
81
80
79
77
77
78
78
78
78
78
81
81
81
82
82
82
83
84
83
84
83
83
83
84
81
81
80
80
80
78
78
78
79
80
78
77
79
79
78
79
72
71
73
72
71
70
70
72
71
72
73
73
73
72
72
71
71
81
78
77
77
77
76
76
76
76
77
77
76
75
76
77
78
77
78
79
79
80
81
80
81
81
81
83
82
83
83
84
83
83
84
82
83
83
82
81
81
82
83
84
84
84
84
84
83
82
81
83
82
82
81
80
80
78
79
80
80
79
78
78
77
77
77
77
75
76
78
78
79
77
74
73
74
72
73
74
72
73
72
73
75
72
72
70
66
70
70
72
73
73
71
71
72
70
71
73
71
71
72
73
74
74
72
72
67
66
63
65
63
62
64
65
63
64
65
66
66
67
66
66
65
68
67
68
67
73
72
74
74
75
76
75
76
77
77
77
77
77
77
77
77
76
76
75
77
78
78
78
78
77
77
77
78
78
79
79
77
78
79
80
79
79
79
79
80
80
78
78
79
81
80
80
81
81
80
78
78
76
72
72
71
73
72
70
69
69
67
70
70
69
68
69
69
70
71
72
71
71
71
68
65
66
64
65
67
68
70
70
70
70
69
71
73
73
74
75
75
75
74
75
74
74
76
76
77
77
79
80
79
80
80
79
79
79
83
82
82
83
82
82
82
82
82
82
82
82
81
82
82
82
83
81
81
81
80
80
78
76
76
75
75
75
75
75
75
76
75
72
74
73
74
75
77
78
80
80
81
83
83
83
83
83
83
83
83
82
82
82
83
82
83
84
85
84
86
83
81
81
83
83
84
83
82
82
83
85
87
88
90
88
90
89
90
91
90
90
91
92
93
93
90
91
89
91
92
93
93
93
89
89
89
90
90
90
92
93
94
94
93
93
94
95
93
94
95
94
93
94
93
90
92
92
92
93
94
93
93
94
92
92
91
93
93
94
94
95
95
99
100
101
102
98
98
98
98
99
100
100
97
98
99
98
99
97
97
97
96
96
94
96
99
97
98
96
98
100
101
102
103
105
107
107
107
107
107
108
106
99
101
104
103
106
107
103
104
104
105
106
107
108
107
107
107
109
110
107
108
107
108
108
107
108
109
109
109
109
110
110
111
112
113
113
117
115
116
117
116
116
118
118
118
118
118
116
117
117
116
116
117
114
115
118
119
117
118
119
119
119
118
117
118
118
118
118
121
122
123
124
127
127
127
124
125
127
126
127
128
128
128
129
128
130
128
129
129
128
127
126
126
127
134
137
139
143
144
146
146
146
146
150
150
150
151
150
150
151
149
150
150
152
151
147
152
153
153
154
154
153
155
157
155
157
159
160
162
163
165
156
157
155
150
149
150
152
150
152
150
152
148
145
146
143
143
140
141
147
149
151
155
155
156
158
157
160
165
164
164
164
165
169
164
163
160
159
150
149
150
156
155
154
150
157
159
161
162
160
161
159
163
162
159
158
159
162
166
166
166
165
165
168
168
170
172
171
173
174
178
177
173
172
176
172
175
179
183
185
187
184
185
183
185
186
184
186
189
191
195
197
198
202
206
207
206
205
208
207
207
210
203
207
208
207
209
209
206
205
209
210
209
217
212
217
219
216
213
212
212
197
190
190
180
179
187
191
188
185
182
181
183
188
188
191
189
185
184
185
186
186
185
191
195
195
196
198
194
192
189
192
195
203
206
208
211
214
216
202
201
192
193
190
187
176
168
176
