62
62
61
62
62
61
61
61
59
58
59
57
57
58
58
59
61
62
63
63
63
64
64
64
64
63
64
65
65
65
65
64
63
64
63
62
60
59
58
59
59
60
61
61
59
56
57
56
56
58
59
60
62
62
60
61
61
58
60
63
63
63
63
61
62
62
64
64
66
67
67
66
65
65
67
67
66
67
67
67
67
66
65
65
64
65
64
66
68
68
69
67
68
65
66
67
68
67
67
66
65
67
68
69
69
71
69
70
71
70
68
68
69
69
68
67
70
67
68
69
68
68
69
69
68
69
69
68
68
70
69
68
69
69
68
68
70
70
69
69
69
70
71
69
69
71
70
71
71
71
70
72
72
73
73
74
73
73
72
73
74
72
73
74
74
74
75
74
73
75
75
76
76
76
76
78
78
78
79
79
78
77
73
76
75
74
74
74
75
76
75
75
76
75
77
78
79
78
78
77
78
78
77
77
78
77
77
77
76
76
77
77
77
76
77
77
77
78
78
78
79
78
79
79
80
80
80
79
79
78
80
80
81
80
80
82
82
82
82
81
80
77
76
76
77
77
79
79
78
77
78
80
81
81
82
82
83
85
85
84
86
86
86
86
87
88
87
90
90
91
91
91
91
90
91
89
90
91
91
90
91
91
90
91
90
87
90
89
89
90
92
89
87
87
89
85
88
88
91
92
93
93
93
92
91
92
90
91
93
92
92
93
94
96
95
96
97
96
96
95
96
97
97
98
98
99
99
99
100
100
100
100
100
99
99
99
99
99
99
99
99
99
99
99
100
103
99
99
98
97
98
98
99
99
98
98
98
99
100
99
98
98
99
101
101
102
103
105
108
110
109
107
106
107
108
107
109
108
109
108
109
110
110
112
111
112
112
112
113
113
113
114
114
115
114
114
114
114
114
113
113
113
111
112
112
112
115
114
113
111
111
110
112
112
108
104
103
102
101
99
103
99
96
88
84
84
92
89
93
96
94
92
89
87
84
89
92
92
88
84
85
87
87
88
89
89
88
88
88
89
88
94
91
91
90
84
76
77
78
78
83
80
77
78
74
71
72
71
72
81
80
82
81
82
81
81
81
80
80
79
76
75
76
79
78
77
74
75
75
79
78
82
81
80
78
79
77
77
79
84
86
86
88
88
88
88
88
89
89
88
88
91
90
92
92
88
87
86
86
86
87
86
88
86
85
85
85
84
84
82
86
86
86
87
86
86
88
87
87
88
88
88
91
92
92
91
92
92
94
96
95
96
96
97
97
101
101
102
103
104
104
105
104
104
101
107
104
103
103
105
104
104
104
102
102
103
102
101
100
101
102
101
103
101
99
100
100
103
104
104
103
103
105
105
105
105
105
105
105
106
103
102
104
102
100
99
96
97
99
99
99
101
101
100
97
96
96
96
94
89
93
93
94
95
93
91
92
91
90
88
89
88
89
89
87
87
85
84
83
75
82
81
83
84
83
82
83
83
81
82
85
83
83
84
83
84
86
85
86
85
85
82
85
83
81
82
85
84
89
91
95
96
98
95
92
92
94
95
93
93
94
93
95
94
91
91
92
92
93
94
96
95
95
96
94
94
91
90
92
94
94
95
93
94
94
96
94
96
96
96
96
95
96
89
88
88
86
85
87
89
89
87
88
88
88
89
88
88
88
87
86
88
85
82
81
79
77
80
75
75
75
72
72
77
78
76
77
79
78
78
75
75
76
79
78
75
76
73
75
78
79
80
80
80
80
76
77
81
81
81
81
80
80
82
83
82
83
86
87
84
83
87
90
88
86
86
84
86
84
86
86
84
87
85
85
85
86
85
86
89
89
89
87
89
91
91
93
89
89
90
88
86
83
83
82
82
81
82
81
82
83
81
81
83
83
82
81
80
80
81
83
81
82
81
82
80
80
82
83
82
79
80
79
79
78
79
81
80
80
79
77
74
73
74
75
75
74
73
74
75
77
77
78
78
78
78
78
79
79
79
78
79
79
78
76
75
75
72
73
75
75
76
75
75
76
75
78
77
77
78
79
79
79
78
79
79
79
80
79
79
80
79
80
78
76
76
75
75
76
78
79
78
79
78
77
76
78
80
81
81
81
80
81
84
82
82
80
79
81
80
81
80
81
81
82
82
79
81
81
80
80
78
78
78
80
79
78
81
83
82
82
83
84
83
84
86
85
86
87
85
86
91
91
90
88
88
89
90
89
89
89
88
89
89
88
88
88
87
88
87
86
86
87
87
88
89
88
87
87
88
90
90
90
90
91
91
92
95
96
95
95
94
94
95
94
94
93
92
92
92
93
92
93
93
92
93
94
94
92
91
91
93
93
92
92
91
91
90
90
90
89
90
91
91
90
90
88
88
88
87
89
91
91
91
91
90
91
89
89
90
88
88
86
85
85
86
86
86
87
87
87
87
86
85
83
83
82
82
82
81
82
82
81
82
83
82
80
81
82
81
82
82
81
81
80
80
80
80
78
79
79
80
82
81
83
80
80
81
80
80
80
80
81
81
83
84
84
85
86
83
83
84
84
85
86
86
86
86
85
87
87
87
88
88
88
89
90
89
89
88
89
89
89
89
89
87
87
88
88
88
86
87
89
88
89
90
91
90
89
91
90
91
90
92
92
92
94
94
94
94
95
96
97
96
96
97
98
100
100
100
99
101
100
99
99
99
98
98
97
99
98
98
98
98
100
99
99
101
100
99
99
105
104
104
103
106
107
106
105
104
104
103
103
103
103
104
105
104
104
105
104
105
106
105
103
104
104
105
107
107
108
107
108
106
108
110
110
110
110
110
110
110
112
111
112
113
113
114
114
115
116
118
118
116
116
117
119
119
119
120
121
122
120
119
119
118
112
106
113
