52
53
52
52
52
52
52
52
51
52
53
51
51
52
52
52
52
53
53
53
53
53
52
53
53
52
52
52
52
52
52
52
53
54
54
54
54
53
53
53
53
53
53
53
53
52
53
53
52
52
53
53
53
53
54
54
54
54
55
55
55
55
55
55
55
56
57
57
57
58
58
59
57
57
58
57
57
58
57
58
56
56
57
57
56
56
56
57
57
58
59
58
58
56
57
57
57
57
58
58
58
59
60
59
59
60
60
60
60
58
60
60
59
60
60
59
60
60
60
62
62
64
64
64
65
65
65
64
64
64
62
62
62
62
62
62
62
63
61
61
61
61
61
62
62
63
64
64
65
66
67
67
67
68
69
69
69
68
68
68
68
68
67
68
67
67
67
67
66
67
68
68
69
69
69
71
72
72
72
71
72
72
73
73
73
72
74
73
74
74
72
73
74
74
74
74
75
75
75
74
75
76
76
76
76
76
75
75
75
76
76
76
79
79
79
79
80
80
80
81
83
81
82
82
83
84
84
83
83
83
84
84
85
84
81
83
82
82
82
82
84
82
79
77
78
80
76
76
74
73
73
76
77
77
76
75
77
78
77
77
76
76
76
77
77
78
77
78
79
78
78
78
77
77
78
77
77
78
79
78
79
76
78
76
74
73
74
75
75
75
75
72
71
72
74
70
70
72
73
74
74
74
74
74
72
71
71
72
76
74
73
74
74
74
74
75
75
75
74
73
73
74
74
76
76
77
77
77
77
77
77
76
76
77
77
77
77
77
76
76
75
75
75
75
74
74
73
73
73
73
74
75
77
76
76
76
76
76
76
78
79
77
77
77
78
78
78
76
76
76
76
76
75
75
75
75
76
74
76
75
76
77
76
76
77
76
77
77
76
77
77
76
76
76
76
76
76
77
76
76
76
76
75
76
77
77
78
77
76
76
77
75
74
74
74
73
74
75
74
73
74
72
71
70
70
70
72
71
73
74
74
74
74
75
76
78
83
84
84
84
86
86
85
85
84
85
84
84
83
84
84
86
85
85
86
87
87
88
88
88
90
89
87
88
87
87
85
84
83
86
87
87
87
88
88
88
87
87
87
85
84
84
85
86
84
84
82
84
82
84
84
83
84
84
83
83
80
84
82
83
84
85
86
84
85
84
85
88
88
87
88
89
91
91
92
93
91
90
92
91
92
93
91
90
88
88
89
88
88
88
89
90
90
89
90
87
88
88
87
87
87
86
87
88
89
89
89
88
89
89
88
87
88
88
91
91
91
90
91
90
90
91
91
91
91
93
93
92
93
93
94
93
94
94
93
93
93
92
93
93
92
92
93
93
92
92
92
92
94
94
93
93
94
95
96
96
96
95
96
95
94
93
94
94
93
95
93
94
94
95
96
96
96
96
97
97
96
97
97
95
95
94
97
99
98
97
98
99
97
98
97
97
97
97
98
98
97
96
94
86
91
89
93
94
93
90
90
91
91
92
91
90
90
91
91
92
93
92
93
92
92
91
92
91
89
90
91
89
93
94
95
95
96
96
96
96
96
97
97
97
98
97
99
98
99
99
100
101
99
99
100
100
101
101
100
101
101
98
97
99
98
99
99
100
99
99
98
99
98
98
97
96
98
97
99
98
96
95
97
100
101
99
97
98
98
99
98
99
100
98
95
95
93
92
92
90
92
92
89
88
90
85
85
88
88
87
87
85
81
89
88
87
86
86
81
79
83
80
84
86
87
87
86
88
87
85
87
88
87
88
90
90
90
90
87
87
88
88
89
88
89
90
92
92
92
92
91
92
91
94
94
94
96
94
94
94
94
94
94
94
96
96
97
98
98
98
96
97
97
97
98
97
97
97
96
96
96
97
97
98
97
96
96
96
95
95
95
96
96
97
97
97
97
96
96
96
96
97
97
98
96
95
94
94
93
94
94
95
95
95
91
90
90
91
93
89
88
87
87
88
89
89
90
91
92
91
91
93
93
93
94
93
94
95
96
95
95
95
95
96
97
97
97
96
96
96
96
96
95
95
95
96
96
95
96
96
97
97
97
97
98
98
99
99
98
99
99
99
99
100
100
101
102
102
101
101
101
102
101
101
102
101
102
103
103
103
102
101
101
101
102
102
103
102
103
103
103
103
105
107
107
104
104
104
105
106
105
107
104
105
101
102
104
105
105
106
106
105
105
104
104
102
100
102
104
103
105
105
104
104
103
104
105
104
104
104
104
104
105
105
104
104
104
105
107
107
108
108
107
108
109
108
109
109
109
110
110
111
110
110
109
106
107
105
106
107
107
107
107
108
108
108
109
110
109
109
110
110
111
110
110
111
112
111
111
111
111
111
111
111
111
111
112
113
113
112
111
111
112
111
112
112
112
113
113
112
112
112
112
112
112
112
111
112
112
112
113
115
116
116
116
117
117
117
118
118
118
118
118
117
116
117
116
117
118
117
116
117
118
119
120
121
122
121
122
123
123
126
126
125
125
125
122
121
123
121
121
123
123
124
123
124
124
123
123
125
122
122
121
121
121
122
123
125
126
126
127
127
128
128
129
129
130
130
132
129
128
129
130
130
130
130
130
129
129
128
129
131
132
132
131
131
133
133
133
133
133
133
134
134
134
133
133
136
136
139
143
142
140
142
142
142
142
142
142
142
139
139
139
141
142
142
143
143
144
143
145
146
147
148
148
146
146
145
146
146
146
146
147
147
151
151
150
148
148
149
150
149
149
149
149
149
149
149
149
149
150
152
151
153
154
154
149
150
150
144
145
148
150
150
151
152
152
153
154
153
152
152
151
151
152
152
152
152
152
155
156
159
160
159
160
162
164
163
165
166
167
168
168
168
169
170
167
168
173
172
167
160
169
