66
67
67
68
67
68
68
69
69
69
70
69
69
70
70
70
70
69
69
69
68
68
68
68
69
70
71
70
70
69
69
69
69
69
69
70
70
70
70
71
71
71
70
70
70
69
68
68
69
69
69
69
69
68
68
69
68
69
69
70
71
71
72
72
72
72
73
73
74
74
75
74
72
72
72
70
70
69
66
66
67
67
67
66
65
65
64
65
65
65
64
63
62
62
63
66
66
67
68
67
68
67
66
66
68
68
68
67
67
68
68
69
69
70
69
68
68
68
69
69
68
66
65
66
65
65
64
65
65
63
62
62
61
61
62
62
63
63
62
63
62
62
62
61
61
61
62
63
62
63
62
63
62
62
63
64
63
62
62
62
62
63
63
62
64
62
61
62
62
61
62
63
63
62
63
65
65
66
67
67
66
67
67
67
67
66
66
66
64
64
62
62
62
61
62
62
62
62
62
62
62
61
61
60
61
60
60
60
61
62
62
62
62
60
61
60
60
60
60
60
61
60
61
61
61
61
61
61
62
62
62
62
62
62
61
62
62
62
63
63
63
63
63
62
62
63
63
64
64
64
66
65
67
67
67
67
68
68
68
68
68
68
68
69
68
67
67
69
69
68
68
67
67
67
67
67
68
68
68
66
67
67
67
68
67
68
68
68
68
68
69
69
69
69
69
67
68
68
68
68
68
69
69
69
69
69
70
69
70
69
70
71
71
72
72
72
72
71
71
72
72
72
73
71
71
71
72
72
72
72
72
73
73
73
72
72
71
71
71
71
71
71
71
72
72
72
72
72
72
73
73
73
73
72
73
73
72
72
73
73
74
73
74
74
73
74
74
74
74
74
75
73
70
70
71
70
71
71
71
71
71
71
71
71
72
72
72
72
72
72
72
72
72
73
73
72
72
73
73
72
71
71
68
68
69
68
67
67
66
66
66
66
66
66
66
66
67
67
66
66
67
67
67
67
67
67
68
68
69
70
70
70
70
70
70
71
71
71
72
72
71
71
71
72
72
71
71
71
71
72
72
72
73
73
73
73
74
72
73
72
72
72
72
73
74
74
73
72
73
75
74
75
76
76
76
76
76
76
74
76
76
76
78
78
80
80
79
81
81
82
80
81
82
82
82
82
82
81
79
79
79
79
78
75
74
74
74
74
74
74
75
74
75
74
73
73
72
73
73
73
73
73
72
72
72
73
74
74
75
77
77
78
80
79
78
77
77
77
78
77
77
78
79
78
79
77
75
75
75
74
75
75
76
76
76
77
77
77
76
77
75
77
77
75
75
77
77
75
75
75
76
76
77
77
77
77
77
76
77
77
77
77
76
75
74
75
74
73
74
74
74
74
74
74
75
75
74
74
74
73
74
74
73
75
75
76
76
76
77
77
76
76
77
77
77
78
78
78
77
77
77
76
78
80
80
81
80
80
80
82
81
82
81
82
83
84
84
83
82
79
79
78
79
80
81
78
78
79
77
77
77
75
76
78
78
79
80
80
82
81
81
82
81
81
80
81
82
83
84
84
83
84
84
84
83
83
82
84
84
86
86
86
86
86
86
86
85
88
85
87
86
86
85
83
82
84
84
84
84
85
87
87
88
89
88
88
88
89
89
90
88
87
89
88
88
88
87
88
90
89
92
90
91
91
91
91
91
92
93
92
90
90
90
90
91
90
91
90
89
88
91
90
90
90
91
93
95
93
93
93
94
93
90
87
85
84
86
85
86
86
88
89
91
92
92
91
92
92
92
91
94
95
94
93
94
94
95
94
96
96
97
99
101
100
99
100
99
99
100
101
101
102
103
101
101
102
102
103
101
101
99
96
98
99
99
97
95
96
98
97
96
96
96
97
97
99
100
102
103
103
101
102
103
103
101
99
100
100
100
102
101
101
102
102
102
103
100
98
98
98
98
98
100
100
101
102
102
102
102
103
101
101
103
105
105
107
107
109
109
109
108
108
108
109
107
106
105
106
106
106
107
106
105
103
104
106
106
104
104
103
103
103
103
103
101
98
97
94
95
95
95
95
94
93
94
94
94
94
94
95
96
96
96
94
92
93
92
93
92
93
95
95
96
96
96
98
96
97
97
94
92
91
87
87
86
87
85
87
89
90
91
92
93
92
94
92
92
92
91
90
93
92
93
94
95
94
95
93
92
91
93
90
90
90
89
89
90
91
92
92
94
91
91
89
89
89
89
92
93
95
96
94
96
98
97
97
94
96
96
97
96
97
98
98
98
98
98
97
96
95
96
95
97
96
95
96
96
97
97
97
96
95
95
94
98
98
98
97
98
98
99
98
98
98
100
99
101
101
102
102
103
103
103
101
101
101
100
100
99
97
99
99
101
101
102
102
102
101
102
102
101
101
102
102
102
102
102
103
103
102
102
103
102
101
102
102
102
101
102
101
102
99
97
100
100
99
98
99
100
99
99
98
99
98
99
99
100
100
100
100
100
101
101
101
101
102
103
104
106
105
107
107
107
107
109
109
110
110
110
110
110
109
109
108
107
105
105
106
106
104
102
102
101
100
100
100
100
101
101
102
101
101
102
101
101
103
104
104
104
104
104
104
104
104
105
105
104
106
107
107
106
106
107
107
108
108
107
106
106
107
107
106
107
107
107
108
109
107
106
107
108
108
108
107
107
107
107
107
106
106
107
107
107
108
108
108
109
108
108
110
109
107
107
105
105
105
104
104
103
100
101
102
103
103
102
104
104
105
106
105
106
106
104
102
103
103
103
104
105
104
103
102
102
103
103
102
102
102
102
103
103
104
102
103
103
101
100
100
99
100
100
100
101
101
99
99
97
96
96
94
93
92
92
93
92
92
92
93
95
95
95
94
93
93
94
91
92
88
89
