62
62
61
62
62
62
62
62
61
61
61
60
60
60
60
60
61
62
62
62
62
62
62
62
62
62
62
62
62
62
63
63
63
64
65
65
65
64
64
65
66
66
66
67
67
66
67
66
66
67
67
67
68
68
69
70
70
70
69
72
71
70
70
70
70
70
70
70
70
70
71
71
68
67
68
66
66
65
65
64
63
62
63
63
62
62
61
63
62
62
63
60
58
58
58
60
61
61
61
61
61
62
61
62
63
64
64
64
65
65
65
65
65
66
66
64
64
64
64
64
62
62
62
61
62
62
62
61
61
60
60
58
57
56
57
56
56
57
56
56
56
57
57
56
56
57
57
58
57
57
57
58
58
58
60
59
58
58
58
57
58
57
56
57
57
56
55
56
55
56
56
56
56
56
58
59
59
58
59
59
60
60
58
59
59
59
60
59
59
58
57
57
57
57
58
58
59
58
58
57
58
58
57
57
58
57
57
57
58
60
60
60
60
59
59
59
58
59
59
59
59
59
60
59
59
59
59
58
59
59
59
59
59
59
59
59
59
59
58
59
59
58
57
56
56
56
55
57
56
57
58
59
59
60
60
60
61
61
60
61
60
61
61
61
61
60
60
61
62
62
61
60
60
60
60
60
60
61
61
60
60
61
60
62
60
61
62
62
62
63
63
63
63
64
64
63
63
64
65
66
65
65
65
64
64
64
65
64
65
65
65
65
65
65
66
66
66
65
65
65
66
66
65
65
65
66
66
66
66
66
66
66
67
68
67
66
66
65
65
65
65
66
66
67
67
67
66
66
66
67
67
67
67
66
67
67
67
67
68
68
68
68
68
68
68
68
68
67
67
68
67
66
65
65
65
64
64
65
65
65
65
66
66
65
65
65
66
65
65
65
65
65
65
65
66
66
66
66
66
66
65
66
64
64
66
65
65
65
64
64
63
63
63
64
64
64
64
64
64
64
66
66
66
66
66
65
66
66
67
68
68
68
68
69
69
69
70
71
71
72
71
69
68
70
69
69
68
68
69
74
76
77
78
78
78
79
79
79
80
80
80
80
80
81
82
81
81
80
80
82
83
82
84
84
83
84
84
85
84
84
85
86
87
87
87
88
88
89
88
89
87
88
91
89
88
88
87
86
86
87
88
89
89
88
87
88
88
87
86
85
85
83
84
84
83
83
82
84
84
84
87
87
91
92
93
92
93
95
91
92
92
86
89
87
88
87
87
87
86
80
80
80
80
78
79
81
81
82
81
82
83
83
83
82
83
83
83
83
82
81
82
83
82
81
81
84
82
81
82
82
84
83
83
83
82
83
82
82
82
82
82
84
83
81
80
81
80
80
80
81
81
81
82
83
77
77
76
77
77
76
76
76
75
77
77
78
78
78
78
78
78
78
79
78
78
78
77
77
76
77
78
79
79
79
79
79
80
80
80
80
80
80
80
80
80
80
81
81
80
76
76
74
76
77
77
75
75
76
74
74
75
72
72
74
75
75
76
76
78
78
77
78
77
77
76
77
77
77
78
79
79
80
80
80
80
81
81
82
83
84
83
84
84
84
84
85
85
86
85
86
85
85
85
79
78
78
77
77
75
76
76
79
80
80
79
79
79
80
79
79
77
77
79
79
78
78
77
77
77
79
80
79
78
80
79
80
80
81
82
82
80
80
82
80
81
79
80
79
78
76
77
76
76
77
78
78
78
77
77
78
78
78
77
78
76
74
75
74
75
76
76
75
76
78
79
78
79
80
80
80
80
81
79
79
79
78
79
79
80
79
79
80
80
80
79
79
78
78
79
79
79
79
80
79
79
79
79
80
79
79
79
79
79
79
79
78
77
77
77
77
77
76
76
76
75
78
79
80
81
81
78
77
75
76
73
72
73
75
75
76
75
76
76
76
77
77
77
77
78
78
78
79
79
79
79
80
81
81
82
82
80
81
82
83
84
86
85
86
86
86
88
88
89
89
88
89
89
89
89
89
89
89
88
88
89
92
89
88
86
86
86
86
87
85
84
84
84
82
83
83
81
83
82
82
83
82
83
82
82
82
82
83
83
81
80
80
79
79
80
80
82
80
82
82
82
83
82
82
81
81
79
78
76
76
76
76
76
76
77
77
77
76
77
76
77
77
76
75
72
71
70
69
67
67
69
69
68
68
69
70
72
71
70
69
69
69
69
69
69
69
69
68
68
68
69
69
70
71
71
72
71
69
69
70
70
70
68
68
68
69
69
69
71
71
70
72
73
71
70
69
69
70
70
70
69
70
70
70
70
70
68
68
69
68
69
69
67
67
67
68
69
68
67
67
67
66
68
68
67
68
68
68
67
67
66
66
65
64
64
64
63
63
65
64
64
64
64
63
63
63
63
64
64
64
64
65
64
64
64
64
65
65
65
66
66
67
66
66
66
64
64
62
63
62
65
64
62
62
62
60
60
60
59
58
58
57
57
58
59
59
58
60
60
59
58
57
58
57
57
57
58
57
58
59
60
58
59
58
57
58
57
57
58
58
59
59
59
58
59
58
57
57
57
57
57
58
59
59
59
59
59
59
58
59
60
61
58
58
57
56
57
59
60
60
60
57
57
57
55
55
54
53
53
53
54
54
54
53
53
53
53
53
54
54
55
54
54
54
54
56
55
55
53
53
53
53
55
56
55
55
55
55
55
57
57
56
57
58
58
58
58
58
58
57
57
57
58
57
56
57
56
56
55
55
54
54
54
59
58
62
65
64
65
64
65
64
63
63
64
64
64
64
64
65
64
66
65
65
65
65
65
67
67
67
66
66
66
65
64
65
66
66
66
66
66
66
64
65
65
63
63
63
63
62
63
63
64
68
69
67
66
66
66
64
65
62
61
59
59
