94
95
95
95
94
94
94
94
93
94
95
96
95
96
96
96
96
96
97
98
98
99
99
99
99
99
99
99
98
99
99
98
98
99
99
99
100
100
100
101
102
101
101
102
103
102
103
102
101
99
99
100
101
101
102
102
102
101
103
103
102
102
101
100
100
100
101
102
101
101
102
102
101
101
101
101
98
97
97
98
98
96
97
100
99
99
98
99
99
99
100
98
97
97
98
98
99
100
99
100
100
101
100
100
100
101
101
102
100
100
100
100
98
98
97
97
97
98
98
98
99
99
99
99
99
99
98
97
97
96
96
95
95
96
95
95
96
95
95
95
96
95
95
94
95
96
96
97
97
97
97
98
98
98
98
98
97
97
98
98
98
96
96
96
95
95
94
94
94
94
95
94
94
94
95
96
94
95
95
94
95
95
96
96
96
97
97
97
98
98
97
97
97
97
98
97
97
98
98
98
98
99
99
98
97
97
97
96
95
96
96
96
96
95
94
95
95
95
96
95
97
96
97
97
97
97
97
97
97
96
96
96
96
96
95
95
95
96
95
95
95
95
94
94
94
93
93
95
93
93
94
95
96
95
95
95
95
96
96
96
96
96
96
97
95
95
94
95
95
95
96
95
96
98
99
97
98
98
97
96
97
96
96
96
96
96
97
98
98
98
98
98
97
98
99
99
100
101
101
101
100
100
99
100
100
101
100
102
101
101
101
101
101
102
102
103
103
104
103
103
103
102
102
103
103
102
102
101
101
101
102
101
102
102
102
102
101
100
99
100
101
102
101
102
102
102
101
102
101
101
100
101
101
101
100
100
100
101
101
100
100
99
99
99
95
96
95
95
96
96
96
95
94
94
94
93
94
93
94
93
94
94
94
94
95
94
94
95
95
94
94
94
94
93
93
93
93
93
93
91
93
93
93
93
94
93
94
94
94
94
95
94
94
96
94
94
95
94
94
93
94
93
92
91
90
89
90
91
90
91
92
91
92
92
93
93
94
94
94
95
95
94
96
95
95
96
95
96
96
97
97
97
97
97
96
96
96
95
95
95
96
93
91
91
90
91
91
88
89
92
94
93
94
94
94
94
95
94
94
93
93
93
94
94
94
94
91
92
91
92
90
91
91
89
90
90
92
93
92
93
94
94
94
93
93
94
94
95
95
94
94
94
94
94
95
97
99
99
100
100
99
98
97
97
96
95
96
97
97
96
97
96
97
98
99
98
97
97
98
97
96
96
96
97
97
97
97
97
97
96
95
95
96
97
97
97
99
96
97
97
97
97
96
96
96
98
98
97
98
98
98
98
98
101
100
99
99
99
98
98
96
96
96
96
96
96
96
95
96
95
95
94
95
96
96
96
98
97
97
96
97
96
95
96
96
96
96
97
97
98
98
98
99
98
98
98
98
99
97
96
96
97
98
100
100
99
100
100
99
99
99
98
98
99
99
100
100
101
99
92
95
93
96
96
96
93
96
97
95
96
97
95
95
97
97
99
99
97
97
97
97
97
98
97
97
98
98
97
100
101
101
102
103
103
103
104
103
105
104
104
104
110
111
112
112
112
113
113
112
112
112
113
112
113
113
114
114
112
110
111
111
113
113
114
114
114
114
114
115
114
114
114
116
116
116
117
116
116
118
117
118
117
117
118
118
119
118
119
120
119
117
117
118
117
116
116
117
118
116
114
117
117
117
118
122
120
121
121
123
123
124
124
121
121
114
116
118
116
117
118
119
119
117
117
117
116
117
118
117
118
119
117
117
117
116
119
120
120
122
122
123
123
123
124
124
124
124
124
123
125
126
125
127
127
127
127
128
128
128
128
127
127
128
129
129
129
128
125
127
128
128
128
127
127
128
129
129
131
131
131
130
130
129
130
127
125
125
123
123
124
123
124
123
122
121
121
122
122
122
122
122
122
123
123
122
122
123
124
121
121
119
118
117
119
120
120
120
119
121
121
122
122
122
124
124
124
124
127
126
127
128
124
122
120
119
118
118
118
118
119
119
118
118
119
120
119
118
118
117
117
115
116
115
115
116
115
115
116
116
116
117
117
117
116
114
116
115
115
116
116
116
116
117
116
117
117
116
115
115
115
115
114
113
114
114
115
114
114
115
114
113
112
111
113
114
114
112
112
112
112
113
112
113
112
112
113
112
115
115
115
118
119
119
119
120
120
120
120
120
120
120
119
118
119
119
119
120
121
122
122
123
123
123
123
123
123
123
123
123
123
123
123
122
119
119
119
121
120
121
120
122
121
123
122
122
122
122
121
122
122
123
123
122
123
123
124
125
125
124
125
126
126
126
127
127
127
128
128
128
128
127
128
129
128
128
128
128
128
129
128
128
128
128
129
129
129
129
129
129
129
129
129
129
129
130
129
130
130
130
130
131
131
131
131
132
133
133
134
134
138
142
142
140
140
141
142
143
143
144
144
144
144
144
145
147
147
146
147
148
148
148
150
150
150
150
151
153
154
152
151
152
152
151
149
150
150
151
152
154
154
154
155
155
154
154
155
153
153
153
153
153
156
155
155
156
155
155
155
154
154
154
154
158
159
156
156
156
155
154
157
155
154
155
155
154
157
157
158
158
159
158
158
158
159
159
159
159
159
158
160
160
159
159
158
160
160
160
157
157
158
158
157
158
160
159
158
156
154
156
158
156
157
157
157
159
160
160
161
163
164
165
165
165
166
167
166
165
163
164
164
165
166
166
167
168
169
170
170
169
166
165
167
168
168
168
167
168
169
169
169
169
172
170
173
173
173
173
173
173
173
173
172
173
174
175
174
174
173
171
171
171
173
173
174
173
173
174
174
174
174
174
173
174
174
175
175
176
176
177
176
176
178
177
174
170
171
169
158
165
