37
36
36
36
37
37
37
37
37
37
37
36
36
37
36
37
37
37
37
37
37
37
37
37
37
36
36
36
36
36
36
36
36
36
37
36
36
35
35
35
36
36
37
37
36
36
36
35
34
34
35
36
36
36
36
36
36
36
38
37
37
37
37
37
37
37
37
38
37
37
37
37
36
36
37
37
37
37
36
38
37
37
36
37
36
37
36
37
37
37
38
37
37
37
37
37
37
37
38
37
37
38
38
38
38
39
39
39
39
40
40
40
40
40
40
40
39
39
39
39
41
41
41
42
41
41
41
40
41
41
40
39
39
39
39
39
39
39
39
39
39
38
39
39
39
39
39
39
39
39
40
40
40
40
40
40
40
41
41
41
40
40
40
40
40
39
39
39
39
39
40
40
40
40
40
40
40
41
40
39
39
39
40
40
42
43
43
42
43
43
42
43
43
43
43
43
43
43
42
43
43
44
44
43
43
43
43
43
43
43
43
43
43
43
42
42
42
42
43
43
44
44
45
44
44
45
45
44
45
45
45
45
45
45
45
46
46
46
47
46
46
45
44
44
45
45
45
45
44
43
44
44
45
44
47
45
46
45
45
45
45
45
45
45
45
46
45
45
46
47
47
47
47
46
47
46
46
47
47
47
48
48
48
48
47
47
47
48
48
48
49
47
47
48
48
47
47
47
47
47
47
48
48
48
48
47
47
47
48
47
46
47
46
47
47
47
48
47
46
46
46
46
46
46
46
47
47
47
47
47
47
47
48
48
49
49
49
49
49
49
49
49
49
49
49
49
49
49
48
49
49
50
50
50
49
49
49
49
49
49
49
49
48
48
49
49
47
47
46
46
46
47
47
46
46
46
47
46
46
46
47
47
47
47
47
47
48
48
48
48
48
47
48
49
49
49
49
49
49
48
48
48
48
47
48
49
49
48
48
48
48
48
47
47
47
46
46
47
46
45
46
40
40
39
37
37
40
38
40
41
40
40
41
41
42
42
45
43
43
43
44
44
43
44
43
44
43
43
44
44
43
44
44
44
44
45
45
45
45
47
46
46
45
45
46
44
44
43
43
45
45
45
46
46
46
46
45
46
45
45
44
43
44
45
44
45
44
46
44
45
45
47
47
46
46
46
46
47
45
45
45
47
49
48
48
49
50
52
50
51
50
50
51
51
51
51
51
52
52
51
52
51
51
51
49
49
50
50
50
50
50
51
51
50
50
48
48
49
50
49
48
48
48
49
49
50
50
49
49
50
50
50
50
49
48
48
47
47
47
47
48
49
49
48
47
48
49
49
49
50
50
49
49
48
49
48
48
48
48
49
49
49
49
48
47
47
46
47
48
47
47
47
48
48
49
50
51
50
50
49
48
48
48
47
46
46
45
45
45
45
45
45
45
44
45
44
43
42
43
42
41
43
43
43
42
42
43
44
43
44
44
43
44
43
43
43
43
42
41
38
41
41
42
42
43
41
41
41
41
44
45
44
44
44
44
44
44
43
43
42
42
41
42
41
41
42
43
42
44
45
46
46
46
46
46
46
48
47
47
47
48
48
49
49
48
48
48
47
48
49
49
50
48
48
48
47
47
46
44
46
46
47
47
47
46
47
47
48
49
48
47
46
47
46
46
45
45
45
45
46
48
46
46
47
47
47
47
48
48
48
46
46
45
44
43
42
42
42
41
41
42
43
43
44
43
43
44
44
43
44
44
42
42
43
42
41
41
40
40
41
42
42
42
43
43
42
44
44
45
45
45
46
46
47
47
47
48
48
49
48
48
48
48
49
48
48
48
48
48
49
49
48
48
48
49
48
48
49
49
48
49
49
49
49
48
49
49
50
50
50
50
49
49
49
49
49
47
48
48
48
48
47
47
48
48
48
48
49
49
50
50
51
51
51
52
52
52
52
53
53
52
52
52
52
52
52
52
52
52
52
51
50
49
50
50
51
50
50
50
51
53
53
53
54
54
55
54
54
54
54
54
55
58
57
57
56
56
55
55
56
57
60
61
60
62
61
61
61
61
61
61
62
61
61
61
62
62
62
62
63
63
61
61
60
58
60
59
59
60
61
61
61
62
61
60
60
61
62
62
62
62
62
62
63
62
61
60
59
59
59
59
59
60
59
60
61
61
61
60
61
61
60
60
60
61
65
62
65
62
64
64
65
65
65
65
65
66
66
66
66
66
66
61
63
63
64
65
65
64
64
65
65
66
65
65
65
66
65
65
66
65
65
65
64
64
63
64
64
65
66
67
66
65
66
66
67
67
68
69
68
69
69
68
68
69
69
69
76
72
71
71
71
71
72
72
72
73
73
72
73
73
73
73
73
73
74
74
73
74
74
74
74
75
74
74
75
73
73
74
73
73
73
74
74
74
74
74
73
74
74
73
73
72
73
73
75
76
75
75
76
77
77
77
76
76
76
75
75
75
75
80
78
79
79
80
81
78
79
80
81
82
82
81
82
83
84
84
85
84
86
87
87
82
84
84
81
82
82
83
81
81
80
82
80
79
79
78
78
76
77
77
78
79
80
80
80
81
81
82
83
82
81
80
82
83
81
81
81
81
80
81
84
85
84
83
81
83
84
84
83
82
82
82
82
83
83
83
83
84
86
87
87
86
86
87
88
89
88
88
90
90
91
91
88
88
89
89
88
89
89
90
91
91
92
91
92
92
92
91
92
92
92
92
92
94
93
93
93
93
94
94
95
94
92
94
94
95
91
92
91
91
91
90
90
91
91
92
92
90
90
89
90
87
86
87
86
86
86
88
87
87
86
86
86
87
89
90
90
89
88
89
89
89
89
91
92
93
92
93
92
91
92
94
94
96
98
98
99
97
96
94
96
96
96
95
94
93
88
88
