103
103
104
105
105
104
103
104
103
103
104
103
104
106
106
107
107
109
108
109
109
110
110
111
111
110
109
107
107
107
108
108
107
108
108
108
109
108
107
107
107
107
108
109
108
107
107
107
106
106
107
106
107
105
104
104
106
106
108
108
108
112
116
116
115
115
115
116
116
117
118
118
117
117
118
113
114
115
114
113
112
112
113
114
114
114
112
114
115
115
115
113
112
111
112
112
116
116
116
116
114
116
116
116
116
118
118
119
119
118
118
118
119
119
119
118
121
124
124
123
123
123
123
124
123
124
124
124
123
124
123
122
122
122
122
122
123
123
122
121
121
122
123
123
123
123
124
125
126
128
129
130
130
131
132
132
131
129
129
129
128
128
129
131
130
130
131
138
134
135
138
138
138
139
140
143
142
136
143
155
152
153
153
156
156
156
159
160
159
157
156
159
158
157
158
160
161
159
160
159
161
164
165
165
166
166
163
164
163
162
163
160
157
158
158
158
158
160
160
161
162
161
161
162
161
161
161
160
166
161
166
175
176
175
168
168
167
169
169
169
174
176
173
173
174
176
176
175
171
169
169
172
175
172
175
174
176
177
178
177
178
176
176
177
175
175
175
178
182
182
183
182
181
182
184
183
181
182
183
182
187
181
178
178
173
173
177
177
176
176
174
172
168
169
173
166
166
168
170
169
170
172
171
171
170
168
168
168
167
168
166
168
167
167
166
172
180
178
177
177
178
181
180
184
184
183
182
183
188
190
190
191
190
190
189
186
185
186
183
183
182
185
186
185
185
182
184
187
188
189
186
189
189
190
189
188
188
189
190
190
190
188
189
191
189
191
194
193
192
192
192
193
196
196
192
191
191
187
190
190
190
190
193
192
192
194
194
194
193
194
194
191
194
195
197
195
196
198
200
197
195
194
193
191
195
196
197
195
196
195
197
194
194
196
195
193
196
200
195
195
200
196
194
190
186
182
188
190
195
197
198
199
201
203
196
199
207
204
203
205
202
202
200
201
202
203
204
204
204
207
205
206
206
209
209
208
210
209
211
212
212
213
210
211
209
209
206
205
202
208
213
211
212
209
210
209
210
211
209
206
209
210
216
217
218
217
213
214
211
216
214
215
219
217
218
219
218
219
213
215
212
212
221
221
220
222
225
224
225
226
225
225
230
230
231
229
229
229
229
227
229
229
225
223
221
223
225
226
228
228
229
228
230
230
228
225
226
228
228
226
223
222
225
222
223
223
224
224
227
226
225
229
231
231
230
229
231
227
227
226
224
225
225
222
223
226
229
228
233
234
239
240
244
242
241
239
239
238
238
239
237
238
237
236
235
235
234
234
238
237
234
234
235
233
236
238
236
235
231
230
226
226
227
227
222
226
227
227
230
232
232
234
236
234
235
235
232
235
230
226
226
227
221
218
222
223
225
223
218
218
216
214
215
214
214
216
214
213
209
192
203
194
200
199
201
195
199
198
193
196
197
193
194
198
197
203
204
204
204
199
199
197
198
192
185
186
185
184
187
190
184
184
186
190
191
191
190
195
195
195
190
188
183
187
189
182
187
186
180
181
183
182
188
183
183
185
183
179
180
183
186
188
186
190
188
190
190
190
190
191
190
191
191
188
188
188
189
190
192
188
191
189
194
195
198
200
199
202
201
199
194
195
192
190
188
169
165
164
158
162
166
167
170
172
171
172
170
155
160
160
158
156
152
152
153
150
151
151
152
152
154
155
156
156
156
153
156
156
157
155
156
158
163
162
162
160
163
162
166
163
157
155
152
158
156
157
154
157
157
159
158
157
157
156
155
162
162
162
163
164
167
169
172
174
176
178
179
178
177
177
176
168
168
167
168
172
172
170
173
170
169
167
169
172
172
180
182
180
179
183
182
180
181
182
185
187
187
187
185
187
185
186
183
183
179
180
180
181
179
183
177
175
174
180
183
187
187
187
192
192
193
194
197
199
199
197
197
198
198
197
196
195
196
191
193
195
192
193
195
195
195
195
196
197
196
195
195
195
195
194
194
194
193
187
184
183
183
183
185
184
184
184
185
181
175
178
176
168
168
166
165
165
167
168
166
165
166
166
165
166
166
166
165
165
166
165
164
162
163
161
162
162
161
161
162
160
158
159
130
124
127
130
137
130
133
132
141
144
147
139
144
142
141
142
141
142
139
141
142
143
142
143
144
144
145
143
141
144
146
147
147
144
143
143
142
141
142
141
141
142
141
141
140
147
147
147
146
146
146
142
146
147
150
150
148
150
149
149
141
139
137
137
140
140
139
139
140
140
141
140
141
140
146
149
149
150
150
150
149
151
151
151
149
151
152
149
148
148
150
148
148
148
149
149
148
147
146
146
146
145
148
150
151
149
148
146
147
144
145
144
146
145
144
144
139
138
137
137
137
135
135
137
139
138
139
139
139
142
142
142
142
143
145
144
145
143
143
153
154
158
158
161
162
161
161
163
166
166
166
162
162
162
163
163
163
162
164
160
161
161
163
166
167
167
168
167
164
165
165
165
164
164
165
166
167
166
168
168
166
165
165
165
167
166
160
163
163
156
160
157
156
155
155
157
153
151
151
149
150
147
146
146
146
148
148
148
148
147
147
147
149
149
149
152
157
158
159
156
160
152
150
151
149
150
152
153
155
155
155
155
154
155
154
154
154
152
149
149
150
150
146
147
146
146
151
150
148
150
159
144
135
136
139
140
136
137
136
137
140
139
137
138
136
139
142
141
139
143
146
144
145
148
149
147
144
153
151
151
151
153
154
154
159
158
159
160
160
161
159
159
159
158
158
157
158
157
156
157
159
160
161
163
167
171
172
172
171
173
173
174
176
176
171
173
164
165
159
150
152
