45
44
45
47
47
46
47
48
47
48
48
47
47
48
48
48
50
50
50
50
51
51
51
52
51
51
51
51
51
51
52
52
52
53
53
53
53
52
52
52
53
53
54
54
54
54
54
55
54
55
55
55
54
55
58
60
60
60
61
62
64
64
64
64
65
65
66
67
67
68
68
69
66
66
68
67
67
67
67
66
65
64
65
65
64
64
61
63
63
62
63
60
59
58
59
59
59
61
61
61
60
60
61
62
62
61
62
61
61
61
61
62
62
62
64
64
64
64
65
67
68
68
69
69
71
71
69
69
69
69
65
65
64
64
64
63
65
65
64
63
63
64
65
64
64
64
66
66
67
68
67
69
69
70
71
71
70
71
71
71
70
70
70
71
71
70
70
71
70
71
71
71
71
71
71
72
73
73
72
72
71
71
71
72
71
71
72
72
72
72
71
73
73
73
70
74
75
74
75
74
74
76
75
74
74
74
74
73
73
73
74
73
73
72
72
73
74
74
75
75
78
77
77
78
77
78
78
77
78
78
78
76
77
77
76
76
76
76
76
76
76
74
73
74
74
74
74
74
73
75
75
84
80
79
79
79
79
80
79
79
79
79
79
79
79
79
78
79
81
82
83
83
83
83
83
79
82
82
80
81
81
81
81
80
78
78
78
80
82
81
81
80
78
78
80
75
75
76
76
78
79
79
80
82
80
79
79
77
78
78
78
80
82
82
82
83
84
83
83
81
81
81
81
82
82
83
86
86
85
86
85
85
86
86
87
87
86
85
86
84
86
87
88
85
86
87
87
87
87
88
88
90
90
90
89
89
88
89
90
90
90
89
89
90
91
91
92
94
92
91
91
89
87
87
88
87
88
87
88
89
90
91
92
92
91
92
92
92
92
92
93
93
93
94
94
93
94
95
95
95
95
96
95
95
96
96
96
95
94
93
94
92
93
95
95
93
93
95
94
93
96
95
92
92
91
90
91
91
93
95
95
95
97
97
98
99
100
99
99
100
99
99
99
100
99
100
101
100
101
101
100
102
101
102
100
101
101
100
100
100
99
99
96
96
96
95
94
94
94
98
98
97
99
98
98
98
97
97
97
95
94
94
95
95
94
94
94
94
92
95
94
93
94
93
93
94
91
91
91
90
92
92
96
98
98
98
98
98
98
98
98
97
97
97
97
97
97
97
96
96
95
96
94
96
95
96
98
97
98
101
103
102
104
103
103
102
102
103
104
103
104
104
105
105
105
106
106
105
105
106
104
105
106
106
107
108
108
107
107
107
110
108
108
108
106
108
108
106
107
108
109
110
110
110
110
110
110
109
109
109
108
108
109
109
108
107
106
106
108
109
108
108
108
109
110
111
111
110
110
110
110
108
109
109
108
109
108
109
109
111
111
112
113
113
113
113
112
112
111
112
111
110
110
112
111
110
112
112
110
111
111
110
110
110
110
111
111
110
107
98
102
101
104
105
104
100
100
101
100
101
103
100
100
102
101
102
103
100
102
100
100
100
101
100
97
98
98
96
100
101
100
99
98
99
99
98
99
101
100
100
100
98
100
100
100
100
100
99
95
96
99
100
102
102
100
101
100
100
97
99
101
103
104
105
103
104
103
104
103
104
103
102
103
103
101
100
98
96
98
99
100
97
98
100
99
99
100
101
101
101
98
98
97
94
93
91
92
92
88
86
87
85
87
87
88
87
88
89
88
89
87
86
85
88
82
78
81
78
80
84
84
86
85
86
88
86
87
88
88
90
91
92
95
94
93
94
93
94
94
93
93
95
98
97
95
96
94
93
93
96
96
96
98
95
94
93
94
94
94
96
98
98
98
99
100
100
99
99
98
99
100
96
96
95
94
94
93
95
95
96
96
95
94
94
93
94
94
94
95
98
98
98
99
98
99
99
99
101
100
100
100
99
98
99
97
97
98
99
99
100
97
94
89
90
92
94
93
92
93
95
97
98
100
103
103
103
103
104
104
104
105
106
106
104
106
106
105
104
105
105
105
104
104
104
104
104
104
104
104
104
104
105
105
105
106
106
107
108
109
109
109
110
110
109
106
107
107
107
108
108
109
109
110
110
109
109
110
110
108
108
110
108
108
109
109
109
108
107
108
107
108
108
108
105
103
103
102
103
103
101
101
99
98
98
100
100
100
101
100
101
100
99
98
101
101
101
101
101
100
101
102
101
97
98
97
97
98
98
99
98
99
98
97
96
97
97
96
96
96
96
95
95
95
96
97
98
98
95
94
95
97
97
100
99
100
101
102
103
104
104
104
104
104
98
105
106
108
107
107
108
109
108
109
110
110
112
112
114
113
113
112
113
113
112
112
112
113
113
113
112
112
113
113
114
112
113
111
111
112
111
111
111
111
111
112
112
112
113
113
113
113
113
113
113
114
114
115
115
117
117
118
119
119
118
118
119
119
120
118
117
116
116
115
114
116
114
113
114
115
115
115
116
117
117
117
119
119
119
118
118
118
118
117
117
119
119
121
122
122
121
119
119
121
121
121
123
122
122
122
123
123
123
123
123
125
125
125
125
126
127
130
133
135
133
134
132
133
132
131
129
129
130
129
127
127
127
129
131
133
131
130
130
131
132
133
133
132
132
133
135
135
133
134
134
134
136
136
136
135
135
136
137
137
137
137
138
139
139
138
138
140
140
141
142
142
142
142
142
142
144
144
145
144
145
145
146
146
147
146
148
146
143
144
143
144
146
145
144
144
143
142
142
143
143
145
147
149
149
149
150
150
152
151
152
153
152
152
152
152
152
153
153
150
151
151
151
150
149
147
147
146
147
148
148
146
149
152
154
155
156
156
157
158
157
157
158
160
160
162
163
164
166
161
162
162
162
158
151
157
