47
47
47
47
47
47
46
46
45
45
45
44
44
45
45
45
46
46
46
46
46
46
46
46
46
45
45
46
45
46
46
46
46
46
47
47
47
47
47
46
47
47
47
48
47
46
46
46
46
46
46
47
46
47
47
47
47
47
48
48
48
48
49
49
49
49
50
50
50
50
52
52
51
51
52
52
52
52
51
52
51
51
52
52
52
52
51
53
53
53
53
52
52
52
52
52
52
52
52
52
52
52
53
53
53
53
53
54
54
54
54
55
55
55
56
55
55
56
56
55
55
55
55
55
55
55
56
55
55
55
55
54
54
53
53
53
53
53
52
51
51
52
52
53
53
54
53
54
54
54
54
54
54
54
54
54
54
54
53
53
53
53
53
53
53
53
53
53
53
53
54
55
55
55
55
56
56
57
57
58
58
57
58
59
58
58
56
57
58
58
57
58
58
58
58
59
58
58
58
57
57
58
57
57
57
57
57
57
57
58
58
57
57
56
56
56
57
57
57
57
57
57
58
58
57
57
57
58
59
60
60
58
60
60
60
60
59
59
60
60
59
58
57
57
57
57
56
57
54
54
55
56
56
56
57
56
57
57
56
56
57
57
58
58
58
58
59
60
60
60
60
60
60
60
60
59
59
59
60
60
60
59
58
59
59
60
62
62
61
62
62
62
62
61
61
60
56
58
59
58
58
59
58
59
58
59
59
59
59
59
59
59
59
59
60
60
61
61
60
60
60
60
60
60
60
60
60
60
61
61
61
61
62
62
62
62
62
61
62
63
62
62
64
65
64
64
64
64
65
64
63
64
64
64
64
64
63
63
64
64
64
62
62
62
63
63
64
63
63
63
63
62
62
62
62
61
61
61
62
62
63
64
64
64
64
64
64
64
64
64
64
63
63
64
64
64
64
64
65
66
66
65
65
65
66
66
67
66
63
64
64
63
63
63
62
62
66
65
64
64
65
64
64
63
62
62
63
62
64
65
65
66
66
66
69
67
68
68
68
69
69
69
68
69
69
69
69
69
69
72
71
73
73
73
73
74
73
74
74
75
74
75
74
74
74
73
73
71
72
74
75
75
76
74
74
73
73
73
72
72
72
72
74
75
74
75
72
72
72
73
72
73
76
77
75
75
73
73
71
73
75
75
75
74
74
75
75
74
77
78
79
78
79
79
79
79
79
78
79
78
78
78
77
77
76
76
77
77
77
76
78
78
78
79
79
77
77
78
78
79
76
76
78
77
76
77
78
78
78
78
76
77
77
77
78
78
78
75
76
75
74
76
76
75
74
75
76
75
75
75
76
77
78
78
79
78
77
77
77
77
77
76
77
76
76
75
75
75
76
76
75
75
76
76
77
77
78
77
76
76
74
74
74
74
73
74
73
74
74
75
75
76
77
77
77
77
77
77
76
76
76
78
78
78
78
78
78
79
78
78
77
77
77
77
77
78
78
77
76
68
73
72
74
73
74
71
71
72
69
70
71
70
70
70
69
70
70
70
71
70
70
69
69
66
65
67
67
68
72
71
70
70
72
72
73
73
72
74
74
74
74
74
73
74
73
73
73
74
74
76
76
76
76
76
76
77
76
74
74
76
77
77
76
76
76
76
77
77
76
76
77
77
78
78
78
78
76
77
77
78
78
77
77
77
78
78
77
78
78
77
76
76
75
75
75
74
74
77
75
73
74
74
75
75
76
76
76
76
74
75
76
77
76
76
74
71
74
73
73
74
75
76
75
76
76
75
77
78
77
74
74
74
75
75
76
76
76
77
77
77
77
77
76
76
75
75
74
74
74
76
75
75
76
75
75
77
76
76
76
77
78
77
77
78
78
79
79
79
80
79
79
79
79
79
79
79
79
80
81
81
81
81
81
82
81
80
80
81
81
81
81
81
81
80
81
83
83
83
84
84
86
85
85
86
84
85
85
85
85
85
84
81
83
84
86
87
87
86
87
88
88
89
89
89
89
88
88
88
88
88
87
87
88
87
87
87
88
88
87
87
87
87
88
87
88
87
87
87
87
87
87
88
88
86
86
87
87
87
87
87
88
87
86
86
84
86
85
85
86
86
86
86
88
88
87
86
87
87
86
86
87
86
86
86
86
86
83
83
83
83
83
84
84
83
84
83
82
81
81
81
82
81
81
82
83
84
83
84
82
82
79
80
81
82
81
74
73
76
75
74
74
73
73
73
72
72
72
72
73
74
73
73
74
74
73
72
72
72
72
72
72
72
70
71
71
71
73
74
75
74
75
75
76
75
76
75
75
74
74
75
75
75
75
76
76
76
76
76
76
76
76
77
77
78
78
80
80
80
81
81
81
81
82
82
81
81
81
82
83
83
83
83
83
82
82
82
81
81
81
81
81
81
81
81
81
81
81
81
80
80
80
80
80
80
81
81
80
81
81
81
82
82
83
83
84
85
84
84
84
83
83
82
83
83
84
83
82
82
83
84
85
85
86
85
85
85
86
86
86
86
86
86
87
88
88
87
88
88
89
89
89
89
89
89
89
89
89
89
89
89
88
88
87
88
88
88
89
86
86
86
86
85
85
86
86
85
84
84
84
83
84
84
84
84
84
83
84
85
85
84
83
83
81
81
80
79
80
79
80
80
81
80
80
80
80
82
82
82
82
82
82
83
81
80
79
79
78
79
78
78
78
78
78
79
80
78
77
77
78
78
78
78
78
79
79
79
79
79
79
81
81
80
80
80
78
78
78
78
80
80
79
79
79
79
79
79
84
83
83
83
82
82
83
82
81
80
81
82
81
81
82
82
82
83
84
84
83
82
82
82
82
81
82
82
82
84
85
86
86
86
86
86
86
86
86
88
86
86
86
86
87
87
86
86
85
85
84
80
81
