102
103
105
106
107
107
108
108
104
102
108
102
105
106
105
106
108
111
111
113
112
113
112
113
113
112
115
114
113
112
111
111
112
113
113
113
112
110
106
112
114
114
114
116
115
111
113
111
109
112
114
116
114
114
114
112
110
109
113
116
115
116
117
118
118
119
119
119
118
118
116
116
113
113
116
116
114
113
112
109
106
106
111
112
108
109
106
111
112
114
115
113
110
106
108
111
112
113
113
112
110
112
112
110
113
116
116
117
117
117
118
118
118
116
118
114
114
114
117
118
120
134
129
130
129
129
128
127
129
127
122
122
122
120
124
123
126
123
122
120
120
120
119
117
118
120
122
125
126
127
127
130
129
130
134
134
131
128
130
130
128
128
130
133
134
131
129
127
126
127
130
128
129
127
124
125
124
126
127
128
132
132
133
134
133
137
138
137
136
136
133
134
135
136
140
142
145
142
141
139
143
143
142
143
141
140
136
137
136
140
141
143
141
141
141
140
141
141
146
143
143
146
147
147
147
148
149
149
150
148
146
148
147
149
147
149
149
149
147
146
155
146
143
142
141
144
138
142
138
139
142
147
147
145
146
143
146
148
144
144
138
144
139
141
143
144
140
142
142
143
146
144
144
141
143
139
140
140
143
141
140
139
138
139
135
134
136
137
137
138
137
136
131
131
135
131
132
133
136
135
135
136
137
137
137
134
134
132
132
140
139
139
137
137
136
137
139
139
134
133
132
133
134
134
134
137
139
138
135
136
136
135
135
136
137
135
135
135
133
132
131
132
133
134
133
134
135
137
136
137
138
139
138
138
137
137
128
130
131
131
132
131
131
131
133
132
132
130
129
127
128
126
127
127
128
129
131
130
135
134
134
136
141
140
144
145
146
146
147
147
146
145
146
146
147
147
147
148
147
146
145
145
142
141
141
143
143
140
137
136
137
136
135
136
135
132
133
136
133
133
134
130
128
125
123
123
127
129
130
134
134
135
134
134
137
143
144
142
140
141
140
142
143
143
143
143
142
143
142
142
144
150
152
154
153
152
152
152
153
153
155
155
155
157
155
155
156
151
148
154
155
155
156
155
155
155
156
156
157
154
155
154
155
156
159
160
163
168
162
170
169
168
168
168
166
167
165
168
167
167
169
169
166
165
168
168
169
172
173
171
172
182
184
183
184
186
187
185
186
185
186
184
181
182
181
179
179
180
180
177
180
181
181
181
181
180
179
183
184
186
184
184
183
181
183
184
183
182
184
180
175
178
178
180
180
179
180
178
177
175
175
179
179
177
176
184
184
181
181
183
183
183
187
189
188
188
187
187
189
189
187
188
189
189
188
188
187
188
192
189
189
189
191
193
191
194
194
194
193
192
192
190
193
195
192
191
193
192
193
196
195
196
196
195
194
197
195
199
199
195
193
197
199
201
204
201
204
202
205
205
204
203
205
206
207
209
210
209
202
192
196
194
195
194
197
194
195
199
198
201
207
201
202
207
207
206
206
205
203
200
199
195
195
190
180
178
183
185
190
197
192
194
197
197
197
194
191
192
196
198
198
195
198
196
196
196
196
193
196
200
199
198
194
186
186
189
186
184
180
184
183
189
192
192
194
192
193
193
192
191
190
185
189
190
191
191
188
191
193
195
200
193
189
190
191
192
190
191
192
189
189
187
183
178
178
178
178
179
170
166
167
160
163
168
166
165
166
166
164
166
167
165
161
165
158
150
155
156
155
158
160
163
163
166
166
164
170
175
179
182
185
185
186
185
180
181
181
182
184
182
182
183
187
189
188
188
185
187
189
193
191
190
193
188
189
192
194
195
194
197
198
197
197
199
198
199
197
197
199
198
196
193
194
194
192
192
194
196
196
200
198
196
195
194
193
192
193
193
194
197
197
196
198
195
198
199
200
198
201
200
198
194
192
193
192
193
195
197
196
198
190
183
182
186
189
190
188
185
189
191
195
198
197
198
198
201
200
200
201
200
203
205
206
205
207
209
210
208
209
211
214
213
213
212
212
212
212
210
209
209
210
212
213
210
212
210
212
211
213
214
214
215
216
209
202
205
204
204
206
206
208
207
208
204
205
203
203
201
200
199
197
199
200
201
199
197
194
194
197
196
198
196
195
195
198
197
185
187
186
185
183
178
180
186
193
194
192
199
202
201
200
197
199
200
201
201
200
201
200
200
200
198
192
192
196
195
200
202
199
202
201
200
198
198
200
202
205
204
204
205
202
203
202
202
205
205
205
203
204
201
202
202
202
205
206
207
211
216
215
215
213
216
216
216
216
214
214
214
213
212
224
223
224
223
221
222
225
226
225
225
228
229
230
231
228
228
228
229
230
230
229
231
231
231
231
232
227
228
230
225
227
227
230
229
230
228
229
227
228
228
229
232
230
230
231
233
235
236
238
237
239
238
230
236
235
231
231
233
234
234
234
233
234
231
233
229
228
229
231
233
233
237
236
236
238
239
239
240
239
240
241
240
240
240
243
243
243
242
244
243
243
244
248
247
245
243
241
242
242
242
243
246
247
248
248
248
248
248
247
249
242
245
245
244
240
244
250
250
252
252
251
250
249
249
248
247
247
250
250
252
248
249
247
249
249
247
248
246
249
252
253
254
255
256
252
259
259
260
256
254
255
253
254
256
248
245
245
246
245
247
248
250
252
258
255
257
257
255
257
257
256
257
258
259
262
266
264
267
265
262
264
262
261
261
258
258
260
261
262
264
264
264
267
268
270
273
276
274
275
277
277
280
280
283
285
284
281
278
281
280
278
275
275
275
273
275
277
278
277
276
276
274
277
277
276
275
276
277
279
279
272
271
276
276
278
279
279
280
280
274
278
280
277
280
280
274
269
258
267
