64
64
64
64
64
64
65
65
65
66
66
66
67
67
67
68
69
70
70
70
70
70
70
71
71
70
71
71
72
71
72
72
72
73
73
72
72
72
71
71
71
71
71
71
71
71
71
71
72
72
72
72
72
72
71
72
72
72
72
73
72
73
73
73
73
74
75
75
74
75
74
74
74
74
74
73
72
71
69
69
69
69
70
71
71
71
72
72
73
73
73
72
70
71
72
72
71
70
71
70
68
70
70
71
70
71
72
72
72
72
72
72
73
73
73
71
72
72
72
72
72
72
73
72
73
73
73
73
73
73
72
71
71
71
70
70
71
70
68
68
67
68
68
67
68
67
67
68
67
68
67
68
69
69
70
69
69
68
69
66
66
65
65
64
65
64
64
65
65
65
66
66
66
66
67
68
68
68
68
69
69
69
70
70
69
69
69
69
69
70
69
69
69
69
70
70
70
70
69
69
69
70
69
69
69
69
69
68
68
68
70
70
69
69
68
68
68
67
68
68
69
68
69
69
69
69
69
68
69
68
69
68
69
69
69
70
68
70
69
70
70
69
69
69
67
65
64
64
63
63
64
63
63
64
65
64
65
66
66
65
66
66
66
66
66
66
66
67
67
67
67
67
67
67
68
67
68
68
68
68
68
68
70
71
71
71
72
72
72
71
71
70
70
71
71
70
71
71
71
71
71
71
72
72
71
71
72
71
71
71
71
71
71
72
71
72
71
71
71
70
71
71
70
71
71
71
72
71
72
72
72
72
73
73
73
73
72
72
72
72
72
71
73
72
73
71
71
70
70
72
71
71
71
71
71
71
70
70
71
70
70
70
69
70
70
70
70
69
69
69
68
67
66
66
66
66
68
67
68
68
69
68
69
69
69
69
69
70
69
70
70
69
70
70
70
69
69
69
69
69
69
69
68
68
69
68
69
68
67
67
67
66
66
67
67
68
68
69
68
67
68
68
68
68
67
66
66
67
68
68
69
68
69
69
70
69
70
71
70
72
73
73
73
73
73
73
73
73
73
73
73
73
73
73
73
73
74
74
74
73
73
73
73
73
73
73
72
72
72
74
75
76
77
77
77
76
76
76
75
74
73
73
75
76
74
74
74
74
74
75
75
75
75
74
74
71
72
72
71
73
73
74
74
74
74
74
74
74
75
74
76
75
76
75
75
75
75
76
75
75
75
74
73
74
73
71
73
72
72
72
72
73
73
76
76
76
77
77
78
77
76
77
78
78
78
78
78
78
78
78
77
77
77
76
77
76
76
76
76
76
76
76
76
76
76
77
77
77
78
78
79
79
79
80
79
79
79
78
79
79
79
78
78
78
77
77
77
77
77
77
77
77
78
79
79
79
80
81
82
82
81
80
78
80
80
79
80
80
79
81
81
81
81
80
80
80
80
80
80
80
80
81
81
82
82
82
83
84
83
84
84
84
85
85
85
85
84
83
82
77
79
77
79
79
79
79
78
79
79
80
81
80
80
81
81
82
83
82
83
82
82
82
83
83
82
82
80
78
80
82
82
81
83
83
83
83
82
82
82
82
83
83
86
85
85
84
84
85
84
84
85
85
85
84
83
84
84
82
82
83
83
85
85
84
85
85
86
86
86
86
85
85
86
87
86
86
85
84
85
85
86
84
84
85
86
87
86
87
87
86
84
84
84
84
84
84
85
86
85
84
82
80
80
80
82
81
83
83
86
88
88
88
87
86
86
87
89
89
91
90
91
91
91
92
91
92
93
94
93
94
93
93
94
93
93
94
94
94
94
94
94
95
96
94
94
94
96
96
99
100
100
99
100
100
99
99
100
100
99
99
97
95
95
95
95
93
91
92
94
93
93
93
94
94
94
95
95
96
97
98
98
99
98
98
96
95
96
96
96
97
97
98
98
97
97
97
98
98
98
99
100
100
99
99
100
100
100
101
101
102
100
101
102
103
101
107
106
106
107
106
107
106
105
105
105
105
105
105
104
104
104
105
104
102
102
102
102
101
100
101
101
101
101
102
102
102
101
101
101
101
102
103
102
102
101
102
102
101
102
101
102
102
100
99
96
97
98
97
96
96
97
96
97
97
96
97
97
98
100
98
98
96
95
95
96
95
94
94
95
94
95
95
94
94
94
97
96
95
95
96
96
95
95
95
94
94
94
94
92
91
92
92
92
91
91
92
92
91
92
92
93
91
89
89
91
91
92
91
92
94
94
92
93
92
92
93
93
93
93
93
93
94
94
94
93
92
91
90
90
90
91
91
93
93
93
93
93
94
96
96
96
96
95
95
96
96
95
95
96
97
97
97
97
97
96
98
98
98
99
99
98
98
99
99
99
99
99
99
100
100
100
101
102
102
102
102
102
101
101
101
100
98
98
97
98
98
99
101
100
100
99
100
100
99
100
101
101
100
101
101
101
100
100
100
99
99
100
100
100
100
100
100
100
99
100
100
100
100
101
102
103
104
104
104
104
105
106
105
105
106
106
104
104
104
105
105
105
102
102
102
100
100
101
99
99
98
96
98
97
96
96
96
95
97
97
97
98
97
90
92
92
94
94
95
95
97
96
95
95
96
95
95
94
94
95
96
97
98
97
98
97
96
96
97
97
95
95
95
95
95
96
96
97
98
96
98
98
99
98
98
99
99
98
98
97
96
97
97
99
102
103
100
99
100
98
98
97
98
98
99
99
99
99
99
100
99
99
99
99
99
100
99
100
100
98
97
94
95
96
95
97
97
98
97
99
99
100
100
99
99
100
101
103
102
103
105
103
103
102
101
101
101
100
102
102
102
101
102
102
102
102
102
102
102
101
101
103
103
103
102
102
101
101
102
103
102
99
99
99
104
105
107
108
108
109
107
103
101
102
