98
102
98
99
100
100
102
102
98
99
98
96
95
97
96
98
100
102
102
104
105
105
104
105
104
103
104
104
103
103
103
102
107
102
102
102
101
98
97
99
99
99
100
100
98
95
97
97
95
95
96
97
99
97
97
98
101
100
104
107
107
108
109
108
107
107
108
109
110
111
112
111
107
108
110
109
109
110
109
109
106
105
107
107
107
108
107
110
111
110
110
106
106
100
99
101
100
101
99
100
97
98
98
98
101
106
105
105
105
104
104
106
106
106
106
105
102
103
98
101
102
102
101
100
99
100
99
99
99
98
97
96
96
97
98
98
99
97
96
96
96
95
97
95
95
96
95
98
100
100
100
100
99
98
99
99
95
96
96
97
97
96
98
99
99
98
97
98
95
96
97
97
98
96
96
98
98
98
100
98
99
100
100
100
99
100
99
102
101
104
101
101
100
99
101
98
103
101
102
100
100
99
98
103
97
96
97
97
96
97
98
98
97
96
97
97
95
95
96
97
97
97
97
98
99
101
100
99
100
99
101
103
105
106
106
107
108
109
109
110
108
109
104
105
110
109
106
108
105
105
107
113
112
114
115
115
116
119
118
117
117
117
117
120
120
123
121
123
121
121
121
123
123
121
124
121
123
124
127
126
128
127
125
127
125
126
128
129
128
128
125
127
122
123
127
125
125
125
126
126
126
126
128
128
126
123
119
124
124
126
125
125
124
122
120
120
122
120
119
118
119
119
118
119
121
124
125
125
124
123
122
121
123
128
128
128
130
129
128
131
132
131
134
134
136
133
131
131
129
134
133
130
128
126
125
127
127
131
129
129
130
129
128
130
130
130
131
131
131
132
130
128
126
126
126
126
127
126
128
126
126
127
128
128
128
129
130
129
129
130
131
130
131
131
131
130
131
132
131
131
130
131
129
127
129
129
128
128
128
129
132
131
130
130
129
125
124
123
120
118
119
116
112
108
105
107
115
117
120
121
120
122
121
115
117
125
117
118
117
118
121
123
123
125
125
126
124
126
126
128
127
130
131
131
127
125
120
115
118
120
119
117
113
114
112
111
108
104
107
112
116
120
114
112
112
111
112
112
112
110
106
106
109
112
110
111
107
107
105
109
108
111
111
110
111
112
107
109
108
114
114
116
118
118
129
138
140
143
145
144
144
145
143
144
144
144
142
143
142
142
143
142
141
139
138
140
143
142
142
142
141
140
138
140
141
140
142
143
142
140
138
137
139
136
136
137
138
138
139
142
141
141
140
139
137
139
138
135
135
138
144
148
148
147
149
153
154
153
152
155
155
155
155
155
153
154
151
151
152
151
149
147
149
147
147
148
149
150
152
152
147
146
146
146
147
149
148
148
146
146
144
143
143
145
142
144
144
146
148
154
153
151
151
155
157
160
159
162
159
157
155
157
157
158
157
154
167
170
168
169
171
170
173
172
176
175
175
170
165
153
159
158
160
164
165
164
166
169
166
168
172
169
170
172
174
175
176
173
171
169
167
160
161
158
154
150
153
157
165
164
161
159
163
165
161
155
153
150
150
148
149
147
154
152
147
148
152
152
155
151
142
145
155
155
152
155
154
151
153
158
157
160
161
161
159
161
160
161
158
160
158
155
154
146
148
144
142
142
144
146
148
142
140
141
141
143
142
141
141
137
135
136
131
127
130
127
126
128
123
121
126
117
117
121
123
119
120
121
119
124
122
123
122
124
122
113
131
128
132
134
136
139
136
137
139
137
143
144
143
144
146
149
148
149
153
153
153
156
156
152
152
154
156
157
155
155
153
154
153
156
155
158
162
159
159
162
163
168
164
165
165
165
165
168
168
170
169
171
170
171
172
170
170
171
172
174
175
178
182
188
188
186
186
186
185
185
186
187
189
192
193
191
193
188
188
187
186
187
189
191
188
184
183
183
183
183
184
184
184
186
182
186
181
183
186
192
189
186
195
197
198
198
199
198
198
198
199
198
199
196
198
199
202
201
205
199
194
198
200
199
198
200
201
200
199
196
199
197
194
194
192
196
194
196
191
189
190
188
183
185
185
181
181
179
175
178
178
177
177
176
176
176
180
182
181
183
184
184
182
179
176
177
175
178
171
168
169
168
173
174
179
179
177
177
181
180
179
179
177
182
188
192
191
189
195
198
214
228
234
232
230
225
221
221
221
224
220
224
225
216
221
220
221
225
224
226
230
231
230
225
222
222
222
220
222
226
224
225
226
230
226
226
223
223
226
226
220
220
222
222
220
221
220
226
227
229
229
238
242
243
238
235
231
229
230
231
224
227
227
227
233
227
225
222
221
218
220
220
207
210
216
223
222
219
216
215
210
210
209
212
213
212
215
211
212
212
208
212
213
204
206
211
214
214
218
214
216
215
219
222
220
219
212
211
211
212
213
218
221
224
224
221
223
222
232
238
239
238
237
235
236
234
232
231
235
229
224
230
229
232
231
228
229
226
227
224
228
226
227
226
228
233
234
233
236
228
230
230
231
230
227
227
231
232
227
227
222
224
223
226
226
227
225
223
226
225
223
222
221
224
224
224
228
228
228
225
227
211
209
216
211
214
213
210
210
207
207
206
208
205
200
201
199
200
203
201
196
198
203
215
212
211
208
210
209
212
204
204
202
199
200
203
200
203
200
199
196
197
203
206
207
206
207
206
209
207
206
206
203
207
206
205
204
203
210
217
214
215
213
216
217
218
217
211
208
211
212
210
213
212
212
212
212
207
208
208
210
208
207
206
202
205
208
209
205
209
206
202
210
214
208
207
208
204
204
207
204
206
209
211
218
219
218
223
226
230
228
227
230
227
228
231
233
229
227
228
227
227
231
233
239
240
235
236
227
222
215
205
209
