102
102
103
103
102
103
103
104
103
103
104
102
102
104
103
104
104
105
105
105
105
106
105
105
106
105
106
106
105
105
107
105
105
106
106
106
107
106
104
106
106
106
108
108
107
107
105
106
105
106
106
108
104
105
104
104
105
105
107
108
108
108
108
110
110
110
110
111
111
111
112
112
110
110
111
111
111
111
111
111
110
108
109
111
110
111
109
111
112
112
113
111
110
109
108
109
111
110
108
109
108
110
112
113
113
114
115
115
115
115
115
115
116
116
117
115
116
116
117
117
118
118
118
118
117
118
119
118
119
119
117
116
116
116
115
114
115
114
113
113
113
114
115
113
114
115
116
117
118
119
118
120
119
120
121
122
120
121
121
121
120
119
120
119
119
118
119
119
117
119
119
120
121
121
121
123
123
123
123
123
123
124
125
126
125
127
126
126
126
127
126
128
128
128
129
129
130
130
130
130
130
132
131
133
134
132
126
126
126
128
129
128
129
127
127
127
130
131
135
137
137
137
137
139
139
140
138
138
139
137
137
137
137
136
135
138
138
138
138
137
136
134
130
129
130
130
127
128
126
128
128
130
130
130
130
129
130
132
131
131
132
132
132
133
133
134
133
132
133
134
135
134
134
132
133
130
131
132
133
131
134
133
134
135
133
134
135
136
136
136
137
136
134
135
136
133
133
133
135
137
137
138
139
136
136
137
138
138
140
142
139
140
140
141
141
142
143
142
142
141
140
142
140
141
140
142
142
142
142
142
142
143
143
144
145
145
145
145
143
143
143
144
145
145
145
144
143
144
143
144
143
144
145
145
145
145
144
144
145
145
145
145
144
145
145
145
146
146
145
145
144
143
140
140
141
139
140
139
141
141
141
142
143
143
144
144
145
144
145
145
144
143
144
143
144
144
144
144
145
145
144
144
144
144
145
146
147
147
145
144
144
143
141
142
141
139
139
141
139
138
141
139
134
134
133
133
136
137
138
141
142
145
148
150
151
150
154
153
154
156
156
156
156
158
157
158
159
158
159
159
158
160
160
159
158
160
158
159
161
162
162
162
160
161
159
159
158
157
159
162
165
166
168
166
167
166
167
166
165
163
161
160
161
164
162
162
159
161
160
163
162
163
166
164
162
165
164
165
162
165
166
165
166
164
165
165
165
166
166
166
167
167
168
168
169
169
170
168
170
168
167
166
165
165
163
163
164
164
166
163
166
166
167
166
166
162
162
164
165
164
163
162
165
166
166
168
167
165
167
166
165
163
166
164
160
160
159
158
157
157
157
158
159
158
157
160
160
159
160
162
163
163
163
162
162
162
161
160
160
160
159
158
160
160
158
156
157
157
159
160
157
155
157
158
159
160
160
160
158
156
156
155
156
156
154
155
154
155
155
156
156
157
158
156
157
157
156
152
149
149
149
151
151
153
151
151
152
151
148
150
150
147
148
148
147
149
146
145
144
137
142
140
144
143
143
139
140
142
140
142
145
141
141
142
142
144
144
141
140
138
139
137
140
138
139
143
142
139
144
146
147
147
150
150
149
149
150
150
148
147
150
151
157
156
156
156
158
158
158
159
159
159
158
159
157
158
158
156
156
158
156
158
159
159
157
158
158
158
156
157
157
155
158
156
156
156
156
155
152
148
150
148
148
148
150
151
151
152
153
152
148
147
146
143
141
141
141
141
140
138
140
137
137
140
139
142
145
146
148
149
148
149
152
153
152
153
154
150
152
155
156
156
157
158
158
155
158
159
158
159
159
159
159
160
159
160
161
161
162
160
162
163
164
165
164
165
164
165
165
165
167
166
167
165
165
166
168
167
167
168
169
168
168
170
170
169
169
168
168
167
167
167
167
167
166
167
168
169
169
170
170
170
168
170
166
165
165
165
167
169
170
169
169
168
169
168
169
170
171
170
169
168
167
168
167
170
171
171
172
173
169
168
168
171
172
175
175
175
175
176
177
179
179
180
182
181
181
182
181
180
180
177
177
178
178
177
179
179
179
178
179
178
178
179
181
181
180
179
180
179
179
180
179
179
180
180
181
179
179
181
181
180
179
179
175
177
176
176
176
176
178
178
180
179
177
176
177
177
177
175
175
172
172
172
172
170
170
169
171
171
172
171
170
168
173
169
166
167
167
166
165
165
166
167
168
170
166
170
174
175
173
173
172
173
171
172
172
172
174
173
172
172
173
173
172
172
176
175
178
180
179
177
177
178
178
179
179
179
179
179
178
179
179
178
178
177
178
177
177
177
178
177
178
179
179
178
178
177
176
177
177
175
175
174
174
174
176
176
177
178
180
181
180
182
183
183
183
186
187
188
187
188
189
190
189
188
190
189
191
192
191
190
191
191
193
193
192
192
192
191
190
191
191
191
192
191
191
190
190
190
189
190
189
189
190
191
190
191
193
194
196
195
196
196
195
197
198
200
199
199
197
196
196
197
197
195
194
196
196
199
198
198
199
200
203
204
205
207
206
206
205
206
207
208
210
210
212
214
213
214
213
212
213
212
211
211
210
209
210
209
208
210
210
211
211
212
212
211
212
212
212
211
203
200
199
201
200
208
203
206
208
208
207
207
206
207
207
207
207
208
205
204
205
204
204
203
203
202
203
204
205
202
202
201
204
206
210
209
209
213
214
214
212
211
210
211
211
211
208
209
211
213
215
216
216
216
217
217
217
219
218
218
218
218
220
222
229
235
238
234
234
231
231
230
232
232
230
230
229
227
227
228
228
228
228
230
232
233
232
232
234
236
239
243
243
240
239
238
240
239
242
237
240
239
240
239
238
237
235
235
236
237
236
236
235
237
239
239
240
241
241
243
245
247
248
247
247
247
248
250
253
259
256
251
247
246
244
228
233
