101
102
102
102
102
102
102
102
98
99
100
99
99
101
100
101
102
103
102
103
103
104
104
104
104
103
103
103
103
101
101
101
103
105
106
106
106
105
105
105
105
105
106
107
105
104
104
104
103
103
104
104
105
106
105
106
107
105
107
107
107
108
108
108
108
107
108
109
108
108
108
106
103
104
105
106
105
105
100
102
102
99
100
105
105
105
103
106
107
105
106
105
104
102
103
102
101
99
99
97
98
98
99
100
101
103
103
103
103
102
103
103
104
104
103
100
101
100
100
101
100
98
98
97
95
96
97
96
96
97
96
98
95
95
96
95
97
97
98
98
97
97
99
99
101
102
101
102
103
103
103
105
106
104
107
107
106
106
105
106
106
105
104
103
103
105
105
104
104
104
105
106
106
105
105
106
106
106
107
107
107
108
108
107
106
105
105
104
103
105
104
107
106
108
110
110
111
110
110
111
112
114
114
114
114
114
113
112
112
112
112
111
111
110
111
111
111
113
113
114
114
115
115
115
116
116
116
116
117
115
114
115
112
113
112
113
113
113
113
113
110
108
108
108
109
107
106
107
105
106
107
108
111
111
111
109
110
108
111
110
111
112
109
109
109
109
109
112
113
113
114
114
113
112
113
113
114
114
114
113
115
114
113
114
112
111
113
114
114
117
117
114
112
113
115
112
112
110
111
112
113
113
112
112
111
110
111
110
110
111
111
115
114
116
116
116
116
117
117
115
116
116
116
117
120
120
120
121
121
122
121
121
122
122
121
121
121
121
121
120
119
120
122
122
122
122
126
127
125
124
124
125
127
126
125
125
123
122
121
120
121
120
120
119
119
118
116
116
116
115
115
114
114
114
114
115
116
115
115
115
116
117
117
120
119
120
121
118
117
118
117
116
116
116
115
115
114
114
114
114
113
113
113
113
114
115
116
115
115
115
115
113
113
113
112
111
111
110
110
107
108
107
107
106
107
107
112
111
113
114
115
113
113
113
114
112
115
115
113
114
114
115
115
117
118
119
119
119
119
119
119
121
121
120
120
121
120
117
119
120
121
121
119
121
119
119
119
117
117
120
120
122
122
122
121
121
121
121
120
119
118
116
119
120
119
120
117
118
117
119
118
119
120
118
118
119
117
118
119
120
120
120
121
120
122
122
123
123
125
124
124
125
124
124
125
124
120
120
121
120
120
118
118
117
117
117
118
117
117
116
116
116
114
113
114
113
113
113
113
115
117
116
117
118
117
120
121
119
119
119
118
117
117
117
117
117
118
117
115
115
118
117
116
117
116
120
121
117
116
119
120
121
120
120
119
120
120
118
118
119
117
117
117
114
114
114
114
114
115
115
113
113
113
113
114
113
114
112
107
107
104
105
107
108
108
107
107
107
108
110
109
108
108
108
107
107
106
105
104
103
102
102
102
103
102
102
103
102
102
102
103
102
103
103
103
103
102
102
100
93
97
91
98
99
98
95
97
97
96
96
94
93
93
93
91
90
90
89
88
87
86
84
85
83
83
85
85
85
88
87
84
88
89
90
89
89
91
91
90
91
91
92
92
91
91
91
92
94
93
93
96
95
93
93
94
93
93
93
94
96
94
96
97
96
95
95
96
95
96
97
97
97
97
97
97
97
95
94
95
96
97
95
95
96
98
100
99
99
99
98
97
98
96
93
94
93
93
93
91
90
92
89
90
92
91
87
88
88
88
89
89
88
90
95
93
91
92
86
87
88
89
90
90
90
89
87
89
91
90
91
88
85
84
86
88
89
89
90
90
89
89
91
93
92
91
90
89
90
90
91
91
87
88
87
86
86
87
87
87
88
90
89
88
89
93
93
94
94
94
94
93
94
94
94
94
92
90
90
89
91
100
98
99
98
98
102
100
108
107
111
112
110
111
112
112
111
109
108
107
108
110
108
107
107
107
109
109
109
108
108
106
103
102
104
103
104
101
100
100
101
103
103
102
101
105
104
106
107
107
107
106
106
106
106
106
107
106
106
104
106
108
107
107
107
106
106
106
106
105
104
104
109
108
107
108
108
108
107
106
107
108
107
107
108
107
107
107
107
104
104
103
104
105
104
104
103
103
103
102
102
103
101
103
104
104
103
103
102
103
102
103
103
102
102
102
102
101
102
101
101
101
101
100
99
99
99
98
99
98
98
98
99
101
101
101
102
101
102
102
102
102
103
103
104
105
106
106
105
104
106
105
104
105
106
106
105
105
105
105
106
105
106
105
105
106
106
108
108
109
108
107
108
108
108
108
108
109
109
110
110
109
108
108
108
109
109
108
108
108
108
108
108
109
109
109
110
111
112
112
113
113
114
115
115
115
115
115
114
114
114
114
114
113
113
113
113
113
113
113
113
114
114
114
113
113
114
116
116
116
116
116
116
116
116
116
116
116
116
116
116
116
117
116
117
117
117
117
116
116
116
116
116
116
116
117
116
116
116
116
116
116
116
117
117
117
117
118
118
118
118
118
118
117
118
118
118
118
118
118
118
117
117
117
117
118
118
118
118
118
118
118
118
118
117
117
116
117
117
117
117
117
117
118
117
117
118
118
118
118
118
118
118
117
117
117
117
117
117
117
117
117
117
117
117
117
117
117
116
117
117
117
117
117
117
118
117
117
117
118
118
118
119
119
119
119
120
120
120
119
120
120
120
120
120
120
120
120
119
120
123
122
122
122
122
122
122
122
122
121
121
121
121
121
121
120
120
119
119
118
117
118
118
118
118
118
118
119
118
118
118
118
119
118
119
119
119
118
118
118
118
118
118
118
118
117
116
116
115
115
116
116
116
116
117
118
118
118
119
119
119
119
120
120
120
119
119
120
120
121
122
123
122
122
122
122
121
121
119
119
