40
41
41
40
41
41
42
42
40
41
41
40
40
41
41
42
45
45
44
45
44
44
44
44
44
43
44
45
45
45
46
45
45
45
45
45
43
41
41
41
42
43
42
40
40
39
39
38
39
39
40
41
42
41
41
40
39
37
38
39
40
41
39
39
39
38
39
40
40
41
42
41
40
41
42
42
42
42
41
41
40
40
41
42
40
40
40
40
40
39
40
39
37
36
36
36
37
35
35
35
35
34
35
35
35
35
35
37
36
35
35
34
35
35
36
35
36
36
36
37
37
37
36
36
36
36
36
36
37
37
37
35
35
35
35
36
38
38
37
37
37
37
37
37
37
36
35
35
34
34
34
34
33
33
33
33
32
32
32
32
32
32
32
32
32
32
32
32
31
32
33
33
34
35
34
35
35
36
36
36
35
35
36
35
36
36
35
36
36
35
35
36
36
37
38
39
39
39
40
39
40
40
41
41
42
42
43
42
42
42
44
43
44
43
43
43
43
43
44
43
44
44
45
45
45
45
46
45
44
44
45
45
46
45
45
45
43
43
43
43
43
42
41
42
42
44
43
44
42
41
41
42
42
41
42
42
43
44
44
44
44
44
44
45
44
42
42
42
42
43
45
45
46
46
47
46
47
47
47
46
46
45
45
45
44
44
44
44
44
44
44
43
43
42
42
42
42
42
44
44
44
45
45
46
45
46
47
47
44
48
48
48
48
48
47
46
46
46
46
45
44
44
44
44
43
44
44
44
45
45
45
44
44
44
44
44
43
43
43
43
43
43
44
45
45
45
40
40
41
40
39
39
40
40
40
39
39
39
40
39
40
39
39
39
38
38
38
39
39
39
40
41
42
42
42
42
44
43
44
44
44
44
45
44
45
46
46
45
45
45
45
45
45
45
45
45
45
46
46
46
45
44
43
44
44
44
44
44
43
42
42
42
42
42
42
41
41
40
40
41
42
41
41
40
39
37
39
40
40
43
42
42
43
43
45
45
45
46
46
45
46
47
47
47
47
47
47
46
46
47
47
48
48
48
48
47
45
45
47
48
48
46
44
44
43
40
42
40
41
43
42
43
44
44
44
45
45
45
45
45
45
45
45
45
44
42
40
39
39
39
40
41
42
44
44
44
45
45
46
47
48
48
49
49
50
51
51
51
52
52
52
53
53
53
53
52
54
52
51
51
51
51
50
49
48
49
48
48
49
49
50
50
51
51
51
52
51
50
51
51
51
49
49
50
49
50
50
49
49
49
50
50
50
50
51
51
52
51
52
52
49
51
51
51
50
52
53
51
51
51
52
52
51
52
52
52
51
51
50
51
52
52
51
51
50
50
50
50
51
52
51
51
52
52
52
52
52
52
52
51
51
51
53
54
53
55
55
55
54
59
59
58
58
58
59
58
57
57
56
55
54
55
53
54
55
53
53
52
52
52
52
56
58
57
55
56
55
54
52
44
47
45
46
47
47
46
47
47
46
47
48
48
48
48
47
47
47
46
46
45
46
46
47
47
45
46
46
47
49
50
51
50
51
50
50
49
49
51
51
49
48
47
48
49
48
49
49
51
52
53
55
55
55
56
54
55
54
55
54
54
54
56
56
55
56
58
57
59
59
59
58
55
55
53
53
52
51
49
49
49
50
51
51
52
52
52
52
52
52
52
52
51
49
48
48
46
46
47
43
42
42
40
40
41
42
41
42
41
41
42
41
40
37
35
32
30
32
31
31
32
33
34
31
32
33
31
34
35
34
34
35
36
38
37
37
36
37
37
37
36
37
38
38
38
38
38
37
37
36
37
36
36
36
36
37
36
38
39
38
39
40
39
37
39
38
39
41
41
41
42
40
41
39
38
38
37
36
36
35
35
36
35
35
36
36
36
36
36
36
36
36
35
35
35
36
37
36
35
37
36
36
36
34
32
33
34
34
35
35
36
35
35
34
36
37
38
39
39
37
36
36
37
38
37
38
37
37
37
38
37
37
37
39
38
38
39
39
38
41
41
42
42
41
41
42
42
41
42
42
42
42
42
42
42
42
42
42
43
43
42
43
43
43
43
42
43
42
42
43
44
44
43
44
42
42
41
42
42
40
41
41
42
43
42
42
42
42
41
42
42
42
43
42
43
44
44
43
44
43
43
44
42
41
41
42
43
42
44
44
44
44
44
44
43
45
47
48
47
49
47
46
47
48
48
48
48
50
50
50
49
49
48
49
50
50
49
49
50
51
51
50
50
54
53
52
51
50
50
49
50
49
49
48
49
49
49
49
50
50
50
49
49
50
48
48
48
48
48
50
50
50
50
51
51
50
50
50
50
50
50
50
50
51
51
51
51
50
50
50
50
50
50
52
51
51
50
49
50
50
48
49
49
51
50
51
50
51
50
50
50
50
51
50
49
50
49
48
49
49
50
50
49
51
51
51
51
51
50
51
52
52
52
52
53
53
52
52
52
53
53
53
53
52
52
52
52
53
53
53
53
53
54
55
54
55
53
53
54
54
53
52
51
52
51
52
53
52
53
53
53
53
54
54
55
54
54
54
55
55
56
55
56
56
56
54
56
55
56
56
56
56
56
55
54
53
52
52
52
52
51
50
50
50
49
50
51
52
52
52
53
53
54
52
53
53
53
54
54
66
52
53
54
54
54
54
55
55
55
55
55
56
56
56
56
56
56
57
56
56
57
56
56
57
56
57
57
57
57
58
58
58
60
60
61
62
62
63
63
63
62
62
62
60
62
62
62
62
62
62
62
62
62
62
63
63
63
64
63
64
65
65
64
64
65
66
66
66
66
67
67
67
66
66
66
67
69
69
69
69
69
70
70
72
71
72
72
72
73
73
72
71
72
69
69
70
68
66
63
67
