104
104
104
106
105
105
105
105
104
104
105
102
102
102
102
102
104
104
104
105
104
104
104
104
105
104
104
103
103
103
104
103
102
103
103
103
102
101
100
101
101
103
104
102
100
98
98
97
98
99
99
100
100
100
100
100
100
100
101
101
102
102
103
103
103
103
103
105
105
106
106
106
104
104
106
106
106
106
105
106
104
102
103
104
103
103
102
104
103
103
104
103
106
105
106
109
110
111
112
113
113
114
116
117
117
119
117
118
118
118
117
119
118
119
119
118
117
117
117
117
118
119
119
119
118
118
118
117
118
117
117
116
117
116
116
116
119
118
117
114
113
114
114
114
115
115
115
114
113
113
112
113
113
114
114
113
112
111
111
111
111
111
112
112
111
111
112
111
110
112
113
114
114
115
115
112
115
114
113
114
113
112
113
113
114
113
112
111
112
112
111
114
113
111
112
113
113
114
114
114
115
116
117
116
116
115
115
113
113
114
115
114
114
114
114
114
115
114
114
114
115
115
116
116
116
116
116
115
115
115
115
116
116
116
114
115
115
114
110
112
112
111
111
111
110
112
111
111
110
111
112
113
113
113
114
113
113
114
114
112
112
113
115
115
115
116
115
116
118
118
120
119
119
118
119
117
118
118
118
118
122
121
121
122
121
120
121
122
122
121
122
121
120
121
121
117
119
121
121
122
122
121
122
124
123
123
122
122
122
122
121
121
120
121
121
123
123
122
119
119
118
120
120
120
121
122
122
121
120
121
121
122
122
124
124
125
124
124
123
123
122
124
124
124
125
124
123
124
123
124
125
125
124
125
124
124
122
121
123
122
123
123
123
122
123
122
123
123
124
123
123
122
120
120
120
120
120
119
120
119
120
120
120
120
121
121
122
123
123
124
124
123
123
124
124
124
124
124
124
124
125
126
126
126
126
126
128
127
127
125
126
124
124
124
123
122
123
124
122
121
124
121
120
119
119
114
114
112
114
115
116
115
116
117
122
124
120
123
122
122
123
124
124
124
124
126
125
125
125
125
124
126
125
126
126
127
125
124
125
127
128
128
126
127
124
123
122
121
120
123
125
125
126
127
127
126
127
128
126
124
122
120
120
121
119
119
117
115
114
115
112
113
117
115
116
116
114
114
114
116
118
119
121
121
121
121
121
124
124
124
122
121
121
121
122
121
121
121
122
122
123
123
124
124
122
122
126
126
125
127
126
127
128
127
126
123
124
126
126
127
126
124
124
125
124
125
123
123
124
124
123
121
119
119
120
120
120
118
120
120
120
120
121
121
121
121
121
121
121
123
123
121
123
124
123
123
123
123
122
122
121
120
121
122
123
124
124
125
126
126
125
126
127
126
126
127
128
128
128
128
127
126
127
127
124
125
124
125
126
127
127
127
127
130
132
132
132
134
132
131
132
132
132
132
131
131
132
132
132
131
132
130
129
130
130
131
131
128
125
118
121
116
119
120
118
115
114
116
117
120
122
120
120
121
122
123
122
119
119
118
118
117
121
120
120
121
122
114
117
118
118
119
120
120
119
119
117
120
117
114
116
116
120
122
122
122
125
123
121
120
120
120
122
123
123
124
124
124
122
124
125
125
126
125
124
125
125
125
126
126
126
124
126
124
123
121
121
121
122
125
127
124
121
121
122
123
123
123
124
122
119
118
116
114
114
110
110
111
107
106
106
104
105
104
104
102
105
108
109
110
107
106
106
108
106
104
108
102
103
108
110
109
106
108
109
104
105
106
106
103
105
109
110
109
109
109
109
109
111
110
111
110
112
112
111
112
111
112
111
111
112
111
112
111
110
110
109
109
109
113
115
117
114
115
118
119
118
118
119
120
119
119
119
118
115
114
114
115
115
115
116
115
113
114
113
116
117
116
117
119
119
118
120
119
119
118
119
120
118
119
117
117
117
116
115
116
119
118
118
119
113
111
111
113
115
118
116
112
116
116
117
117
118
120
120
119
118
118
113
113
114
113
114
114
115
114
112
112
114
115
118
118
117
117
116
117
117
117
118
118
117
118
118
117
118
118
118
118
119
118
118
115
116
116
117
117
116
115
115
115
116
116
116
116
116
114
116
115
115
116
116
117
118
118
118
118
116
115
115
115
115
116
117
118
119
119
119
121
122
122
123
122
122
121
123
124
125
132
133
137
136
137
137
140
142
142
143
144
142
141
142
145
146
147
148
149
152
153
153
154
152
153
154
153
155
157
156
156
157
158
157
156
158
157
157
156
156
156
156
156
156
154
154
155
156
156
157
161
162
163
164
162
164
161
164
163
164
162
163
165
166
167
169
169
166
168
167
168
169
169
167
170
172
167
167
167
168
167
168
166
165
167
164
164
162
162
154
155
156
151
154
155
154
156
155
154
156
152
152
153
151
151
149
150
153
153
153
154
158
158
157
159
157
157
157
156
160
159
159
160
159
159
157
158
161
158
156
157
158
159
162
161
161
159
158
158
158
158
156
156
157
160
164
163
161
162
162
163
162
162
160
160
158
160
161
163
162
163
164
164
165
165
165
165
166
165
166
165
167
163
160
158
163
162
158
159
161
164
164
165
164
163
163
163
162
159
158
160
159
158
153
153
153
153
154
153
154
150
150
150
149
148
146
145
142
146
147
148
150
150
151
152
153
155
154
154
155
158
158
159
161
162
161
161
162
162
161
163
163
162
163
165
163
160
164
165
165
167
167
167
167
166
168
167
168
168
169
163
160
159
156
159
160
162
159
161
162
160
161
159
160
165
169
170
172
173
170
169
172
172
172
173
170
170
173
174
174
173
174
173
172
172
172
172
171
173
174
173
173
175
177
179
179
178
180
187
188
187
190
190
188
190
189
191
190
192
187
175
184
