219
221
219
218
218
217
216
217
212
214
213
208
210
212
211
211
212
214
216
216
218
220
218
219
220
217
218
220
220
220
220
214
213
213
213
213
212
208
205
205
207
209
210
209
211
200
203
202
202
200
205
210
210
212
207
206
208
196
206
215
221
220
224
224
226
225
226
225
223
223
223
223
218
220
225
224
223
223
219
219
215
212
218
218
214
215
212
214
214
216
216
210
205
202
204
204
203
202
202
206
204
208
212
210
212
217
214
216
216
214
215
215
217
219
220
222
221
222
221
221
224
210
227
227
228
229
228
228
230
231
226
225
225
224
224
223
232
229
225
222
223
225
223
221
226
227
229
230
233
233
236
240
239
238
241
242
239
240
240
241
241
236
240
241
241
239
237
237
234
238
239
241
243
242
240
246
248
248
246
245
251
250
248
249
248
247
248
246
248
248
236
238
240
239
240
244
247
244
248
249
254
254
250
249
248
248
245
244
237
247
247
245
243
239
240
242
243
242
245
241
243
244
244
243
244
242
241
241
243
244
248
250
250
249
249
252
252
253
255
256
256
252
244
242
246
249
243
246
237
239
242
254
254
254
254
251
252
249
247
245
245
244
247
248
247
247
246
245
245
245
246
246
245
242
245
239
238
239
241
237
239
237
233
236
234
233
233
236
239
241
242
235
229
234
233
224
226
225
227
229
234
234
234
236
234
231
230
228
233
233
233
237
236
237
234
241
242
241
240
241
245
243
243
243
243
247
245
245
245
245
245
244
245
249
249
250
248
247
246
247
245
247
248
248
251
250
248
249
249
251
254
257
255
257
254
255
249
251
253
253
253
252
251
253
255
266
261
256
263
261
261
259
257
257
256
257
258
258
262
259
260
264
267
268
270
268
272
272
270
272
272
270
272
270
273
273
271
272
271
269
267
270
270
268
268
267
269
265
262
260
261
259
255
257
257
252
253
254
252
249
252
248
241
237
233
229
240
240
245
250
249
251
252
255
257
285
261
258
260
261
260
272
278
280
285
285
290
290
288
291
290
294
294
299
296
293
291
293
294
299
298
294
289
292
290
288
289
279
280
288
296
301
304
302
303
303
305
305
303
300
295
295
300
302
300
298
294
297
288
294
295
298
305
302
300
301
299
304
305
308
311
313
328
306
306
303
306
307
307
308
309
308
314
313
313
316
314
314
317
313
314
313
309
308
307
312
317
318
318
316
328
332
332
328
325
319
320
324
322
327
323
320
326
323
326
331
331
328
325
327
324
322
325
323
324
325
323
320
321
318
318
321
323
321
325
338
325
324
323
325
327
324
328
330
332
330
328
327
329
326
325
325
331
335
329
329
329
334
338
339
336
336
341
343
343
341
343
344
343
343
341
342
344
346
344
347
342
333
332
337
341
343
343
346
346
346
341
341
338
334
332
335
338
337
338
333
332
332
327
329
330
325
319
321
321
326
323
318
307
288
299
295
303
304
300
290
293
298
293
297
302
295
291
299
296
297
300
301
294
288
286
279
281
279
278
286
285
281
293
288
285
286
293
294
293
291
284
289
291
291
296
294
304
303
300
302
305
310
311
311
314
314
325
327
327
333
331
325
327
333
338
340
340
344
338
339
341
344
344
341
336
332
337
338
333
331
330
330
337
339
341
332
333
334
339
340
340
345
346
343
333
330
328
319
319
315
312
318
312
303
316
305
308
310
316
316
314
315
308
310
314
312
308
314
308
295
310
302
301
310
314
321
315
326
323
314
317
319
317
317
329
330
332
333
331
336
332
332
335
332
332
337
331
334
332
337
335
339
341
349
344
342
351
350
350
354
351
352
351
356
359
359
360
361
361
362
367
364
364
363
364
357
358
359
358
357
363
357
362
364
365
367
368
370
364
368
365
365
367
371
368
372
374
373
377
376
376
378
378
383
381
374
374
375
371
373
374
377
376
377
366
359
352
362
361
365
365
360
366
371
376
378
378
383
386
386
383
387
388
385
388
384
388
392
401
411
411
399
398
397
400
398
400
404
401
402
403
401
400
405
406
409
409
403
407
409
407
408
404
408
402
406
406
399
387
392
395
397
399
400
402
403
406
408
407
411
416
413
409
418
420
417
417
418
421
423
412
408
410
405
413
410
411
408
414
412
401
403
398
402
405
401
401
415
425
429
434
430
422
427
420
427
421
418
417
420
416
420
418
417
421
414
408
414
413
417
418
419
418
426
426
419
425
421
421
426
422
424
428
429
420
422
422
424
427
423
430
429
430
424
423
424
421
421
417
416
415
416
420
420
421
422
427
434
448
462
466
462
461
465
466
461
462
467
466
472
474
476
472
476
474
480
484
481
479
479
481
481
487
488
485
482
484
481
482
483
475
477
479
477
478
477
476
478
478
478
478
477
481
486
482
482
476
475
477
481
495
490
497
503
510
515
513
514
524
516
512
550
543
545
547
549
551
556
564
561
558
563
564
570
571
575
577
578
583
583
594
596
594
595
602
601
594
581
582
576
585
590
595
591
599
598
600
595
594
595
585
593
588
587
587
589
594
596
606
604
605
609
608
614
609
613
618
600
598
588
581
577
577
577
577
577
582
575
574
572
579
584
583
582
573
575
582
591
592
594
592
591
591
599
607
599
605
607
610
615
625
628
623
622
629
635
632
632
629
631
630
629
628
624
630
638
639
644
643
649
653
654
658
659
662
669
664
654
665
671
670
670
667
669
680
675
685
687
649
645
635
626
621
624
620
630
630
626
628
632
633
628
626
634
635
634
626
631
626
607
610
616
623
622
623
625
626
634
641
635
639
624
616
613
612
619
625
622
625
629
629
636
636
648
647
639
653
653
656
657
666
671
667
675
679
690
680
680
676
681
666
623
637
