72
72
72
73
72
72
73
73
73
73
73
72
71
72
72
72
74
74
74
74
74
74
73
73
74
74
75
75
76
76
76
76
77
77
78
78
79
79
79
79
80
79
80
80
79
79
80
79
79
80
80
80
81
80
81
82
82
81
82
82
81
82
81
80
80
80
80
81
81
81
80
80
79
78
78
77
76
75
76
76
76
76
78
79
78
79
78
79
80
81
81
80
78
78
79
80
80
81
82
80
80
80
80
81
81
82
83
84
86
85
85
86
85
85
85
84
83
84
88
87
87
88
88
87
87
87
87
86
86
85
84
83
82
82
82
81
81
81
80
81
81
81
81
80
80
80
80
81
81
80
80
80
79
79
83
82
81
81
81
81
80
80
80
80
80
79
79
79
80
80
81
81
81
80
81
83
83
84
85
86
85
86
85
86
86
86
89
88
88
88
87
87
86
85
87
88
89
88
87
86
86
87
86
85
84
85
84
84
84
84
84
84
82
83
83
83
82
83
83
84
85
84
85
85
85
85
85
84
84
85
85
86
86
87
86
87
87
88
88
89
89
88
87
87
88
89
90
92
91
90
89
91
90
91
92
92
93
93
93
93
93
93
92
91
90
90
91
91
92
91
91
92
92
91
92
94
95
95
94
93
94
95
94
95
94
94
95
96
95
95
95
95
94
97
96
96
96
96
97
98
97
97
96
97
97
98
97
100
100
100
98
98
98
99
99
97
96
96
97
96
96
95
97
96
97
97
97
97
97
97
97
97
97
98
97
96
96
95
96
97
96
98
100
100
100
100
100
101
102
101
102
101
100
98
98
99
99
99
99
98
98
100
98
99
99
98
99
99
98
99
98
96
94
94
94
93
93
94
95
95
95
96
96
97
97
97
98
98
98
98
96
97
98
98
97
98
97
98
97
96
96
96
94
94
96
95
95
95
95
95
94
93
93
94
94
94
94
94
93
93
95
94
94
93
93
91
94
94
95
96
97
98
98
98
99
99
101
100
101
102
105
104
104
106
103
103
102
102
103
104
103
104
104
103
103
103
104
104
105
103
103
103
104
103
102
102
102
101
101
104
106
106
106
107
108
109
110
108
107
107
106
108
108
108
106
107
106
108
107
109
108
110
110
109
110
111
110
111
110
110
110
110
109
106
105
107
105
105
104
103
107
105
106
106
105
104
104
103
101
102
102
101
99
97
99
99
100
102
103
103
106
106
105
105
105
103
103
104
104
104
105
105
105
104
104
104
104
104
105
104
103
103
104
104
103
104
105
103
103
102
101
102
102
100
101
102
101
100
100
101
101
102
102
103
102
102
102
100
101
102
103
103
102
100
99
99
98
99
100
99
98
99
99
101
102
101
101
99
99
98
98
99
98
99
100
100
102
102
101
102
102
102
103
104
104
103
102
103
102
102
103
104
104
106
108
108
107
106
106
107
107
106
108
109
109
109
109
109
108
103
105
101
102
102
101
97
96
96
94
96
98
95
94
96
96
96
97
99
98
97
97
97
98
98
98
97
98
97
99
100
100
100
101
101
101
101
101
104
104
104
104
104
106
105
104
104
103
102
103
102
102
103
101
99
99
99
100
101
100
102
101
100
101
101
99
99
99
99
100
100
97
97
98
98
99
99
97
97
98
99
104
103
103
103
103
104
104
105
105
105
103
104
104
103
105
105
106
106
105
105
105
107
105
106
107
107
107
106
109
112
112
114
114
113
114
114
113
113
112
112
112
112
114
115
115
115
116
115
112
113
112
112
111
114
114
115
117
116
116
116
116
117
119
118
117
117
117
118
118
119
118
118
119
118
116
116
116
117
116
117
116
116
117
118
118
115
113
114
115
116
116
116
118
118
118
119
119
119
119
120
120
121
120
121
119
117
119
119
118
120
118
120
120
120
120
121
122
122
121
123
124
124
124
125
124
125
125
125
124
124
122
124
128
129
128
131
130
131
130
128
129
129
128
127
128
128
128
129
127
128
129
129
128
127
127
128
128
128
128
127
126
126
126
126
127
127
125
124
125
127
125
125
124
124
124
122
122
121
121
122
124
127
124
124
121
123
122
122
122
124
125
125
128
126
127
127
127
126
124
122
121
119
118
120
122
122
121
123
124
124
125
125
125
124
124
124
126
126
125
127
128
123
124
124
124
125
121
117
115
113
114
115
114
116
114
114
113
114
115
116
116
114
114
114
115
115
117
117
116
118
120
116
117
120
119
119
119
119
119
119
119
120
120
119
120
118
119
118
118
120
119
119
120
119
119
120
119
118
119
120
122
122
123
123
124
124
124
124
126
124
126
125
125
126
127
126
128
129
129
131
130
130
129
131
130
130
130
130
130
130
130
131
132
130
131
130
132
132
132
133
131
131
130
128
128
129
129
130
130
129
129
129
130
131
131
132
131
131
133
133
133
133
133
134
133
134
133
135
134
134
134
134
135
135
136
136
137
137
137
139
139
140
141
141
141
141
143
142
143
142
143
141
141
139
141
141
142
143
142
142
141
142
143
144
143
140
140
141
140
139
140
141
142
142
141
142
141
141
142
142
143
144
143
143
145
145
145
147
146
147
147
147
147
148
147
148
148
147
149
149
148
150
151
150
150
150
150
151
150
151
151
150
151
148
149
148
151
149
157
150
150
148
148
147
147
146
147
147
145
147
147
146
147
149
147
148
148
149
150
151
151
152
152
153
154
154
154
154
155
153
155
155
156
153
150
153
152
155
154
155
155
157
159
157
157
156
156
155
156
156
158
157
158
158
158
156
157
157
158
159
159
158
157
158
159
157
154
153
155
155
155
155
157
156
154
152
151
152
154
151
150
150
150
151
152
151
150
150
152
151
155
157
156
155
159
155
156
152
150
