26
26
26
26
27
27
27
28
27
26
26
26
26
26
27
27
26
26
26
26
26
26
27
28
27
26
27
26
26
26
26
26
27
27
27
26
25
24
23
24
23
24
24
25
25
25
25
24
24
24
31
31
31
31
31
31
31
30
31
30
30
29
30
31
31
33
34
35
34
34
34
33
32
32
33
31
31
32
32
31
32
32
31
32
31
31
30
31
32
33
33
33
32
30
30
31
30
31
31
32
32
32
32
34
35
35
35
37
37
37
39
38
38
36
36
34
35
35
35
35
35
36
35
36
36
36
36
36
37
37
37
36
37
38
39
39
39
39
40
40
41
41
41
41
42
42
42
42
45
43
43
44
43
43
44
44
46
43
44
44
44
44
45
46
47
46
46
46
43
43
43
44
46
46
46
48
49
55
45
47
47
46
46
47
45
47
47
48
48
48
47
48
48
48
48
49
50
49
49
49
50
50
50
51
52
52
52
52
51
52
51
51
52
52
54
53
52
53
53
54
54
54
54
54
53
52
52
52
52
50
48
49
48
47
49
48
47
47
47
47
55
55
55
54
58
58
57
59
58
58
58
59
61
61
62
61
62
62
62
61
63
62
64
65
64
65
63
64
65
65
65
64
63
62
63
61
61
60
60
60
61
58
54
53
53
51
52
50
52
52
51
49
49
50
51
47
48
47
47
48
50
54
52
50
48
45
45
45
46
48
48
49
47
45
46
47
49
50
50
49
50
52
54
56
56
57
57
58
59
60
60
60
61
61
61
61
61
61
60
61
63
63
64
63
63
63
62
63
63
63
65
68
67
67
66
64
62
63
63
64
65
63
63
65
63
61
61
61
60
60
61
61
60
61
60
60
62
64
64
64
64
65
64
66
67
67
67
67
69
68
68
68
68
68
69
68
68
68
69
69
69
69
68
64
65
65
66
65
63
63
64
64
63
65
64
63
65
66
66
65
67
66
64
64
63
48
51
51
52
53
54
55
55
54
55
54
55
56
55
55
54
55
55
55
54
55
54
55
54
55
52
53
52
50
50
51
49
49
50
50
50
50
48
49
48
47
48
46
45
48
48
49
48
48
49
48
49
49
49
49
47
47
47
48
47
46
47
47
47
49
59
59
61
63
63
65
63
63
63
63
65
65
64
63
63
65
65
65
67
67
68
68
68
67
68
69
69
68
68
68
67
67
65
63
62
63
64
62
60
60
60
61
61
61
63
60
59
60
60
60
59
59
60
61
63
64
67
69
69
76
80
82
81
80
80
80
80
81
80
80
80
80
81
81
80
81
82
84
83
83
86
88
89
88
89
89
89
88
90
89
89
89
89
88
89
91
89
93
97
95
93
94
95
95
96
95
96
100
95
95
92
93
95
94
93
95
93
95
98
98
101
100
111
117
115
110
112
111
112
108
107
107
106
112
115
113
126
126
126
126
120
121
121
125
123
125
124
120
106
89
108
107
115
116
115
109
109
103
98
102
97
99
99
97
95
100
104
102
103
98
99
97
105
102
100
100
103
103
107
110
109
108
114
114
113
112
104
100
98
101
100
98
98
100
103
103
105
105
109
107
110
114
113
113
109
113
113
108
103
112
118
120
121
124
124
124
124
126
124
126
130
127
131
122
128
124
121
120
122
120
124
121
120
117
117
118
117
118
119
116
109
110
105
116
116
112
116
114
106
102
107
109
108
105
100
100
97
94
92
92
96
92
90
88
81
82
89
87
87
89
90
95
90
91
91
88
91
95
95
95
98
98
99
101
95
97
98
100
97
98
98
99
100
101
100
100
99
98
101
105
102
103
106
103
105
104
105
104
103
108
110
111
110
99
94
97
95
96
94
92
92
90
90
92
91
91
89
91
91
92
90
87
88
89
88
90
90
93
96
99
103
102
103
102
101
101
100
101
100
97
95
95
94
95
94
96
95
94
91
91
88
88
87
90
91
95
95
95
95
96
96
95
96
97
99
98
85
87
88
86
86
91
92
92
91
91
94
93
93
94
96
95
94
95
96
97
95
95
96
96
96
96
96
96
97
97
98
97
98
98
98
100
99
99
96
97
97
97
97
100
99
97
96
96
95
95
97
97
97
98
103
104
105
104
103
102
101
98
102
100
117
118
122
122
127
127
126
127
126
127
125
123
122
122
124
124
122
123
115
115
115
113
115
116
116
118
118
118
117
117
119
118
117
121
120
124
125
124
123
124
123
123
126
124
125
126
127
126
126
129
126
126
125
127
129
132
131
131
131
131
131
135
133
142
139
139
138
141
140
139
142
141
141
141
140
140
141
144
145
145
145
143
141
142
142
143
143
144
142
143
143
143
142
140
141
142
141
140
141
141
143
144
146
144
145
147
143
142
142
141
144
146
147
148
147
147
146
144
144
143
144
145
144
144
147
143
140
141
144
147
152
151
153
152
156
156
156
159
157
156
158
160
159
160
160
158
154
156
158
158
158
161
163
164
164
164
163
165
165
166
166
166
155
154
154
149
151
154
154
152
155
155
159
157
152
153
150
150
147
146
147
150
152
156
159
159
163
176
183
184
183
189
188
188
190
182
184
182
182
181
180
181
181
171
174
170
170
172
168
169
166
167
168
168
170
169
166
165
170
175
176
173
175
179
178
178
183
184
183
183
184
185
186
186
188
186
181
181
181
181
182
178
181
186
194
199
198
196
197
200
202
200
200
193
196
194
193
195
195
197
200
198
197
197
200
200
200
196
194
192
191
194
195
194
196
193
195
197
197
196
195
199
190
187
189
184
183
186
186
188
186
186
188
190
191
190
188
189
188
190
188
187
193
196
202
206
207
210
212
208
214
217
224
221
220
223
222
255
251
263
271
274
277
282
266
263
262
248
267
