66
66
66
66
65
66
66
66
66
65
66
65
65
66
65
65
65
65
65
66
66
66
66
67
67
68
69
69
68
68
68
68
69
70
70
70
70
70
70
72
72
72
72
72
72
71
71
70
70
71
71
72
74
75
74
75
75
76
77
77
77
77
78
78
78
78
79
79
80
82
82
82
80
80
82
82
83
83
82
83
82
81
83
84
83
84
83
83
83
84
84
82
83
81
82
82
82
83
83
83
82
83
84
86
86
88
88
88
88
87
87
88
89
89
91
90
90
90
92
91
92
94
95
95
94
96
96
95
95
95
94
94
94
94
94
94
94
95
94
93
92
93
93
93
94
94
93
93
95
95
96
97
98
99
99
98
96
96
96
96
96
95
95
96
95
93
93
95
94
95
97
98
99
98
99
101
102
101
102
106
107
108
108
109
108
108
108
108
109
110
109
110
110
109
110
110
110
111
110
110
110
112
112
112
114
113
112
112
110
110
110
110
110
108
108
109
110
110
111
111
113
113
114
116
115
114
114
113
114
114
114
116
116
116
116
117
118
118
119
120
119
117
113
113
111
113
112
116
111
110
112
113
115
114
117
117
119
121
120
121
121
121
122
120
119
120
120
123
125
124
124
124
123
121
123
121
122
123
124
123
123
122
122
122
121
120
123
123
124
125
126
121
119
119
120
117
118
118
120
121
122
123
119
122
119
119
120
120
121
120
120
120
120
121
121
121
123
123
122
119
119
119
118
118
119
120
120
120
120
121
121
122
122
124
124
124
123
122
120
120
121
121
122
123
124
122
121
121
120
121
119
120
120
121
120
120
118
120
122
123
123
122
123
124
126
125
127
127
128
128
127
125
124
124
123
122
122
121
123
124
124
125
126
126
127
127
129
128
128
128
128
126
127
128
129
128
127
128
128
128
130
130
130
130
133
133
133
133
131
129
131
130
131
132
131
128
128
129
127
125
126
124
124
122
122
119
123
124
124
127
127
129
131
132
139
135
139
138
138
139
138
138
136
136
136
136
136
136
136
137
137
140
139
141
141
142
141
139
141
141
143
148
145
147
145
145
142
141
144
145
149
150
153
152
152
151
151
151
148
145
143
145
150
152
153
153
151
153
152
155
153
155
156
156
154
154
154
156
157
158
160
163
164
162
165
164
167
167
167
166
168
170
172
170
170
167
166
166
166
163
164
162
160
160
159
158
159
158
160
161
163
163
163
162
162
158
159
161
162
160
161
161
163
162
164
165
165
163
164
163
162
161
164
162
162
162
162
160
162
158
155
156
156
154
153
155
156
156
155
157
158
158
158
159
160
161
160
159
158
160
159
159
161
159
157
157
157
158
159
160
160
159
162
163
164
166
166
164
164
162
161
160
160
161
158
160
160
163
164
167
167
168
169
169
170
169
167
167
166
164
163
171
173
176
173
173
173
174
173
174
173
172
172
173
174
174
175
174
171
152
164
163
165
167
166
161
161
165
163
165
170
165
165
168
168
172
172
168
169
167
168
166
168
164
163
165
166
164
169
170
170
170
174
177
177
177
175
175
174
174
176
175
180
180
180
191
189
191
188
189
187
186
186
183
181
182
181
179
180
188
186
189
189
190
187
188
188
189
187
187
186
183
188
187
187
187
186
187
188
190
190
188
186
190
190
189
190
191
191
189
186
188
190
188
189
187
189
189
185
181
186
184
183
183
184
181
181
176
181
186
187
189
189
187
185
184
188
185
185
182
186
191
192
191
192
191
190
193
192
193
194
193
192
190
185
188
187
189
189
188
191
192
192
193
194
194
194
194
194
197
199
197
201
201
202
202
202
201
200
201
201
200
202
203
202
201
200
200
201
207
206
206
207
207
209
211
212
214
215
217
215
217
214
216
213
212
212
213
213
216
214
214
214
212
213
213
215
216
216
217
218
217
214
218
217
217
216
216
216
217
209
212
215
217
218
222
222
222
221
222
222
222
221
223
222
222
221
222
223
218
219
219
222
218
217
216
217
219
219
219
219
216
217
218
218
218
219
217
218
218
217
219
214
211
214
212
213
212
212
212
213
214
212
211
208
209
208
209
211
211
212
212
217
216
217
217
218
217
214
213
215
215
213
214
216
216
215
216
219
219
220
219
218
216
217
217
227
228
226
229
230
228
229
226
228
230
245
249
245
249
251
248
246
244
246
247
249
248
247
249
252
249
250
252
247
247
247
237
234
232
232
233
232
233
234
236
234
231
234
233
232
233
234
235
235
236
237
235
234
231
229
231
228
231
233
233
229
233
229
227
230
228
229
228
230
232
232
233
233
235
237
239
239
242
243
242
243
242
244
246
248
248
245
243
242
243
244
244
245
244
244
244
244
241
245
244
240
241
239
236
235
237
236
239
238
237
238
236
240
239
239
241
239
240
243
244
244
245
249
248
250
249
249
246
244
245
245
246
249
249
250
247
247
247
248
246
246
248
253
250
251
254
257
257
257
258
258
258
255
254
255
256
257
256
258
258
259
260
261
260
260
257
258
255
257
258
256
258
258
260
260
262
262
264
264
264
265
265
264
265
264
266
266
264
264
261
265
263
265
267
269
270
269
271
274
271
270
271
271
270
269
268
269
272
270
270
270
270
271
272
272
271
269
266
266
269
269
268
266
266
267
276
278
280
282
282
282
285
286
285
288
290
291
292
293
294
295
294
295
299
297
296
295
292
294
295
293
301
306
298
297
297
296
294
301
301
302
303
303
298
298
297
301
300
300
297
302
303
303
303
305
308
307
307
302
302
298
300
303
306
306
307
309
308
309
309
308
307
305
304
305
307
308
307
305
307
309
309
309
309
309
310
317
315
318
316
316
315
313
317
326
336
335
341
341
341
334
314
327
