69
69
70
72
72
72
72
73
72
72
73
72
71
73
73
74
74
75
75
74
75
75
75
75
75
75
76
76
76
75
75
75
75
76
77
77
76
74
73
74
75
75
76
77
76
75
75
74
74
75
76
76
75
76
76
76
77
75
77
78
78
78
79
79
79
78
80
80
79
80
80
80
77
77
79
77
77
77
77
77
77
75
77
78
77
77
76
77
77
77
77
74
74
72
71
73
74
73
73
72
72
72
72
73
74
75
75
75
76
77
77
78
78
78
75
74
74
74
74
73
74
76
75
74
74
74
75
74
74
74
73
74
74
73
73
73
74
75
74
73
73
73
73
73
74
74
75
76
76
76
75
77
76
77
78
78
77
78
78
78
78
77
77
78
78
77
77
77
76
78
79
78
79
79
79
79
80
80
82
85
88
88
88
88
86
86
87
87
87
87
86
85
86
86
88
87
87
87
87
86
87
87
87
87
88
88
88
88
87
89
90
90
89
88
88
89
89
89
90
90
92
92
92
93
92
92
92
92
91
90
91
90
91
92
90
91
88
88
89
92
94
92
90
90
91
91
92
93
91
91
92
94
95
93
93
93
92
93
91
90
91
91
91
91
90
91
91
93
94
94
95
94
94
95
96
95
95
96
97
97
98
97
97
98
96
96
97
98
98
97
98
96
95
96
96
94
94
94
94
96
96
97
95
95
95
94
94
94
94
94
93
93
94
95
96
96
97
98
97
97
97
98
98
99
99
100
100
100
101
101
100
99
99
101
102
103
102
102
101
101
101
102
103
103
104
103
102
102
101
103
103
103
104
104
103
103
102
102
104
104
104
105
105
106
107
108
107
108
107
105
104
103
101
101
101
100
100
100
102
102
102
103
104
105
106
106
107
105
106
106
106
106
107
107
107
107
109
109
109
109
108
109
108
108
109
112
113
112
111
110
111
110
110
111
111
109
111
113
110
108
109
105
106
104
103
103
106
106
108
107
108
108
109
110
111
110
111
110
109
108
110
114
115
117
116
117
115
115
116
115
115
116
116
117
117
117
111
106
110
110
108
106
102
104
102
102
102
101
102
107
109
109
111
112
112
111
111
111
111
109
106
104
104
104
102
103
100
102
102
104
103
105
106
102
105
105
103
103
102
105
106
107
108
108
108
108
109
110
109
110
111
111
111
111
111
111
110
110
109
108
109
108
108
108
108
108
109
109
110
109
111
111
109
106
106
102
103
104
103
103
103
104
105
105
104
106
106
99
101
101
99
101
104
102
104
106
106
104
104
102
102
104
104
100
100
102
100
100
99
97
97
97
98
96
96
97
96
95
94
93
92
93
93
92
92
92
91
91
91
92
91
91
91
92
93
93
93
92
90
89
88
87
88
88
87
87
87
86
87
87
86
87
87
86
86
86
86
85
83
82
83
85
86
85
84
83
83
82
81
82
82
80
81
81
81
82
82
81
79
73
77
74
75
78
79
76
76
77
76
78
79
79
79
79
79
80
81
80
79
79
77
76
76
75
75
76
77
76
78
80
80
81
83
82
80
79
79
80
78
78
79
79
81
81
80
79
81
81
79
80
80
80
80
80
87
89
88
88
89
88
91
92
97
97
94
95
96
95
95
94
92
89
94
88
86
88
89
90
90
91
90
85
85
85
87
87
87
86
86
84
84
82
81
78
78
78
77
76
72
70
72
71
71
71
69
68
68
70
71
70
69
67
68
69
69
70
72
72
72
73
74
76
74
76
76
73
74
74
75
74
76
76
77
77
79
77
77
77
78
78
79
81
83
84
83
84
82
84
81
83
84
82
83
82
81
81
81
79
79
79
81
82
82
82
83
83
89
91
91
93
93
92
91
91
88
89
88
89
89
90
89
88
86
86
86
86
85
85
85
82
83
84
84
83
83
83
84
83
84
85
85
84
83
83
83
84
86
84
85
87
84
82
81
83
84
85
85
84
85
85
87
88
89
91
92
91
91
91
91
91
92
92
92
90
90
90
88
87
88
88
89
89
90
89
89
89
89
89
90
91
92
92
92
92
92
92
94
94
94
94
94
95
94
93
91
91
91
90
91
92
92
92
94
93
93
93
94
96
96
97
97
96
97
97
97
97
94
93
96
95
95
95
95
92
94
93
92
91
92
93
93
91
92
92
92
95
96
100
100
101
104
104
103
103
104
105
104
104
104
104
105
107
107
106
106
107
110
110
111
111
110
107
108
107
107
108
108
109
109
109
109
109
109
108
110
110
111
109
109
111
111
111
107
116
114
114
114
117
119
120
119
119
117
119
120
120
120
120
121
121
121
122
122
123
123
123
123
123
119
120
121
122
123
122
121
123
122
120
120
120
120
117
117
115
115
115
112
111
111
110
111
113
113
114
112
114
116
115
116
116
115
115
112
112
112
114
115
116
118
117
116
119
119
118
118
117
118
117
117
116
117
116
116
117
118
115
112
113
114
114
114
115
119
122
124
124
124
124
122
122
120
121
119
120
121
117
119
120
120
118
117
117
120
120
120
121
120
122
123
121
122
122
123
123
123
123
124
124
122
121
118
118
118
120
116
113
114
114
112
113
114
115
116
117
117
115
117
119
120
120
117
119
118
120
119
119
119
117
119
121
121
121
122
123
124
125
126
126
145
127
128
128
128
131
131
131
131
131
132
133
133
131
131
131
131
130
131
130
132
134
131
129
130
130
131
133
133
130
131
133
133
133
132
131
132
130
130
129
128
128
126
127
126
127
128
128
128
129
129
128
128
131
136
139
139
140
139
139
142
141
142
141
142
139
142
145
144
144
144
144
145
146
146
146
147
148
148
150
153
153
152
155
155
153
154
154
151
151
151
150
149
151
151
150
149
147
145
137
142
