12
12
12
12
12
13
13
13
12
12
13
12
12
13
13
13
13
13
13
13
13
13
13
13
13
13
13
13
13
12
13
12
12
13
13
12
12
12
12
12
12
13
13
13
13
13
13
13
13
13
13
13
13
13
13
14
14
14
14
14
14
14
14
14
14
14
14
15
15
15
15
15
14
15
15
14
14
15
14
15
14
14
14
14
14
14
14
14
14
15
15
15
15
14
14
14
14
14
14
14
14
14
14
14
14
15
15
15
15
15
15
14
14
14
14
14
14
14
14
14
14
15
15
15
15
15
14
14
14
14
15
15
15
15
15
15
15
15
15
15
15
15
15
15
15
15
15
15
15
16
16
16
16
16
16
16
16
16
16
16
16
15
16
15
16
15
16
16
16
15
15
15
15
16
15
16
16
16
16
16
15
15
15
15
15
15
15
15
15
15
15
16
16
16
16
16
16
16
15
15
15
15
16
16
16
16
16
16
16
16
15
15
16
15
15
15
15
15
15
15
16
16
16
16
16
16
16
16
16
16
16
16
16
16
15
16
16
16
16
16
16
16
16
15
16
16
16
16
15
15
15
16
16
16
16
17
17
18
18
18
19
19
19
19
19
18
18
18
18
19
18
18
18
18
18
18
18
18
18
18
19
19
19
19
18
18
18
18
19
19
19
18
18
19
19
18
18
18
19
18
19
19
19
19
19
19
19
19
19
19
18
19
18
18
18
18
18
18
18
18
18
18
18
18
18
19
19
19
19
19
19
19
19
19
19
19
19
19
20
19
20
20
19
19
19
19
18
19
18
18
19
19
19
19
19
19
19
19
19
19
19
19
19
18
19
18
18
18
18
18
18
18
18
18
18
18
18
18
19
19
19
19
19
19
19
19
19
19
19
19
19
19
19
20
20
20
20
20
20
20
19
20
19
19
19
19
20
19
19
19
19
19
18
18
18
18
18
18
18
18
18
18
17
17
17
17
18
17
18
18
18
18
18
18
19
19
19
20
20
20
20
20
20
20
20
20
20
20
20
20
20
21
20
21
20
21
21
21
21
21
21
21
21
21
20
20
20
20
20
20
20
20
21
21
21
21
20
20
20
20
20
19
19
20
20
20
19
20
20
20
20
20
21
21
20
20
19
20
19
20
20
20
20
20
20
21
22
22
22
22
22
22
22
22
22
22
22
22
22
22
22
23
23
23
23
23
23
23
23
23
23
23
23
23
22
21
21
21
21
21
21
21
22
22
22
23
23
22
22
22
22
22
22
22
22
22
22
22
22
22
22
23
23
22
22
21
21
20
21
21
21
21
21
21
21
21
21
21
22
22
22
22
22
22
22
22
22
22
21
22
21
21
21
22
22
22
22
21
21
21
20
20
21
20
20
20
20
20
20
20
20
20
20
20
20
20
20
19
20
19
19
20
20
20
20
20
21
21
22
23
23
23
24
24
24
23
23
23
22
20
22
21
22
23
23
22
22
23
22
22
23
22
22
23
23
23
24
23
23
23
23
23
24
24
24
24
25
24
25
25
26
26
26
26
26
26
27
28
28
28
28
28
29
29
28
29
28
28
28
29
28
28
30
31
31
31
30
30
30
30
30
31
31
32
31
31
31
31
32
33
33
32
34
33
34
33
33
33
33
33
33
32
32
33
33
33
33
33
34
33
32
33
32
31
31
30
30
30
29
28
28
27
28
28
28
28
29
29
28
29
29
28
28
28
26
25
26
25
26
26
27
30
30
31
31
31
32
32
32
31
33
33
33
32
32
32
32
32
32
32
32
33
33
34
34
34
34
34
35
36
36
35
36
35
35
36
36
36
36
36
37
37
37
37
36
36
37
36
37
36
37
36
36
36
35
35
35
35
36
36
36
39
41
42
42
43
44
45
44
46
45
46
46
46
47
47
47
47
46
46
47
46
47
47
47
48
47
48
47
48
46
45
46
46
47
47
46
47
48
49
52
53
53
53
53
53
53
54
54
53
55
56
57
56
56
57
57
56
56
58
59
59
59
59
62
63
63
63
61
62
62
63
63
62
62
62
62
62
61
63
63
63
62
62
59
61
60
60
63
64
64
63
65
65
64
64
67
67
68
69
69
69
67
68
67
67
66
66
66
66
67
66
67
67
68
71
71
73
71
71
71
70
69
68
70
72
69
71
80
88
84
87
92
92
94
93
94
94
94
94
94
92
86
90
92
93
95
94
90
90
93
97
100
100
105
106
107
106
112
120
105
111
104
103
105
103
104
108
106
104
104
103
100
103
106
104
106
109
108
110
111
109
111
113
115
114
119
118
119
120
113
108
109
109
107
108
111
106
97
102
105
104
102
99
97
98
101
98
100
100
102
102
103
105
107
109
105
108
109
106
108
108
108
109
109
103
100
100
101
100
97
98
96
96
99
100
100
101
103
104
105
104
105
105
106
103
104
103
104
103
114
120
127
130
136
134
130
137
138
140
141
140
138
144
147
145
144
143
148
148
153
165
146
154
152
147
153
153
159
158
160
159
155
151
149
151
147
145
142
142
146
150
154
158
163
161
166
162
166
166
167
168
165
168
168
160
165
162
166
164
167
168
174
168
172
157
160
169
168
165
164
162
160
161
167
166
165
163
166
166
170
168
167
166
166
166
170
169
169
173
185
186
188
182
180
178
176
176
176
179
181
179
180
182
180
183
191
190
191
194
196
197
198
194
198
198
197
197
195
198
202
205
209
206
207
207
211
212
205
213
216
213
212
213
214
212
216
217
216
217
214
210
199
199
200
182
186
192
194
192
193
192
186
188
193
198
198
197
194
193
197
198
198
196
204
216
214
220
222
218
225
224
224
221
224
228
230
236
239
238
238
243
241
246
239
237
227
204
230
