101
102
102
102
102
102
102
102
101
101
103
101
102
102
102
103
104
105
104
105
104
104
104
105
103
103
104
104
103
103
104
103
103
103
103
103
104
103
103
103
102
102
104
104
103
101
100
99
99
99
100
102
104
106
107
107
108
107
109
110
110
111
110
110
110
109
111
111
111
109
111
112
110
109
111
110
111
110
109
110
109
108
110
111
110
111
110
111
112
112
113
112
111
110
111
110
111
111
113
115
113
115
116
118
116
118
118
117
117
116
116
118
120
120
119
124
123
123
123
125
126
127
128
128
127
126
122
125
127
127
126
123
123
122
123
123
123
123
123
122
122
123
124
123
124
124
122
125
126
126
126
127
124
125
127
127
125
125
124
126
125
126
127
127
127
125
126
127
125
124
126
128
129
131
132
136
131
135
133
126
127
126
124
124
124
125
124
124
124
125
123
124
124
124
126
126
126
124
124
125
125
126
125
125
125
124
124
124
121
122
125
123
125
125
126
127
128
128
130
130
129
129
129
130
129
129
128
129
130
130
133
133
133
133
131
132
133
133
136
136
135
134
133
133
131
131
131
133
132
133
142
147
149
147
151
151
152
156
154
154
154
154
154
154
152
151
150
151
151
151
151
151
151
149
150
146
149
148
148
146
148
149
147
147
147
146
148
148
149
149
149
145
143
145
145
141
143
143
143
145
147
148
148
146
148
148
149
150
149
149
148
147
147
146
147
149
151
148
148
146
146
146
146
147
148
149
147
146
147
148
148
148
151
152
154
152
152
150
149
149
148
150
152
151
151
151
148
149
149
149
150
151
152
153
152
152
154
154
155
156
155
153
152
152
150
146
153
151
152
152
151
151
150
150
150
150
151
150
153
153
153
152
155
155
154
153
155
155
156
157
155
156
157
157
157
157
157
158
157
156
156
155
154
154
155
155
156
153
151
151
151
150
150
152
150
149
151
153
152
152
153
150
151
150
147
148
150
152
156
159
165
168
171
172
174
173
177
176
175
178
177
180
179
180
179
180
182
179
177
179
177
181
180
181
179
182
183
182
184
189
189
187
193
192
191
190
193
193
190
194
193
193
196
196
194
194
195
195
193
192
190
189
191
191
187
184
182
183
180
184
186
185
189
190
190
192
190
192
188
192
193
202
209
206
204
206
208
206
205
206
206
205
206
208
207
208
210
209
212
211
208
207
205
205
203
205
209
211
214
213
214
216
215
215
215
208
210
217
218
217
215
213
216
217
217
219
220
218
217
216
214
216
219
217
225
228
230
225
225
221
219
222
222
220
218
221
221
219
220
221
223
223
225
225
221
224
224
223
223
222
221
221
224
223
222
222
221
224
226
225
224
224
227
227
229
231
231
231
231
233
231
229
228
232
229
233
232
234
234
238
241
237
239
239
239
241
240
241
241
241
240
241
246
239
241
241
245
244
242
247
248
246
247
254
254
255
254
254
249
234
237
237
241
242
240
236
234
241
235
239
241
239
240
247
246
250
253
248
247
244
245
246
250
252
247
246
251
249
254
255
254
251
254
255
256
252
249
253
254
252
253
255
259
261
261
260
273
276
276
272
271
272
272
271
270
273
267
266
259
267
268
270
271
270
266
268
269
267
265
262
262
253
259
254
257
257
253
250
254
252
260
253
252
255
254
254
253
257
258
256
248
247
244
237
240
236
238
245
235
230
236
232
236
240
244
245
250
248
258
260
264
261
253
251
239
232
240
242
254
255
258
254
253
259
259
256
265
269
262
263
272
267
268
264
260
265
265
270
272
271
269
269
269
267
270
273
276
275
273
277
278
273
278
271
271
270
271
270
268
271
274
270
269
274
276
273
269
269
272
273
262
264
263
262
266
268
262
265
268
268
263
264
258
260
254
249
256
257
253
258
264
264
267
264
263
262
259
259
260
261
260
261
259
260
259
259
262
261
262
264
255
266
269
272
274
272
273
275
277
278
282
278
277
277
279
275
270
274
273
273
273
280
282
279
289
291
287
288
287
289
290
289
287
289
287
287
286
286
286
285
286
287
284
284
284
278
280
278
281
282
283
283
282
280
278
278
279
276
274
273
276
280
281
282
281
283
284
282
280
279
276
275
274
279
276
277
274
275
280
279
280
276
277
273
278
278
280
270
253
264
264
264
263
260
265
259
254
264
261
263
268
267
268
270
266
272
275
275
277
275
276
274
273
274
278
278
284
277
276
279
283
276
279
279
284
285
285
283
283
284
281
283
280
281
281
283
281
280
282
280
282
278
280
280
277
270
266
268
265
264
262
261
262
254
258
259
259
263
275
274
272
268
269
271
267
269
269
269
266
268
268
273
271
272
270
269
269
271
271
269
274
276
271
274
275
274
271
271
272
271
269
275
275
272
266
258
256
256
256
253
255
253
253
253
252
258
260
263
267
265
265
262
257
248
240
245
248
251
253
254
256
258
256
255
257
254
249
249
252
239
240
242
245
247
248
244
245
245
240
236
234
231
233
234
234
234
233
233
227
225
222
220
221
222
220
217
217
219
200
178
173
174
174
175
178
186
184
188
188
187
188
188
184
187
196
200
200
204
208
210
206
204
204
202
201
198
200
191
199
202
200
199
199
197
195
197
202
197
197
198
197
198
201
203
200
199
196
199
207
207
210
213
202
204
203
210
217
213
214
215
216
215
214
213
211
212
208
209
209
208
210
209
212
210
210
206
204
202
192
212
217
214
211
208
212
212
209
208
209
211
214
220
215
216
220
220
220
216
217
217
217
227
237
235
236
259
250
245
246
250
246
252
247
244
242
245
243
243
241
244
245
243
241
241
250
256
259
261
260
260
259
261
260
260
265
268
273
271
272
278
275
275
273
269
263
261
252
245
254
