88
88
87
87
87
87
85
86
84
84
85
83
82
82
82
82
82
83
82
82
82
83
84
84
84
83
82
81
78
79
79
78
78
78
78
80
81
81
81
83
82
82
84
84
83
82
81
81
80
80
81
82
84
85
87
88
88
88
89
91
90
89
89
88
89
90
91
91
91
93
94
93
90
90
92
92
94
95
93
94
93
93
93
93
91
92
91
93
93
92
93
91
90
89
89
90
90
90
90
90
90
90
92
91
90
90
90
90
91
90
90
92
92
92
92
91
90
91
90
89
90
90
89
88
88
88
88
88
88
88
87
87
86
86
86
86
86
88
87
87
88
90
89
88
90
90
89
90
90
91
91
90
90
91
92
92
91
91
93
94
94
93
93
94
95
94
95
95
94
95
95
95
96
96
97
99
98
97
97
96
97
97
98
97
96
96
96
97
97
97
96
96
97
95
97
98
98
97
97
98
99
99
97
97
95
95
95
94
94
94
93
93
92
91
91
91
91
91
92
93
93
93
93
94
95
95
95
94
94
95
95
95
95
93
92
93
91
92
91
91
91
89
88
87
87
89
88
88
87
87
88
89
90
91
92
91
95
96
96
95
95
96
96
96
95
96
96
97
97
96
97
97
97
96
97
95
97
97
97
95
93
94
95
95
94
95
96
95
95
96
97
95
94
95
96
94
94
94
96
95
97
97
97
97
97
97
97
97
96
95
95
95
96
96
96
96
97
97
97
97
96
96
96
98
98
97
98
99
99
100
100
100
101
101
100
100
100
100
102
103
103
103
103
104
104
105
101
103
102
102
104
103
102
102
101
102
101
101
101
101
100
102
100
101
101
101
102
100
100
100
100
99
99
99
100
99
100
99
100
99
100
100
100
101
101
101
102
102
103
104
103
103
103
103
103
103
102
100
99
98
98
98
97
97
98
98
98
98
97
98
98
97
97
97
96
94
96
96
96
95
95
93
91
88
85
84
87
88
91
90
90
91
88
87
89
88
89
89
86
86
85
86
89
88
88
88
87
86
86
86
86
88
89
88
87
82
77
79
81
82
82
79
76
76
75
74
75
72
75
80
79
81
81
82
82
83
82
81
80
79
77
78
78
78
76
75
74
77
76
78
78
80
79
79
80
79
78
78
82
81
81
82
83
82
81
80
81
83
83
81
79
81
79
80
80
79
79
78
78
78
78
76
75
74
74
75
74
72
73
72
73
72
73
73
73
75
73
73
73
74
74
75
77
77
77
78
79
78
80
81
81
81
80
80
80
80
80
79
80
80
80
81
81
82
79
78
78
77
77
76
76
76
77
76
77
76
76
77
77
78
79
79
79
78
77
78
78
79
79
79
77
77
79
79
79
78
79
79
79
78
78
78
78
76
75
74
74
74
74
73
73
74
73
72
72
70
70
69
69
68
68
70
71
71
69
70
70
68
69
69
69
71
73
73
73
73
74
72
70
66
68
67
68
70
71
71
71
71
70
69
70
68
67
67
67
67
68
67
67
66
66
64
66
65
64
65
67
66
69
71
73
72
74
74
72
73
74
75
73
72
72
73
74
73
71
71
73
74
74
76
76
75
75
75
75
76
75
73
74
75
75
75
75
74
75
75
75
75
76
76
76
71
70
67
67
68
67
66
67
68
68
66
66
66
68
69
68
69
67
66
67
67
67
64
65
63
61
62
61
61
64
60
59
64
63
63
63
66
66
68
64
67
69
66
64
65
65
64
67
68
69
71
70
72
71
68
70
71
70
69
70
72
71
70
69
67
68
70
69
68
69
70
71
71
70
69
67
69
67
69
68
67
69
67
68
70
71
71
71
73
73
74
71
74
75
75
75
75
76
77
78
76
76
75
75
76
75
75
76
76
77
76
76
76
75
74
75
74
76
77
77
76
76
75
75
75
76
76
77
75
75
75
75
75
74
75
76
76
77
78
76
74
74
74
75
75
75
75
76
76
76
77
77
78
77
77
76
76
76
76
75
74
75
74
73
74
74
74
74
74
74
75
74
74
74
75
75
76
77
77
76
76
77
78
78
77
78
78
77
78
78
77
78
77
75
75
73
72
72
72
71
71
73
71
70
69
69
72
73
73
73
73
73
74
74
75
74
73
75
73
73
73
74
73
75
75
74
75
74
74
72
69
68
67
67
67
67
67
65
65
66
68
70
68
69
70
69
69
70
67
69
73
71
71
70
70
69
69
72
72
72
70
72
73
73
73
72
72
72
72
72
72
72
72
71
71
71
70
69
70
69
70
69
70
69
68
68
68
68
68
69
68
68
68
68
69
68
67
66
69
67
68
67
67
66
67
67
67
65
65
65
66
66
65
65
65
64
62
63
63
62
64
65
64
64
64
63
63
63
62
63
63
64
64
63
64
64
64
63
63
64
65
65
64
64
63
62
62
62
62
62
62
62
62
61
60
60
58
60
61
60
61
61
62
61
60
60
61
61
61
62
61
61
61
60
59
60
60
60
61
59
59
62
61
61
60
60
62
61
60
60
60
60
60
60
60
60
60
61
60
59
59
59
60
59
60
60
60
60
61
60
60
60
61
61
62
63
61
61
62
62
62
62
62
62
61
61
61
61
59
59
59
59
59
60
59
59
59
59
59
60
60
61
62
61
60
60
61
62
62
61
62
62
62
63
63
64
65
65
65
64
64
64
64
64
64
64
65
64
65
65
65
65
64
65
65
65
66
65
64
65
65
65
66
68
69
69
69
68
68
68
68
67
67
68
68
68
68
68
68
68
69
70
71
70
70
70
69
69
69
70
70
70
71
71
71
71
72
73
73
74
73
74
74
74
75
75
75
75
75
75
76
77
76
76
75
76
77
78
78
77
77
75
75
75
75
73
70
71
