694
700
697
703
700
704
703
705
688
688
687
672
709
696
689
695
716
721
722
722
721
723
723
715
712
706
698
690
688
689
700
698
688
694
689
701
706
698
693
692
696
699
721
733
733
720
715
707
687
685
693
703
705
706
704
699
697
694
717
724
731
726
735
742
761
776
790
806
805
826
843
803
789
798
812
796
795
806
805
801
798
795
810
819
815
821
805
813
822
829
834
822
821
805
814
816
826
820
832
843
836
850
875
892
894
901
909
922
915
905
903
901
901
903
901
903
886
901
895
890
886
907
915
936
932
936
992
966
960
950
935
940
934
933
936
945
956
952
940
936
933
942
949
945
951
962
962
971
977
979
972
980
966
967
997
1001
1000
998
1007
1002
1008
1009
1008
1036
1066
1052
1061
1042
1002
1006
1013
1007
1016
1029
1032
1050
1053
1094
1073
1074
1086
1072
1065
1075
1082
1056
1057
1071
1079
1057
1056
1068
1103
1097
1133
1143
1140
1125
1148
1158
1160
1164
1163
1182
1194
1196
1181
1172
1181
1189
1183
1178
1193
1175
1182
1171
1174
1161
1188
1195
1194
1186
1183
1192
1172
1156
1160
1147
1132
1147
1164
1158
1156
1143
1139
1160
1171
1185
1182
1208
1207
1195
1181
1154
1150
1145
1143
1144
1118
1123
1128
1159
1191
1207
1223
1241
1276
1284
1302
1284
1328
1317
1317
1359
1357
1357
1331
1349
1366
1371
1373
1357
1348
1323
1338
1295
1273
1295
1308
1286
1317
1275
1232
1230
1189
1189
1205
1203
1256
1265
1248
1168
1175
1197
1232
1160
1168
1172
1178
1206
1213
1227
1232
1232
1212
1158
1148
1145
1164
1189
1170
1190
1173
1097
1116
1144
1164
1159
1143
1136
1132
1161
1159
1177
1179
1206
1256
1271
1292
1281
1271
1261
1252
1254
1241
1230
1214
1249
1225
1191
1203
1200
1221
1209
1200
1207
1202
1228
1211
1205
1218
1251
1246
1243
1242
1232
1212
1223
1222
1231
1242
1219
1206
1212
1224
1229
1234
1236
1228
1246
1254
1249
1247
1248
1295
1275
1303
1290
1282
1312
1302
1300
1294
1275
1281
1274
1273
1268
1287
1280
1277
1256
1255
1248
1263
1242
1210
1190
1199
1177
1184
1176
1161
1150
1174
1179
1205
1181
1163
1170
1181
1167
1163
1164
1154
1140
1145
1141
1114
1111
1120
1095
1063
1050
1031
1045
1090
1077
1107
1135
1125
1131
1138
1135
1156
1143
1176
1212
1113
1103
1097
1094
1093
1123
1164
1165
1171
1170
1165
1162
1150
1167
1158
1160
1177
1172
1158
1145
1139
1126
1141
1132
1128
1132
1119
1109
1107
1068
1050
1089
1110
1111
1156
1148
1152
1155
1155
1151
1144
1138
1103
1091
1057
1084
1055
1052
1026
1041
997
1016
1024
1048
1048
1036
1030
1024
1008
1012
1012
1020
1036
1034
1028
1021
1041
1064
1077
1100
1115
1116
1219
1217
1210
1204
1219
1249
1241
1238
1245
1234
1225
1222
1215
1202
1193
1187
1186
1163
1152
1153
1176
1190
1176
1176
1173
1144
1141
1143
1162
1164
1149
1159
1190
1183
1194
1187
1189
1197
1206
1200
1194
1191
1196
1199
1209
1229
1235
1250
1235
1248
1249
1264
1262
1271
1224
1223
1200
1178
1181
1189
1193
1195
1214
1210
1206
1214
1207
1196
1197
1191
1174
1162
1196
1184
1183
1179
1161
1170
1183
1173
1167
1171
1178
1169
1170
1161
1154
1158
1158
1152
1128
1121
1160
1153
1134
1146
1134
1133
1141
1151
1172
1169
1179
1195
1220
1249
1240
1234
1215
1194
1196
1203
1222
1245
1250
1242
1383
1352
1351
1327
1316
1299
1302
1283
1277
1291
1284
1288
1246
1162
1202
1211
1235
1244
1255
1217
1232
1249
1224
1268
1293
1277
1280
1292
1293
1322
1322
1302
1300
1289
1288
1267
1298
1242
1198
1217
1236
1229
1274
1271
1285
1287
1306
1318
1340
1350
1320
1334
1334
1372
1379
1372
1374
1375
1412
1412
1410
1445
1462
1462
1466
1475
1451
1362
1302
1326
1321
1311
1278
1274
1267
1287
1294
1285
1244
1245
1249
1246
1259
1287
1284
1284
1300
1288
1301
1300
1291
1289
1304
1333
1342
1306
1293
1283
1284
1278
1267
1278
1299
1286
1256
1236
1186
1172
1173
1136
1142
1156
1098
1076
1099
1075
1084
1112
1117
1097
1080
1059
1045
1063
1070
1070
1045
1063
996
958
1005
1054
1067
1076
1245
1245
1238
1287
1278
1248
1263
1269
1250
1284
1297
1297
1307
1281
1284
1280
1296
1307
1320
1315
1328
1342
1353
1341
1311
1323
1300
1301
1281
1317
1312
1278
1298
1270
1280
1291
1283
1282
1269
1310
1323
1334
1329
1360
1347
1343
1331
1332
1334
1332
1330
1332
1349
1346
1258
1254
1231
1250
1253
1267
1273
1274
1282
1285
1271
1251
1254
1246
1238
1259
1271
1267
1278
1259
1279
1281
1303
1348
1360
1347
1328
1314
1311
1306
1304
1324
1324
1344
1373
1374
1294
1220
1218
1220
1271
1249
1260
1270
1290
1307
1343
1362
1342
1345
1328
1332
1332
1330
1349
1336
1330
1323
1319
1310
1315
1354
1353
1342
1358
1435
1416
1405
1411
1409
1401
1408
1398
1409
1440
1438
1434
1425
1419
1404
1416
1423
1423
1414
1422
1427
1422
1435
1443
1433
1403
1426
1419
1432
1453
1469
1458
1453
1465
1465
1453
1447
1459
1459
1478
1464
1494
1494
1493
1499
1481
1470
1458
1446
1450
1437
1451
1457
1474
1461
1478
1466
1475
1475
1465
1478
1474
1468
1449
1429
1437
1540
1565
1584
1548
1540
1500
1492
1503
1512
1512
1530
1531
1523
1517
1529
1523
1502
1481
1476
1507
1505
1535
1556
1561
1545
1543
1520
1508
1484
1488
1498
1501
1478
1490
1495
1477
1483
1477
1485
1490
1502
1518
1535
1532
1532
1536
1544
1545
1541
1548
1541
1558
1569
1577
1581
1599
1599
1584
1570
1576
1581
1590
1595
1603
1617
1652
1646
1631
1647
1649
1643
1642
1662
1628
1631
1704
1741
1738
1731
1730
1720
1735
1738
1757
1757
1768
1773
1771
1775
1774
1772
1747
1753
1754
1736
1768
1790
1788
1785
1776
1773
1771
1765
1774
1770
1770
1775
1755
1743
1769
1767
1764
1760
1778
1808
1799
1807
1851
1850
1874
1885
1880
1918
1907
1911
1854
1820
1824
1818
1820
1818
1795
1800
1816
1825
1829
1850
1862
1858
1862
1878
1899
1890
1889
1890
1896
1890
1835
1826
1845
1814
1816
1816
1850
1855
1871
1860
1880
1871
1865
1881
1884
1878
1846
1851
1874
1920
1921
1939
1950
1949
1949
1949
1981
2000
1994
1995
2005
2019
2040
2026
2030
2040
2023
2021
2031
2035
2044
1911
1900
1853
1870
1879
1870
1854
1810
1807
1812
1816
1813
1823
1800
1776
1809
1822
1859
1846
1824
1849
1847
1852
1875
1864
1861
1846
1847
1859
1862
1869
1865
1856
1835
1832
1810
1813
1839
1857
1866
1895
1909
1920
1938
1917
1920
1933
1940
1929
1936
1934
1942
1950
1938
1928
1937
1885
1885
1885
1918
1911
1914
1886
1747
1650
1657
1700
1688
1710
1716
1736
1731
1751
1767
1772
1758
1760
1763
1753
1741
1727
1740
1726
1717
1706
1730
1721
1715
1732
1745
1770
1777
1783
1783
1775
1778
1772
1754
1758
1765
1750
1790
1839
1820
1827
1863
1856
1880
1898
1931
1928
1949
1931
1910
1928
1978
1967
1961
1943
1907
1928
1904
1890
1841
1800
1847
