31
31
31
31
31
32
32
32
31
31
32
31
31
32
31
31
32
33
32
33
33
34
34
34
34
34
34
34
33
34
34
34
34
34
34
34
34
33
33
33
34
34
35
35
35
35
35
34
34
34
35
35
36
36
36
36
36
36
36
36
37
37
37
37
37
37
38
38
38
38
38
38
37
37
38
38
38
38
38
38
38
37
38
39
38
38
38
39
38
39
39
38
38
36
37
37
38
38
38
38
37
37
38
39
39
39
39
39
39
39
40
40
40
41
41
40
42
43
43
43
44
45
44
44
43
43
43
43
43
43
42
42
42
42
42
42
42
42
42
41
41
41
41
41
42
42
42
43
44
44
43
44
44
44
44
43
43
43
43
43
43
42
43
43
43
43
43
42
42
43
43
43
44
43
45
46
47
46
46
46
47
47
47
48
47
47
48
48
48
48
47
48
48
48
48
49
49
49
49
49
49
50
50
51
51
51
50
50
49
50
50
49
49
48
48
48
48
48
48
48
49
49
49
50
49
49
49
49
49
49
49
49
50
49
48
48
48
48
48
48
47
45
44
44
44
44
43
44
42
42
42
43
44
43
44
44
44
45
44
44
44
45
45
44
44
45
45
45
46
46
47
47
47
46
47
46
46
46
46
46
46
47
47
47
47
46
46
46
47
47
48
46
45
46
46
44
44
44
45
45
45
45
45
45
47
47
46
47
47
46
46
46
46
46
47
47
48
47
46
45
45
46
46
46
46
47
47
47
47
47
47
47
48
48
49
49
49
49
49
49
49
49
50
50
50
50
50
50
50
50
50
51
51
51
51
52
51
51
52
52
52
52
51
52
52
52
52
52
52
52
51
51
49
49
49
49
50
50
50
50
51
51
52
51
52
52
53
53
53
53
54
54
54
55
55
54
54
54
54
54
53
54
54
53
54
54
55
54
54
54
54
53
53
53
52
51
51
52
51
50
51
50
49
49
48
47
49
49
50
51
51
50
50
51
53
53
53
52
52
53
53
52
53
53
53
53
53
53
53
53
52
54
54
54
54
54
53
53
53
53
53
53
53
53
53
53
51
49
49
51
52
53
53
53
53
53
53
53
52
51
50
50
51
52
51
51
48
48
47
48
48
48
49
49
49
49
48
47
47
48
49
48
49
49
50
50
50
51
52
52
51
51
52
51
52
52
52
51
52
51
50
51
51
50
50
50
51
51
52
51
51
51
52
52
52
51
51
51
51
51
51
51
52
51
52
52
50
51
51
52
51
51
51
51
51
52
52
51
52
52
52
52
52
52
51
52
52
52
52
52
52
51
52
52
53
53
52
52
52
52
52
51
53
52
52
52
52
52
53
53
52
52
52
52
53
53
53
53
53
52
52
51
52
52
50
51
51
51
51
52
52
52
53
53
53
53
53
53
53
54
55
54
55
55
55
56
56
56
55
56
56
56
56
57
58
57
57
56
56
50
53
50
51
51
50
50
49
49
48
48
49
47
47
48
48
49
49
48
48
48
48
47
48
47
46
48
48
46
48
49
49
49
50
49
49
48
48
49
49
49
49
49
50
50
50
49
51
51
50
51
51
51
52
52
50
51
50
49
49
50
50
51
51
51
50
51
51
51
52
52
51
48
49
49
48
47
47
45
46
46
47
45
44
45
45
46
45
46
46
45
44
44
43
41
41
40
40
40
39
38
39
37
37
38
38
37
38
38
38
38
34
35
36
36
36
35
36
35
35
36
37
38
37
38
37
37
37
38
38
38
40
39
39
39
39
39
39
39
40
39
39
40
41
41
41
41
39
39
39
40
40
39
40
39
39
39
39
39
40
41
42
42
41
42
42
43
44
44
44
44
43
42
43
43
41
42
42
42
42
43
43
42
42
42
42
43
43
43
44
44
44
44
45
44
44
43
43
44
43
43
43
42
42
42
41
42
43
43
43
44
41
39
39
39
40
41
40
39
40
41
42
43
43
44
44
44
44
44
44
44
45
45
45
45
45
47
46
45
46
46
47
48
48
47
47
47
47
47
47
47
47
48
48
48
48
48
49
49
49
49
49
49
49
49
48
48
48
48
49
49
49
49
50
50
49
49
51
51
51
51
52
52
53
52
53
53
53
52
53
52
53
53
53
52
53
53
53
53
54
56
55
54
54
53
54
54
55
57
57
58
57
57
58
58
58
58
58
58
58
57
58
58
58
58
60
59
61
61
60
60
59
59
59
58
58
59
59
58
58
59
58
58
59
59
59
59
58
58
59
59
59
58
59
60
58
58
58
59
59
59
58
58
58
57
59
59
60
59
60
61
61
62
62
63
62
62
62
63
62
63
62
64
63
63
63
63
64
63
63
64
63
63
64
64
63
64
61
62
62
61
62
63
62
63
63
63
63
62
62
63
62
63
62
62
62
63
62
63
64
64
64
64
64
66
65
65
65
65
64
64
63
64
63
63
64
63
61
61
61
61
62
62
62
63
63
63
64
64
63
62
63
64
65
65
65
65
65
66
66
65
63
63
63
63
64
66
65
65
65
64
64
65
65
65
66
65
66
66
66
67
66
66
67
67
67
67
68
67
67
66
67
67
66
66
66
64
65
66
65
65
63
63
63
62
63
63
63
63
62
63
63
63
62
61
60
61
62
62
62
62
63
62
63
63
63
63
63
64
65
64
65
65
65
66
67
67
67
67
67
67
67
67
68
68
69
68
68
69
68
68
68
67
66
67
69
68
69
69
68
68
68
68
68
69
68
69
69
69
69
69
69
70
72
71
71
71
71
70
71
72
72
71
70
70
71
71
71
72
72
71
71
71
71
71
70
71
72
72
72
73
74
74
74
73
74
74
74
74
74
74
74
75
70
69
67
68
65
62
64
