40
40
40
40
40
40
41
40
39
41
42
42
41
42
42
42
43
43
43
43
43
44
43
43
43
42
43
43
43
43
43
43
44
45
45
45
45
44
44
44
45
45
45
45
45
43
44
44
43
43
44
46
46
46
46
47
47
47
47
48
48
49
50
49
49
49
50
50
50
50
50
50
49
49
50
50
50
49
49
49
49
48
49
49
49
49
48
49
49
50
50
49
49
48
48
48
49
49
49
50
49
50
50
51
50
51
52
53
52
53
52
53
53
53
53
53
53
53
53
54
54
55
55
55
54
54
55
54
55
55
54
53
52
53
54
54
54
55
54
53
53
54
54
53
53
54
54
55
55
55
54
60
60
60
61
60
59
58
58
59
58
57
57
58
57
57
56
57
56
57
57
57
60
58
59
61
61
61
61
61
62
62
63
62
62
63
63
64
61
61
59
61
61
60
61
61
61
62
62
61
63
63
61
62
62
61
61
60
61
61
61
60
62
60
62
61
62
62
62
62
62
62
63
63
63
63
63
63
63
63
64
63
64
65
65
66
66
65
66
66
66
65
63
62
62
65
63
65
63
63
63
64
65
66
71
72
71
73
73
72
73
72
73
72
72
72
73
74
75
75
75
74
74
72
72
71
71
71
72
71
72
72
71
71
68
68
69
71
71
73
72
71
68
69
69
66
67
68
68
67
68
68
69
68
67
67
66
65
66
66
66
66
67
67
67
67
68
67
67
67
67
68
68
68
67
68
68
68
69
69
70
70
70
71
71
71
70
71
70
70
70
71
71
71
72
71
70
71
71
72
72
72
71
71
69
69
68
68
69
69
68
67
67
67
68
66
67
69
68
67
67
67
66
67
67
66
67
66
67
66
66
64
66
66
66
66
66
66
67
67
67
67
67
68
69
70
70
70
70
69
68
69
68
67
67
66
65
65
65
65
64
64
64
65
64
63
63
64
63
63
64
62
61
59
58
60
62
62
63
70
68
69
69
69
70
73
72
72
72
73
73
73
73
74
73
73
73
72
73
73
72
74
73
74
74
74
74
73
75
77
78
78
76
77
77
76
77
76
76
79
79
80
80
79
79
79
79
79
79
78
78
77
78
78
79
79
78
79
79
81
81
82
82
82
74
77
76
76
76
76
76
77
78
78
78
79
80
81
83
82
84
83
83
84
83
82
84
83
83
81
80
79
78
78
77
78
79
79
78
78
79
79
81
79
79
77
77
78
78
78
77
76
77
77
78
78
79
78
77
76
77
77
72
70
70
70
70
69
68
68
69
70
70
68
69
70
70
69
70
70
71
70
71
71
71
71
71
70
70
70
69
68
68
68
68
68
68
67
67
68
67
67
67
68
69
68
67
67
66
65
63
63
63
64
63
63
64
63
63
64
64
64
64
66
65
66
72
71
70
69
69
70
71
71
71
70
70
70
71
71
72
72
72
72
73
73
73
72
71
69
68
64
65
66
67
66
66
66
65
66
67
66
65
65
65
66
66
65
65
63
63
62
62
61
59
60
60
61
63
63
63
64
66
69
68
68
69
69
69
69
65
65
65
66
67
67
68
68
69
69
68
67
67
67
66
66
66
64
65
65
64
66
67
67
67
68
68
68
68
69
68
67
67
66
65
66
65
65
64
65
65
62
60
61
62
64
64
65
64
64
62
63
61
60
60
59
60
60
58
56
59
56
57
57
53
50
49
50
49
50
50
50
49
50
50
49
50
48
47
47
48
48
47
46
46
45
47
48
48
49
50
51
52
52
53
53
55
54
55
55
54
56
57
57
58
59
58
59
59
60
59
60
61
60
59
59
60
60
60
61
62
61
62
63
63
64
64
66
65
66
66
66
65
65
65
65
65
65
66
67
67
66
65
66
65
64
64
65
66
66
68
67
68
68
69
70
69
70
71
70
69
68
66
66
65
65
67
68
68
69
66
65
63
65
66
67
67
65
69
69
70
70
71
72
72
73
74
73
75
74
74
74
76
75
75
75
74
74
74
75
74
75
76
77
77
76
76
77
77
77
77
77
77
76
79
79
79
79
79
80
80
80
81
80
79
80
79
79
80
81
81
80
81
82
82
82
81
81
80
81
81
81
79
81
81
81
81
82
82
84
85
84
84
81
83
82
80
81
81
82
83
80
80
79
80
79
79
83
82
83
85
86
86
87
87
86
85
85
85
85
86
85
85
88
88
87
87
87
88
86
87
86
87
86
87
86
87
86
87
87
85
85
85
85
86
85
87
88
88
88
87
87
86
87
86
86
89
96
95
94
94
95
92
93
94
93
94
95
94
94
94
94
95
96
96
95
95
95
94
93
93
93
94
94
94
92
93
93
93
92
92
92
93
92
93
95
92
92
92
89
89
90
90
91
92
90
91
91
91
91
91
91
90
91
92
93
94
94
95
95
95
99
100
99
99
99
99
101
102
101
100
102
102
102
103
102
100
99
100
100
100
102
102
102
103
102
104
104
104
103
104
104
105
105
107
105
106
109
108
108
108
108
110
111
111
113
112
112
112
111
111
110
113
112
113
113
113
112
112
112
110
111
110
109
108
111
110
110
110
110
110
109
110
110
109
107
108
109
110
111
110
110
107
108
109
111
110
109
109
111
113
113
112
112
112
114
118
118
116
116
116
116
117
119
118
116
114
115
115
115
114
117
117
117
117
117
117
118
117
115
116
117
117
116
117
119
119
119
117
118
116
116
117
116
116
116
111
111
111
109
110
112
112
112
111
112
112
112
112
112
112
113
115
119
118
118
118
117
118
118
118
117
117
115
116
118
120
120
120
120
120
121
121
121
124
126
129
129
130
128
128
129
129
127
127
127
128
127
127
126
126
129
125
125
125
123
122
114
119
