64
63
64
65
64
64
64
63
63
63
63
61
61
62
62
63
64
64
64
65
65
66
66
66
66
66
66
67
66
66
66
67
66
66
66
66
67
65
65
65
66
67
67
66
66
64
66
65
66
65
66
67
69
69
68
68
68
67
68
68
68
69
69
69
68
69
70
71
71
71
71
72
71
71
72
70
72
72
72
72
71
70
71
71
72
72
71
72
72
71
72
70
72
71
71
73
74
73
73
73
73
75
76
77
76
75
74
75
75
73
74
76
77
77
77
76
76
76
76
76
77
77
77
77
76
76
76
76
76
76
75
75
75
74
74
74
75
75
73
72
72
73
73
72
73
74
73
73
74
74
73
74
74
75
75
74
74
73
73
73
72
72
72
72
72
73
72
72
71
71
72
73
72
74
74
75
75
75
75
75
75
75
76
75
75
74
73
73
74
74
73
76
75
74
74
75
75
75
76
75
76
77
76
77
78
77
77
76
75
76
77
76
76
75
76
75
75
75
75
76
77
77
77
78
78
78
76
77
77
77
78
79
79
78
78
78
81
82
83
84
84
82
81
81
81
81
80
80
79
79
79
80
80
80
81
80
81
84
81
80
80
80
81
81
81
81
81
80
82
83
83
84
84
83
84
83
83
84
85
85
88
87
87
87
85
86
86
87
88
88
88
86
85
85
85
81
82
82
83
84
84
84
84
85
84
84
84
84
84
84
84
84
83
84
84
85
86
85
83
83
83
83
83
84
84
85
85
85
85
86
85
85
86
87
87
88
88
87
87
88
88
88
89
89
90
89
89
89
89
89
89
89
90
88
89
88
87
87
88
88
86
84
84
83
84
84
84
84
84
84
84
84
82
82
86
82
82
81
82
82
82
82
83
82
83
83
84
84
85
85
85
85
85
85
86
85
85
85
85
85
86
86
86
86
87
88
88
88
87
86
87
85
85
86
86
84
85
85
85
83
85
83
82
81
81
77
80
79
80
81
82
82
83
83
87
88
86
87
87
87
87
88
88
89
88
88
88
87
87
88
87
88
87
88
88
88
87
87
88
88
89
90
89
90
89
88
88
87
88
91
93
92
92
93
93
92
93
93
92
90
88
87
87
88
87
86
83
83
83
85
84
85
87
86
86
86
84
84
85
87
87
88
90
90
90
90
90
91
92
92
91
91
92
91
92
92
92
92
92
92
92
93
94
93
93
95
96
96
95
95
96
95
96
95
94
92
92
93
93
93
93
92
93
93
93
93
93
93
93
92
91
92
91
91
91
91
91
91
91
92
92
92
93
93
93
93
93
93
94
95
95
94
95
95
95
95
95
95
96
96
96
94
95
96
96
96
96
98
99
99
98
98
99
98
97
98
99
99
98
98
96
97
97
97
95
96
95
96
96
97
96
96
99
99
99
100
99
100
99
98
98
98
98
99
98
98
99
99
98
98
98
97
94
96
97
98
98
97
94
88
92
88
90
91
91
89
89
89
89
90
92
90
90
90
91
92
92
88
88
87
88
87
89
88
87
89
89
87
89
90
91
90
91
90
89
88
87
88
87
86
88
88
90
91
90
90
92
92
91
91
92
92
95
95
94
96
94
93
92
94
93
94
96
95
94
95
95
95
96
96
96
94
97
95
94
94
93
93
94
96
97
95
94
95
95
96
96
97
97
96
94
93
91
90
90
88
89
89
86
85
87
84
85
86
86
83
84
86
86
87
85
84
83
85
82
80
83
79
80
82
84
84
82
84
84
82
83
84
84
82
85
86
87
87
86
86
85
86
86
85
86
85
86
86
86
86
85
85
84
85
85
85
85
84
83
83
82
82
82
83
83
85
83
85
87
88
88
88
88
89
88
88
89
87
86
85
85
85
86
86
87
86
84
85
85
88
88
88
88
89
90
90
91
89
90
89
89
90
89
89
87
87
86
85
83
84
85
85
85
86
82
80
79
80
81
81
80
78
80
81
81
82
82
83
85
82
82
83
83
83
83
83
83
82
83
83
82
82
84
85
86
86
86
85
85
85
85
86
86
85
85
86
86
86
86
87
88
89
90
90
90
90
91
91
89
90
90
89
89
90
91
91
91
90
89
87
89
89
90
90
90
91
92
92
92
92
91
89
90
88
89
90
91
93
93
94
93
95
96
95
96
95
95
95
96
96
98
102
105
107
107
108
108
111
111
111
111
111
111
110
111
111
112
112
111
112
113
115
115
114
114
116
116
114
117
118
118
117
118
118
117
116
119
118
118
118
118
118
118
120
119
118
115
117
116
117
118
120
121
121
121
120
122
120
122
122
123
122
122
123
124
125
126
127
126
127
127
128
127
127
127
130
131
127
127
127
129
128
128
127
126
127
126
126
124
124
118
119
120
116
118
120
119
121
121
119
121
118
119
119
117
117
118
116
117
117
117
119
121
122
121
122
121
121
121
120
124
124
123
124
122
122
121
121
122
120
117
118
119
119
122
121
121
120
119
119
119
119
118
119
120
122
123
123
123
123
123
124
124
124
122
122
120
121
122
127
126
126
126
126
127
126
127
127
127
126
127
126
126
126
126
126
129
129
127
128
128
131
131
130
131
132
131
132
130
129
129
132
131
130
127
127
127
127
128
128
128
126
127
126
126
126
124
124
120
123
124
126
127
127
129
130
132
133
133
133
133
134
135
134
135
135
134
134
136
136
136
136
137
137
134
136
135
134
137
137
137
139
138
137
137
137
138
137
138
138
138
134
132
133
132
131
131
133
132
133
134
133
133
133
133
137
141
141
143
144
142
142
144
144
143
145
144
144
147
147
147
146
146
146
145
145
146
145
145
145
145
144
146
148
150
152
153
153
154
154
155
155
156
158
158
158
158
158
157
159
156
147
154
