54
54
54
55
54
54
54
55
55
55
56
55
55
55
56
56
57
57
57
57
57
57
57
57
57
57
57
57
57
57
57
57
57
57
58
58
58
58
58
58
59
58
59
59
59
59
59
59
59
60
60
60
60
61
61
61
61
61
61
62
61
61
61
59
59
59
59
60
60
61
60
60
59
58
58
57
57
57
56
57
56
56
57
57
57
57
56
57
58
57
56
54
53
52
53
54
55
55
56
55
55
55
55
56
57
58
58
58
59
59
59
60
60
60
60
58
59
60
59
59
59
60
59
58
57
58
58
57
57
57
56
56
55
55
55
54
54
55
54
54
55
54
55
53
53
53
53
53
53
54
54
54
54
54
56
56
55
56
56
55
55
55
55
55
55
54
54
54
55
55
56
56
55
55
56
57
57
57
57
58
58
59
58
58
57
56
57
56
56
56
55
56
55
54
55
55
56
55
55
54
54
54
54
53
53
53
53
53
53
53
54
53
53
53
53
53
53
53
54
53
53
53
53
53
53
53
53
52
52
52
52
52
53
53
53
53
53
53
52
53
53
52
52
52
52
51
52
53
52
52
51
52
53
53
54
54
54
55
55
54
54
55
54
55
55
55
55
55
55
54
54
54
54
54
54
55
55
55
56
54
54
54
55
55
54
54
54
55
54
54
55
55
55
56
55
55
55
55
56
56
56
56
56
56
56
57
57
56
56
56
54
55
55
56
56
55
55
55
55
55
55
55
55
54
55
55
55
55
55
55
55
55
55
55
55
55
54
54
54
54
55
54
56
57
56
56
57
57
56
57
58
58
57
56
56
57
57
57
57
56
56
56
56
57
57
57
57
57
56
57
56
55
54
54
53
53
52
53
54
53
53
54
55
55
54
55
55
56
56
56
56
56
57
57
56
56
56
57
57
56
56
57
57
57
57
57
57
56
56
56
56
55
55
55
55
55
55
56
55
56
57
56
57
57
58
57
57
58
58
59
59
59
59
60
60
59
61
62
62
62
63
62
62
63
62
62
61
61
62
62
62
62
63
62
62
63
63
64
65
65
65
66
66
66
65
66
66
65
65
66
68
67
68
68
70
70
70
70
69
69
68
69
70
70
69
69
69
70
71
72
72
73
73
72
72
72
70
71
70
70
70
70
70
67
67
67
67
67
65
65
67
66
66
66
66
65
64
64
63
63
63
63
62
62
62
62
63
62
63
63
65
64
65
65
64
63
63
63
64
64
64
64
64
63
63
63
63
63
63
63
62
63
64
63
63
63
64
63
63
62
61
62
61
60
59
60
60
59
60
59
60
60
60
61
61
61
61
61
61
61
61
61
60
58
58
58
57
57
58
58
57
57
57
58
58
58
58
57
57
56
57
57
57
58
58
59
60
60
60
61
60
60
60
61
61
61
60
60
60
60
61
61
60
62
62
62
61
61
61
63
62
63
64
64
64
65
64
64
64
62
62
60
61
61
60
59
59
58
58
58
60
59
59
60
60
60
61
61
62
62
62
62
63
64
63
64
64
64
64
64
63
63
64
64
65
65
65
66
65
65
66
66
66
66
66
66
64
63
63
64
65
65
64
61
62
63
63
62
62
63
62
62
63
63
62
63
63
63
63
63
62
61
62
63
63
63
61
62
62
62
64
63
63
63
64
64
64
65
65
65
64
64
64
64
65
64
63
64
64
65
65
65
64
63
64
63
64
64
65
66
67
69
70
69
69
68
68
68
67
67
67
67
68
69
69
70
71
71
68
69
68
69
68
69
69
70
71
72
71
71
72
73
74
72
73
73
73
74
74
75
75
75
76
75
74
74
74
74
74
75
74
74
74
75
75
73
71
71
72
72
71
71
73
73
73
74
73
73
74
74
74
74
74
74
72
70
72
72
71
72
72
73
73
73
74
75
76
75
76
76
77
77
77
77
77
78
78
78
78
77
77
78
79
80
79
82
81
82
82
81
81
80
80
79
79
79
78
78
79
80
81
80
79
78
79
79
79
79
78
78
77
77
78
78
78
78
76
75
76
77
77
77
77
77
77
75
75
74
75
75
77
77
77
76
74
75
75
74
75
76
77
77
79
79
80
80
79
78
77
76
75
73
73
73
73
74
73
74
74
74
75
75
75
75
74
74
75
75
74
75
76
75
74
75
75
75
75
74
73
73
73
74
73
74
74
75
74
74
76
76
76
74
74
73
74
75
75
75
76
77
79
76
76
77
77
77
77
78
78
78
77
78
78
77
78
78
79
77
77
78
77
78
78
77
77
77
77
77
77
77
76
76
77
77
78
78
78
78
78
78
79
79
78
78
79
78
80
80
81
81
81
81
82
83
83
83
82
81
81
82
82
82
83
83
83
83
84
84
84
85
84
84
83
83
83
83
84
84
85
84
84
85
85
85
86
86
85
85
86
86
86
85
86
85
85
84
84
85
85
85
84
84
84
85
85
84
84
85
84
85
86
87
87
87
88
88
90
89
89
88
88
88
88
87
88
88
88
89
89
89
88
88
88
88
88
86
85
85
85
84
84
85
84
85
85
85
85
86
86
86
87
87
86
86
87
86
86
87
87
86
89
88
88
89
88
89
89
89
89
90
89
89
89
90
90
90
90
91
90
90
90
90
90
89
90
90
91
89
88
89
89
88
88
87
87
86
87
86
85
85
85
85
85
86
85
86
86
86
86
88
87
87
88
88
88
89
89
88
89
88
89
87
88
88
87
89
89
90
89
89
88
90
92
91
91
90
89
89
89
90
90
91
91
92
91
90
90
90
90
91
91
89
89
89
90
88
87
85
85
85
84
85
85
85
83
83
83
82
83
82
80
80
79
79
80
79
80
79
80
80
81
81
79
79
80
78
78
75
75
