69
70
69
69
69
70
69
68
65
65
66
65
66
67
67
67
68
68
68
68
68
69
70
71
71
70
71
71
70
68
68
67
67
67
67
67
67
67
66
66
66
67
67
68
68
66
67
68
70
71
72
72
73
73
73
74
73
73
75
76
76
76
77
77
77
77
78
78
78
79
79
79
78
78
79
78
79
78
77
77
77
75
77
78
76
77
75
77
78
78
78
76
76
74
75
74
75
74
74
74
74
75
77
77
78
80
79
79
79
78
78
80
80
80
80
79
79
79
81
81
78
81
81
81
80
81
81
81
80
81
80
79
79
78
79
80
80
81
79
78
78
78
79
78
79
80
80
81
82
82
82
83
83
82
84
84
83
82
82
83
83
82
84
83
83
83
84
84
81
82
82
83
83
84
85
88
88
89
90
89
90
91
91
93
91
91
92
91
91
92
90
91
91
91
92
93
92
92
92
92
92
92
92
93
92
92
91
91
91
92
94
93
94
91
92
91
92
92
92
93
94
93
94
94
94
94
95
95
95
94
94
95
95
95
94
96
91
94
95
95
93
93
91
92
91
92
91
91
89
88
89
90
91
92
93
92
94
94
93
94
94
95
94
95
96
97
97
100
100
100
100
100
100
99
99
97
98
98
99
97
98
98
97
97
95
95
96
98
98
99
100
99
96
96
98
95
95
94
95
100
99
98
98
98
97
97
96
96
97
96
97
97
98
99
98
99
100
99
98
97
98
98
98
99
98
100
99
100
100
101
101
101
102
102
102
102
102
103
102
102
101
101
102
102
102
102
102
102
101
106
105
104
104
104
104
104
103
104
104
104
103
103
104
104
105
105
105
105
105
104
103
102
98
99
100
99
100
99
100
100
100
101
101
101
102
102
102
103
103
103
103
102
103
103
103
102
102
102
102
101
100
101
100
100
101
101
102
101
100
99
100
99
99
100
98
95
96
97
95
93
95
93
92
89
88
87
92
94
96
99
98
97
97
97
98
103
97
102
100
100
102
102
103
103
103
102
103
102
102
104
105
108
108
108
108
109
109
111
110
112
112
111
111
113
110
111
111
108
109
112
114
114
115
116
116
115
116
116
116
114
112
111
113
115
114
114
112
115
113
116
114
114
116
114
113
113
111
111
111
113
113
114
115
115
115
114
115
117
117
117
117
117
118
118
118
118
118
118
118
117
118
117
116
115
114
113
114
114
114
113
114
114
114
113
113
110
111
112
111
113
112
111
112
112
113
114
115
115
114
117
113
114
114
114
113
113
112
110
110
110
111
112
113
111
111
114
114
113
112
114
114
116
115
115
114
114
114
114
114
115
114
114
115
114
114
114
114
115
116
117
116
115
116
117
117
118
118
118
118
118
117
116
116
117
115
115
114
115
114
116
116
117
117
112
112
111
108
108
106
103
103
107
108
109
107
108
108
106
105
105
105
104
104
104
104
104
104
102
99
92
95
93
95
95
96
93
93
94
93
95
97
96
96
96
94
94
95
93
94
92
92
89
89
88
85
87
83
89
93
95
93
94
96
97
97
97
98
100
100
101
102
102
104
104
103
103
104
105
104
104
105
104
102
103
101
102
101
99
101
102
102
104
104
105
105
106
106
106
106
106
105
105
105
104
103
101
99
99
99
99
101
98
97
98
99
100
100
101
100
99
97
99
96
95
96
95
95
96
93
92
93
90
93
93
93
91
92
93
93
94
95
94
95
95
92
89
92
89
90
93
94
95
95
97
97
94
96
98
98
98
99
99
101
102
102
102
103
104
104
104
104
107
110
110
109
109
108
109
109
111
112
110
113
111
111
111
111
112
112
113
114
115
115
116
117
112
111
113
113
114
112
112
110
110
109
109
108
108
108
109
108
108
107
108
107
106
106
106
107
108
108
108
109
107
107
108
108
108
108
110
110
109
107
107
106
107
109
109
108
110
108
101
100
102
103
104
104
102
103
104
107
108
109
110
109
109
109
109
109
109
107
107
107
106
105
104
105
104
104
105
104
104
105
105
105
104
105
104
104
103
104
106
106
106
107
106
107
107
106
107
107
107
107
105
100
102
101
101
101
101
100
102
104
103
103
102
103
104
103
103
104
102
101
97
94
93
92
91
93
93
94
93
93
91
93
91
91
93
93
93
93
93
93
92
94
94
92
96
96
96
96
96
97
96
96
96
97
98
98
97
98
96
95
95
96
96
98
99
99
98
97
96
96
96
96
95
96
95
95
96
95
95
95
96
96
96
95
96
96
96
97
96
96
98
98
99
101
102
102
102
102
102
100
101
101
100
100
100
100
100
101
101
101
102
102
102
102
103
102
103
102
103
103
102
102
101
101
106
104
102
102
103
105
104
104
105
104
104
104
103
104
105
105
105
106
105
105
105
105
106
105
106
105
105
105
105
106
107
108
108
111
111
111
110
110
109
109
110
110
108
108
107
107
107
108
107
106
105
107
106
107
107
107
107
107
106
109
110
108
109
107
108
110
110
112
110
111
112
111
111
111
110
111
110
111
111
110
111
111
110
110
111
111
112
112
113
113
113
113
110
106
105
106
107
107
106
106
105
105
106
105
105
104
103
103
102
102
103
103
104
102
102
103
104
104
104
104
103
104
104
105
104
104
104
104
104
106
106
105
106
106
107
109
109
109
108
109
109
108
109
109
112
112
112
113
113
113
112
112
114
114
113
113
111
115
118
118
117
119
118
118
117
116
116
116
117
117
116
115
115
114
113
114
114
114
114
116
116
116
116
116
117
117
117
118
117
117
116
116
116
116
116
117
115
115
116
117
117
116
116
116
117
117
117
118
119
118
119
119
118
117
118
119
117
116
118
118
117
118
120
120
121
119
119
118
117
115
110
114
