107
110
112
111
112
113
114
115
114
114
116
115
113
114
113
113
115
115
116
116
116
116
117
117
116
116
117
118
117
118
119
118
117
117
118
119
119
118
117
118
118
119
120
120
120
118
118
117
117
120
120
120
118
119
119
120
119
119
120
119
117
116
118
117
119
120
120
121
120
119
119
119
118
117
120
119
117
117
116
116
115
114
118
117
116
118
116
117
120
119
120
120
119
119
120
119
120
121
121
121
121
122
124
125
127
129
129
128
129
128
128
128
130
130
130
130
132
130
128
127
126
125
128
127
128
128
129
128
128
128
124
120
120
119
118
118
120
119
118
116
118
121
122
122
124
124
124
124
124
123
123
124
124
124
126
126
125
124
125
123
122
123
123
125
126
126
129
129
129
129
130
129
130
131
132
133
133
131
131
130
129
131
131
131
134
138
143
144
143
146
145
149
149
150
151
152
154
153
152
153
155
156
157
157
156
157
157
155
155
156
156
154
154
151
153
152
150
153
156
152
153
152
152
152
153
154
152
153
155
155
155
158
159
162
160
157
158
157
156
156
155
155
153
154
155
154
155
155
153
156
154
146
146
147
148
149
151
151
156
155
160
159
160
161
163
167
163
167
168
168
165
164
165
164
166
163
166
166
167
166
165
160
157
158
157
153
154
155
157
157
153
152
150
149
150
143
140
141
141
143
142
148
152
151
146
147
147
145
145
145
144
145
134
131
126
131
131
131
132
133
133
133
133
133
137
140
135
137
138
139
138
137
137
140
140
140
139
142
143
140
142
142
144
142
144
145
145
148
148
145
146
151
153
154
152
149
146
146
147
156
154
155
152
154
152
156
157
157
155
154
155
153
152
152
149
146
143
141
145
142
140
145
150
148
147
150
149
148
148
149
150
149
153
149
150
150
147
146
144
144
146
146
145
143
146
147
146
148
147
150
153
152
150
150
151
150
153
156
153
150
151
153
149
146
146
145
147
147
150
150
151
155
155
155
156
155
164
161
159
160
161
153
155
156
155
155
155
153
153
160
155
153
155
157
157
160
160
160
158
159
160
156
158
158
157
156
153
154
155
158
166
169
168
164
166
165
167
168
166
165
164
165
169
172
171
171
163
163
158
161
163
159
156
157
157
157
154
153
152
152
152
152
155
150
149
150
148
151
152
152
151
151
152
152
154
153
155
155
158
156
159
159
158
159
160
162
166
167
171
171
173
171
170
167
167
164
164
168
168
166
165
163
165
165
195
198
199
201
203
202
197
198
195
195
200
202
194
189
190
185
187
186
188
188
190
191
194
192
194
194
193
194
200
198
198
198
197
196
192
195
192
193
194
196
193
191
189
188
187
186
183
187
190
188
188
187
186
190
190
190
188
186
186
185
184
185
182
182
182
183
183
186
188
187
186
187
187
192
187
192
193
191
192
193
192
192
192
190
188
191
193
192
188
190
195
196
194
195
191
173
183
181
184
190
184
181
181
181
177
179
181
177
177
180
182
183
180
180
178
172
172
170
170
159
154
156
159
155
162
162
160
156
158
162
160
160
161
164
166
166
162
153
149
152
155
158
163
165
160
159
161
165
160
160
159
164
160
141
150
149
155
156
155
156
148
150
151
151
151
149
148
146
148
146
148
150
148
148
151
149
151
146
145
145
146
148
148
146
147
145
142
143
141
142
145
146
145
147
143
142
146
145
146
148
149
150
148
145
144
143
143
145
145
143
142
137
139
137
135
139
141
135
129
128
124
124
127
130
129
127
126
126
126
126
129
130
132
134
137
139
134
134
132
128
131
133
129
130
127
130
129
127
127
126
129
130
132
130
128
126
128
128
128
129
132
129
123
106
99
99
97
96
98
96
96
96
96
93
94
93
94
87
89
87
91
94
92
95
94
97
97
97
98
95
97
98
98
99
100
101
100
98
99
103
98
99
99
97
96
95
92
90
89
88
91
90
91
91
93
93
94
94
96
96
94
95
92
94
95
93
93
92
92
91
91
92
91
91
94
92
93
94
83
86
86
88
88
89
90
90
92
92
91
88
88
88
89
91
91
91
91
92
91
90
92
95
94
93
94
94
94
93
94
97
97
95
96
98
94
92
94
95
96
95
92
92
89
88
88
87
88
88
88
88
90
90
90
91
91
87
83
84
83
80
84
83
87
84
89
89
91
88
87
88
88
89
87
89
87
89
86
86
86
86
85
83
83
82
83
82
84
83
83
83
85
85
84
84
85
85
83
83
84
86
86
86
85
85
83
77
78
77
77
76
76
74
74
72
73
73
74
74
76
75
79
77
79
78
78
79
80
80
81
85
83
84
85
84
84
84
75
74
74
75
72
69
70
70
71
71
69
69
71
71
70
68
68
68
68
67
69
69
69
67
66
67
67
67
67
69
70
69
68
68
67
66
67
67
67
67
70
73
74
74
74
73
72
74
73
74
75
75
75
75
76
74
73
71
71
70
73
72
72
70
69
72
75
70
71
70
71
71
71
72
72
72
73
74
73
73
73
75
76
76
76
77
76
76
76
74
73
72
72
73
74
74
74
74
73
73
76
76
77
76
76
74
75
75
75
70
68
67
67
64
75
78
79
77
78
79
78
77
78
78
77
78
78
77
77
77
79
78
78
79
82
84
85
88
89
89
88
87
85
85
85
84
85
85
85
83
84
87
86
87
87
87
87
88
87
87
88
87
89
88
88
88
86
86
85
84
84
83
82
81
81
84
83
80
91
89
88
87
86
86
87
86
86
86
87
87
87
87
89
87
88
86
84
83
85
85
85
86
86
85
87
86
87
87
87
88
89
89
88
88
90
92
91
91
91
90
90
92
91
91
91
92
92
93
94
94
95
94
91
90
91
91
90
86
87
