57
58
57
57
57
57
57
58
56
55
57
55
55
56
55
55
56
57
57
59
59
60
60
60
60
59
60
60
59
59
59
59
59
59
59
59
59
58
56
55
56
57
58
57
57
56
56
56
55
56
57
58
59
59
60
60
60
62
64
65
66
66
66
66
65
65
67
68
68
68
68
68
67
66
67
67
69
70
69
70
69
68
70
72
71
72
71
72
71
72
73
71
73
71
71
72
72
72
73
74
73
75
76
78
78
79
78
78
78
78
78
78
78
79
79
78
78
79
79
79
80
84
82
82
80
81
80
80
80
80
80
78
79
78
78
78
79
79
77
75
75
76
76
77
78
78
78
80
80
80
80
81
81
81
81
79
78
78
78
79
78
77
78
77
78
77
78
78
76
77
79
79
80
80
81
83
82
82
81
81
82
81
81
83
82
82
81
81
82
82
84
87
86
86
88
88
89
89
89
89
90
90
89
90
89
89
89
88
88
89
89
89
89
88
88
89
89
88
90
90
92
92
92
92
92
92
92
90
90
91
91
91
91
90
89
90
91
90
91
90
89
87
84
84
84
85
84
84
81
82
82
83
83
83
85
84
84
85
85
84
84
84
85
84
84
84
84
84
85
86
88
88
89
87
87
84
84
84
85
85
88
87
87
88
85
84
84
85
86
86
87
84
81
82
82
79
78
79
79
80
81
81
82
83
81
81
80
81
81
80
81
82
81
81
83
84
85
84
82
80
80
81
81
81
81
82
83
82
82
82
84
87
88
88
89
89
89
90
89
88
88
89
91
91
91
90
89
89
89
89
89
90
91
91
90
89
88
89
91
91
91
90
90
90
91
91
90
90
89
89
88
88
87
86
86
85
88
86
88
87
88
88
89
88
90
89
89
89
89
90
90
90
90
90
90
90
89
89
89
89
89
90
91
90
91
91
93
93
92
91
91
90
89
89
88
86
87
87
86
85
86
83
83
80
79
76
80
81
82
84
84
83
84
85
87
87
89
89
88
89
86
85
86
87
85
85
85
84
84
84
83
85
85
86
86
86
85
84
86
86
88
88
87
88
87
89
88
85
85
88
90
90
91
92
92
91
91
92
91
90
87
86
86
87
86
85
82
81
80
81
80
81
82
80
79
80
77
76
76
79
80
75
77
77
78
78
79
79
80
80
79
79
80
80
82
81
82
81
81
81
81
81
82
81
80
81
82
82
83
82
82
80
83
82
81
79
80
80
80
80
79
79
80
80
80
81
80
80
80
80
80
80
80
80
81
81
81
80
81
82
82
83
84
85
85
85
86
86
86
87
86
85
87
86
85
85
85
84
85
85
85
84
86
86
88
88
88
90
90
90
88
89
90
90
89
90
92
91
91
90
89
88
89
89
87
88
86
86
87
88
88
89
89
89
89
89
89
89
88
87
88
88
89
89
89
89
90
91
91
91
90
89
89
89
89
89
88
87
84
76
79
77
79
80
80
78
79
79
78
79
81
78
78
79
79
80
81
77
77
76
76
75
77
77
75
76
76
74
76
77
77
77
78
78
77
77
77
79
79
79
80
80
82
82
81
81
84
83
83
84
85
85
86
88
86
87
86
84
84
86
86
87
87
87
85
86
86
87
87
88
87
85
86
85
85
84
82
81
82
84
84
81
80
81
82
83
82
83
83
82
80
80
78
75
75
73
74
75
72
69
71
67
68
69
70
68
69
69
69
69
68
68
66
67
65
62
65
61
59
63
65
67
65
66
66
64
65
67
67
67
70
70
72
71
71
71
71
72
73
72
72
73
74
75
73
74
70
71
72
72
73
72
73
71
71
71
71
71
72
74
76
76
76
77
78
79
79
79
79
80
79
78
78
77
77
75
75
76
76
77
77
76
76
76
76
79
78
77
78
79
80
79
80
78
79
77
76
78
77
76
74
73
73
72
71
72
74
74
74
75
72
69
69
69
70
70
70
68
69
70
72
73
73
75
76
75
75
76
76
76
76
75
76
75
75
76
75
74
75
74
76
77
77
76
75
76
76
77
77
76
76
76
77
77
77
78
79
80
80
79
79
78
79
79
78
79
79
79
80
80
80
80
81
81
80
79
81
81
81
81
82
83
85
85
85
85
85
83
85
85
85
84
84
83
84
83
83
85
85
85
85
84
85
87
87
88
89
94
96
98
98
98
98
99
100
101
101
101
100
100
101
101
102
103
103
103
106
106
105
105
103
105
107
106
107
107
106
106
106
106
105
105
105
105
106
105
104
105
106
106
105
104
105
106
105
105
105
107
107
107
106
105
106
104
106
105
107
106
107
109
109
109
111
111
110
112
110
111
110
110
110
113
114
112
112
112
112
111
111
111
111
111
112
112
110
110
105
105
106
103
104
105
105
107
107
106
107
105
105
106
105
106
103
103
103
105
105
106
108
109
108
108
107
108
108
107
110
110
108
108
108
108
107
107
108
106
103
103
104
104
106
105
106
105
105
106
106
106
104
103
104
106
108
109
107
107
109
108
108
108
105
104
104
104
106
109
109
109
110
110
111
111
111
111
111
111
111
110
110
112
111
112
114
114
112
113
114
112
114
112
112
112
111
110
109
106
107
108
106
105
102
102
102
101
102
102
103
101
102
103
102
102
101
101
98
100
101
102
102
102
103
103
104
105
104
105
105
107
107
106
107
107
108
108
110
110
109
110
110
109
109
110
109
108
111
111
112
112
112
111
111
112
111
112
113
112
113
112
112
112
110
110
108
111
110
110
110
110
109
109
110
114
117
116
117
117
115
115
117
117
117
116
114
116
117
117
118
118
117
116
116
116
116
115
115
116
117
118
118
119
123
124
123
123
124
124
124
124
125
125
125
126
124
122
119
120
116
108
110
