156
157
157
157
156
153
151
152
153
153
153
151
151
152
151
152
153
154
152
151
149
149
147
147
147
148
149
150
151
151
151
151
151
151
152
153
153
152
153
155
156
158
157
158
158
156
155
157
157
159
158
159
159
159
160
162
164
165
167
166
167
167
165
167
164
165
164
167
165
167
167
167
161
160
164
160
157
154
152
156
151
151
154
153
150
150
147
152
153
153
153
149
147
148
150
152
152
153
154
152
154
153
153
154
155
157
159
159
160
161
162
163
163
164
163
159
160
160
161
159
160
161
160
162
162
163
161
163
163
160
158
157
155
153
156
157
157
158
154
154
152
153
154
152
152
153
153
157
157
157
156
159
158
159
165
167
164
162
161
163
163
162
161
162
163
162
162
163
162
164
166
168
167
168
170
174
172
171
171
171
172
174
172
170
168
168
169
167
166
165
160
160
159
158
161
163
162
159
157
155
155
155
154
153
155
153
152
149
152
152
154
155
154
150
150
151
150
149
151
151
152
151
152
152
151
152
150
149
151
150
150
151
153
154
155
156
155
156
156
155
154
154
153
153
153
155
156
157
157
158
158
159
160
162
164
163
165
165
167
167
167
167
167
166
167
167
168
169
171
171
169
168
168
166
167
166
170
168
169
166
169
169
169
169
168
168
169
169
169
170
170
170
170
171
171
168
169
170
172
172
173
173
173
174
174
174
176
176
175
172
170
171
171
172
171
172
172
171
171
170
172
172
171
171
170
172
172
171
170
172
172
171
172
175
173
171
170
170
169
169
168
169
171
172
172
171
171
170
169
171
172
172
172
171
171
171
171
171
172
172
172
172
173
173
173
173
174
175
174
175
174
175
173
173
172
171
173
173
173
174
174
177
176
176
176
177
178
176
176
175
174
173
174
176
176
175
174
177
176
175
172
171
166
166
168
167
166
165
164
163
163
163
164
166
166
166
167
168
167
166
170
170
169
168
170
168
171
172
174
176
177
176
176
179
179
187
184
184
186
186
187
187
186
188
187
187
187
186
187
186
184
186
186
185
186
187
187
187
186
185
185
185
184
185
185
184
183
180
180
184
186
186
189
189
187
188
189
189
185
187
190
192
196
198
199
199
198
199
200
203
202
201
204
203
204
206
203
203
201
202
202
203
206
204
204
204
203
203
203
203
202
200
201
200
198
198
197
196
197
197
195
192
189
188
186
186
188
189
190
190
194
195
199
201
199
196
197
197
199
197
196
198
199
197
197
195
194
192
193
191
191
190
192
192
193
194
194
192
191
188
188
191
190
189
188
193
196
194
197
194
198
199
199
197
196
195
195
194
197
196
193
195
195
193
191
188
188
186
186
187
186
186
188
189
192
191
188
187
185
184
185
184
183
189
186
189
192
194
195
197
197
197
199
199
198
200
201
201
201
202
203
203
203
204
205
202
206
206
208
210
207
209
210
212
214
215
216
216
215
206
207
200
204
208
206
199
201
203
202
202
206
200
199
202
202
204
205
205
207
209
207
208
206
209
207
211
213
213
218
220
217
217
219
217
218
218
218
221
221
226
228
229
230
231
230
233
228
230
229
235
234
231
229
227
227
228
229
228
226
229
233
233
236
237
236
238
239
241
242
242
239
238
242
243
247
243
239
242
251
248
248
247
251
252
249
249
248
253
252
250
244
245
250
248
250
248
250
250
250
248
250
249
241
243
248
247
253
249
252
253
254
256
253
246
235
228
235
235
237
236
243
246
246
253
254
252
251
255
254
250
255
256
253
250
250
250
251
250
255
259
262
267
270
268
263
264
264
267
270
275
274
276
275
275
274
274
274
275
273
278
271
268
268
273
264
263
256
255
259
254
248
248
245
252
252
257
260
264
266
265
260
265
262
265
257
251
251
253
252
254
253
254
256
253
256
258
261
257
255
250
244
241
240
240
243
244
243
242
241
242
235
241
251
254
254
257
254
259
257
255
258
256
257
257
254
252
252
252
252
252
254
252
250
245
239
239
238
235
234
231
232
230
231
231
231
230
228
228
228
226
225
228
226
224
226
225
226
224
224
226
227
224
225
222
217
217
215
215
214
215
216
217
218
220
222
225
224
225
226
223
219
213
210
212
212
211
210
211
215
214
216
216
216
213
211
210
212
210
204
209
213
206
205
204
208
212
211
218
215
214
217
212
209
205
204
203
205
205
206
210
208
208
208
209
213
216
220
222
217
219
219
215
218
221
220
218
215
218
219
221
218
220
225
224
223
226
228
227
224
219
217
215
218
215
215
218
220
222
219
219
216
215
215
213
217
217
216
217
220
218
220
220
216
218
221
225
228
229
228
229
228
228
229
226
227
227
227
224
223
219
217
219
223
221
223
224
224
225
226
222
221
222
219
219
219
219
220
222
223
224
226
225
224
227
230
232
230
229
229
226
226
221
212
210
207
208
205
208
209
208
208
208
208
208
210
207
213
216
215
216
217
218
218
216
215
215
213
214
211
208
210
210
206
207
208
209
213
214
212
212
212
211
214
212
211
209
209
210
212
207
206
207
204
205
206
206
208
207
207
208
207
209
209
208
198
198
203
202
202
201
200
202
201
200
200
201
200
200
202
199
197
197
201
201
205
205
204
204
205
206
206
206
208
208
214
216
210
208
209
212
214
216
216
214
215
213
215
214
212
213
215
215
213
215
213
213
214
213
215
218
219
217
216
215
215
215
214
211
201
204
207
209
208
207
208
209
209
212
213
211
212
212
213
209
213
212
212
211
212
213
213
209
211
214
211
211
211
211
209
210
210
211
213
211
213
212
208
205
205
207
209
209
210
210
206
206
203
202
204
200
197
196
194
195
195
194
194
194
198
194
193
192
193
193
196
190
189
183
185
