63
64
65
64
64
65
64
65
62
63
64
61
61
63
63
64
66
66
66
66
66
66
66
65
64
63
65
66
67
67
68
67
67
68
70
70
67
63
61
62
64
65
64
61
59
58
59
58
58
58
60
61
62
62
62
62
61
60
61
62
64
64
63
62
61
62
64
65
64
65
66
65
64
65
66
66
66
67
67
66
65
64
65
66
64
65
63
65
64
64
64
63
61
58
58
60
60
59
59
59
57
58
58
59
58
57
57
59
59
58
58
57
58
58
60
59
59
59
59
57
62
60
58
58
58
58
59
58
58
59
58
57
56
55
57
58
58
58
58
57
58
58
58
58
59
58
57
57
57
57
57
58
57
56
58
58
58
57
58
58
58
58
58
58
59
59
59
58
57
58
59
60
60
60
61
63
64
64
64
65
63
64
63
64
65
64
64
64
65
64
64
65
65
65
66
67
68
67
68
67
68
68
69
69
70
70
71
70
70
70
72
71
72
71
71
72
73
73
74
73
74
75
75
75
75
75
77
76
77
77
77
77
78
78
76
76
75
75
76
77
78
76
75
74
74
74
73
73
72
71
71
74
74
72
74
73
74
76
75
75
75
75
76
77
76
75
75
76
76
77
78
78
79
79
80
78
79
79
80
78
80
78
77
78
77
77
77
77
79
80
81
79
78
78
78
77
77
78
79
81
80
81
82
83
83
83
85
84
83
84
83
84
85
84
83
83
84
84
83
82
82
82
82
82
82
82
82
83
84
85
85
84
84
84
84
84
82
83
83
84
83
84
85
86
86
86
81
82
82
81
81
81
81
81
80
80
79
80
81
80
81
80
80
80
81
81
82
82
83
83
82
81
81
81
81
81
82
82
84
83
83
83
84
84
86
86
87
86
86
87
87
86
87
87
87
87
87
87
87
86
85
84
83
84
86
86
86
86
84
83
83
82
81
82
81
79
78
78
78
78
79
77
76
74
70
67
71
72
74
77
76
76
76
76
79
76
78
78
76
75
75
75
75
75
73
73
71
72
73
74
76
79
79
80
80
78
73
72
74
74
75
72
69
68
67
66
67
65
67
70
70
71
71
72
72
73
73
73
72
71
68
67
67
68
66
64
61
60
59
62
64
67
67
69
68
70
70
70
71
74
74
75
75
76
75
75
75
76
76
76
75
78
77
80
80
79
80
78
78
78
78
76
75
76
74
75
74
74
76
76
77
78
79
78
79
80
79
78
78
79
79
78
79
78
77
78
78
78
78
79
79
78
79
80
81
81
82
81
81
81
79
82
81
81
80
80
82
80
81
80
82
81
81
81
81
81
80
80
79
80
80
79
79
78
77
77
77
77
78
78
78
78
79
79
80
80
80
80
79
79
79
79
81
81
80
82
82
80
80
82
83
83
82
83
83
82
82
82
81
78
77
79
79
78
79
79
80
78
79
80
81
83
83
83
82
83
83
80
79
72
74
72
75
75
80
78
79
79
78
78
80
81
81
81
78
79
79
78
79
78
79
78
78
77
75
76
78
77
80
82
83
83
85
84
83
82
83
84
83
81
82
81
83
83
82
84
85
88
88
91
93
93
93
93
91
92
90
89
89
91
91
92
93
90
92
93
92
93
92
92
91
90
89
86
87
86
85
82
82
82
83
82
81
81
83
85
83
84
82
82
81
80
79
77
77
76
77
79
76
77
80
77
77
78
79
77
77
79
78
80
79
80
79
80
78
76
76
74
74
77
79
81
79
81
80
78
79
80
79
80
83
85
86
85
87
86
86
86
86
85
87
88
89
89
90
90
87
88
87
88
87
86
86
85
85
85
86
86
85
86
87
87
84
86
86
87
88
88
88
89
88
85
82
81
80
80
79
78
79
79
80
78
78
79
78
78
78
78
79
80
80
80
81
80
81
81
81
81
82
82
80
80
79
79
78
79
80
79
79
80
78
78
78
79
79
79
79
77
77
75
75
76
76
76
77
76
76
76
76
75
75
74
76
76
75
75
75
77
78
78
79
79
77
77
78
79
78
78
78
78
78
77
78
78
79
79
79
79
79
79
79
79
80
79
77
78
77
77
78
80
80
80
80
80
80
79
80
81
80
80
80
81
81
81
81
81
81
79
80
79
80
80
79
79
81
80
80
81
79
80
82
80
79
79
80
80
79
82
83
82
83
84
84
84
84
85
85
85
85
83
83
84
85
85
85
85
87
88
88
88
88
86
87
87
87
87
87
87
88
88
87
87
87
87
87
87
85
84
84
85
84
83
84
84
83
83
83
85
85
84
82
82
82
81
80
80
79
78
79
79
80
80
80
80
78
79
79
79
78
78
79
79
79
78
78
79
78
77
77
79
78
79
80
80
80
79
78
79
78
77
77
78
78
78
79
78
79
78
77
78
78
78
77
77
77
76
76
76
77
78
78
78
80
80
80
79
79
78
79
80
80
80
79
80
79
78
77
78
78
79
78
79
78
77
77
76
76
76
77
77
77
77
80
80
81
79
79
81
80
80
79
79
80
80
81
82
82
83
83
82
82
82
82
83
82
82
82
82
82
83
82
83
83
85
84
84
84
84
85
87
86
86
85
85
84
83
84
84
83
83
81
81
82
82
82
84
84
84
84
84
84
84
84
83
84
85
85
86
86
86
88
88
89
89
89
90
91
91
92
92
91
94
93
94
93
93
94
93
93
95
94
91
91
90
91
91
91
92
92
91
92
91
91
92
93
94
95
95
94
94
94
93
92
92
92
92
93
94
93
94
93
94
95
98
97
98
98
98
99
99
100
99
100
100
100
100
100
101
100
101
102
102
102
102
101
102
102
102
102
102
103
103
105
104
106
106
106
107
107
105
105
106
103
103
102
101
96
93
97
