124
122
120
121
120
120
121
122
118
118
120
118
120
120
121
122
125
125
123
124
123
118
118
119
118
118
116
115
112
112
112
113
113
109
107
107
106
105
104
107
108
108
110
111
109
106
106
105
104
106
108
109
110
111
113
116
115
115
116
116
116
118
119
118
119
118
119
118
118
120
120
120
115
116
117
116
115
116
115
112
112
111
113
114
108
112
121
122
124
125
126
124
121
121
122
125
124
125
127
127
124
127
128
129
131
134
131
131
131
129
128
129
129
130
131
131
131
132
132
133
134
134
133
134
130
131
130
130
132
132
128
126
127
126
129
131
131
130
128
128
127
129
130
129
131
130
130
127
124
123
124
126
124
123
127
127
124
122
123
120
120
117
118
115
121
123
123
122
118
119
120
119
119
120
120
121
123
123
123
121
120
119
121
124
124
125
125
126
126
127
124
126
127
128
133
134
134
132
133
131
132
133
133
134
135
134
132
132
130
133
130
126
132
130
128
131
131
131
133
132
132
134
134
135
134
135
136
137
138
136
135
133
133
132
130
126
126
126
124
122
122
121
121
121
121
122
120
121
117
117
117
122
122
121
121
117
119
118
118
118
118
122
123
126
126
126
125
126
126
126
126
126
125
122
119
115
116
118
119
118
120
114
119
125
123
124
124
126
126
126
126
124
122
124
126
123
122
122
123
124
123
122
122
122
121
123
124
125
125
127
127
128
127
128
128
131
133
132
132
131
133
133
131
131
132
132
133
131
132
132
131
130
122
120
120
121
120
118
117
116
116
117
117
116
115
115
115
116
117
117
117
117
118
119
118
117
116
115
113
112
112
111
111
110
110
111
112
114
113
114
113
112
108
108
108
108
111
110
115
115
114
112
113
111
113
113
116
114
118
118
118
118
118
117
117
127
127
128
128
126
126
126
126
126
127
127
128
125
124
123
123
123
122
122
121
120
123
122
120
120
120
115
115
114
111
111
112
110
112
115
116
114
117
116
115
118
116
115
114
113
114
117
118
116
117
118
119
119
122
122
123
124
123
124
125
125
126
122
122
121
123
122
120
122
124
125
127
126
122
125
126
123
125
126
126
126
128
128
129
125
120
118
120
119
118
118
116
115
110
112
111
113
114
112
110
113
112
112
110
112
112
107
109
107
104
103
105
106
106
106
107
108
110
111
112
111
108
106
104
106
106
105
103
102
100
97
97
97
94
98
101
102
103
104
104
105
106
105
105
107
108
107
109
111
111
111
110
109
110
109
106
105
104
104
103
106
105
104
103
103
104
104
106
106
105
106
106
105
104
104
103
105
105
105
105
106
106
104
103
105
105
109
113
114
116
114
116
116
114
112
112
112
113
113
113
115
114
115
114
116
115
114
116
118
117
116
115
114
114
114
116
116
115
115
114
115
114
116
115
113
112
113
115
116
116
115
116
117
115
115
114
112
112
112
114
116
116
116
114
112
110
111
117
118
116
116
118
119
117
119
119
115
114
114
113
114
116
113
113
112
112
108
108
104
100
98
102
99
102
103
102
99
101
101
100
101
100
99
101
100
100
96
96
89
90
90
90
91
91
92
93
95
95
94
91
90
88
88
85
87
86
89
90
91
92
93
93
92
91
92
92
83
81
79
79
78
76
76
77
77
76
74
74
73
74
74
73
74
74
73
73
74
73
72
72
70
71
71
70
67
69
66
67
70
70
68
69
70
70
72
79
76
78
77
74
71
72
71
71
74
75
76
75
75
77
77
77
81
80
80
82
84
85
85
85
85
85
87
88
87
87
88
90
88
90
88
92
95
97
99
99
99
99
97
97
96
96
93
93
94
95
95
95
96
95
96
97
95
96
97
98
96
96
96
95
95
91
92
91
87
84
83
84
85
86
86
87
89
88
89
96
94
94
94
95
97
97
96
97
96
97
96
95
95
97
97
99
101
101
102
97
92
88
91
93
94
95
92
95
96
98
99
99
100
99
99
99
99
100
99
100
101
102
100
99
101
100
95
96
97
99
98
98
102
103
104
105
105
105
106
108
109
110
110
108
107
108
108
108
108
109
109
109
108
107
108
106
106
107
108
109
108
110
109
108
106
107
106
108
110
112
112
111
113
114
114
113
110
112
111
112
111
111
109
109
107
105
106
106
106
108
106
107
103
106
108
105
108
111
112
106
108
109
110
107
108
108
110
108
108
106
105
107
103
107
107
112
108
107
103
102
100
94
92
93
92
92
91
90
90
90
91
91
92
91
93
93
93
93
92
93
90
95
93
92
92
93
94
95
94
90
91
93
89
89
88
88
86
88
88
90
89
90
90
88
90
90
91
91
91
92
92
92
92
90
90
90
91
92
92
91
92
92
94
94
94
92
99
100
100
102
102
103
104
103
104
102
102
102
102
102
101
101
100
100
100
100
101
100
102
103
103
103
101
101
101
102
101
103
103
102
102
100
100
100
99
98
99
101
103
102
108
107
106
106
106
106
106
105
104
104
103
105
106
106
105
105
105
106
105
106
109
111
112
113
114
115
114
115
113
111
112
112
112
112
114
113
114
113
114
116
117
117
119
119
119
120
120
120
120
121
123
126
124
123
121
125
124
123
124
122
121
120
120
128
128
126
126
127
127
126
127
130
130
129
128
130
128
127
127
129
128
128
127
126
126
125
126
126
126
126
127
126
127
127
128
125
126
126
125
125
124
125
124
126
129
129
130
130
129
126
127
127
129
127
127
127
122
123
125
127
127
127
127
131
134
136
136
136
135
135
138
137
135
138
135
134
133
134
135
135
133
133
134
134
137
136
136
135
135
137
137
138
138
139
139
141
143
142
141
141
143
144
142
147
146
147
148
152
152
154
153
155
156
153
153
150
143
153
