125
129
129
131
122
129
131
132
128
127
128
122
124
126
125
123
124
126
125
128
127
128
127
127
127
127
127
125
124
123
123
123
126
126
124
122
124
120
115
119
121
124
123
122
116
113
112
112
113
111
113
114
116
117
119
121
121
119
128
131
135
136
137
136
137
138
139
139
140
142
140
144
141
143
144
144
144
144
140
140
139
138
142
142
143
145
143
147
149
153
155
150
148
143
148
148
149
146
146
149
150
150
153
152
154
155
153
153
153
153
154
156
157
156
155
153
153
154
155
154
174
174
180
180
176
179
176
175
175
174
169
168
170
167
167
168
170
172
172
171
176
174
177
180
182
183
182
181
181
186
187
185
183
185
187
186
180
183
185
186
186
186
189
193
195
197
199
196
193
193
191
193
195
206
214
221
224
222
206
202
211
211
210
213
208
205
207
220
211
199
186
189
188
186
195
196
195
187
185
183
187
182
182
181
176
178
180
181
184
186
178
178
178
177
179
180
180
184
184
189
188
185
184
186
187
182
183
176
176
175
175
175
172
169
164
172
171
178
173
180
183
178
172
172
171
169
169
169
167
172
175
182
185
181
181
179
180
187
189
188
190
189
194
194
192
195
199
204
204
199
199
195
196
186
187
183
186
186
188
184
186
187
184
182
181
187
190
188
186
194
195
188
182
186
187
182
189
191
199
200
203
199
198
198
195
193
194
195
193
193
196
199
206
206
203
203
204
206
203
202
203
202
202
204
203
204
204
204
209
211
208
214
214
216
220
222
218
224
224
227
226
226
228
230
232
233
226
232
227
227
231
228
225
224
223
224
223
223
223
224
222
223
223
222
228
228
232
231
230
228
230
226
217
217
217
209
208
207
212
208
206
205
202
203
204
203
204
205
206
209
210
205
206
208
206
206
200
200
199
198
198
203
201
203
208
206
203
200
195
195
199
195
196
201
197
188
189
188
186
183
183
178
176
169
161
168
181
178
182
186
182
182
177
178
187
169
185
191
184
173
172
175
179
172
169
169
167
169
165
168
169
177
175
173
166
148
142
144
147
142
145
139
133
132
132
128
134
132
135
149
151
152
151
151
152
152
152
149
148
147
139
141
139
142
139
135
136
145
143
147
149
154
152
153
154
154
147
146
154
160
159
160
160
158
154
144
149
152
155
155
151
160
159
157
157
159
156
152
155
159
162
158
156
152
152
155
151
154
156
155
156
161
163
159
160
165
162
166
164
165
167
171
173
173
171
175
175
173
178
179
178
179
176
175
174
175
175
171
172
175
173
172
170
162
160
160
159
153
156
152
153
155
156
154
153
155
153
153
151
149
148
151
153
150
148
151
151
150
151
149
146
148
150
146
143
143
141
142
142
142
138
139
138
137
135
133
135
137
140
136
136
136
133
129
127
125
123
125
126
121
122
126
130
129
125
125
126
125
128
126
125
128
130
127
127
127
128
125
122
111
115
110
112
115
119
119
117
119
118
119
122
119
119
118
117
119
123
121
123
122
123
120
125
121
118
120
123
122
134
134
138
136
139
137
133
132
133
138
138
134
136
136
135
137
133
133
137
139
136
144
148
144
145
145
145
147
139
140
141
143
144
143
142
141
145
146
145
145
146
148
145
143
142
134
141
142
143
139
144
145
135
131
121
116
120
126
122
124
122
123
125
124
115
116
117
117
116
115
115
109
115
109
109
117
110
110
113
119
121
122
118
124
129
123
117
113
110
107
114
117
118
125
119
126
124
118
119
124
124
122
127
131
130
128
129
128
127
132
136
134
137
139
144
142
141
140
134
140
136
141
140
137
141
137
142
142
145
146
143
147
147
148
140
149
152
155
152
152
159
169
167
165
166
164
160
161
160
158
160
160
166
166
166
166
165
162
164
163
164
164
164
162
163
158
158
160
162
162
167
165
162
159
160
162
156
154
157
154
158
161
154
152
150
152
152
152
149
151
153
151
154
155
156
156
157
157
156
154
154
153
152
149
150
153
158
161
158
160
162
163
170
171
172
173
175
177
178
180
182
183
183
181
182
181
181
179
184
181
178
182
184
184
190
186
179
181
176
177
176
178
176
178
184
178
176
172
175
182
186
185
186
185
186
187
188
192
191
189
190
186
187
186
187
188
187
185
181
184
183
181
180
173
172
173
174
172
175
176
178
171
176
178
180
176
184
184
182
184
184
170
185
194
189
191
186
185
187
189
193
191
190
186
188
185
186
187
185
186
186
185
182
182
183
187
185
186
184
183
182
184
181
183
180
183
186
184
183
180
181
181
181
179
181
181
183
185
180
175
184
194
194
197
198
198
191
194
192
191
184
187
186
188
192
191
194
194
193
183
189
185
182
181
184
185
183
185
182
182
182
178
180
186
190
183
186
187
189
189
191
191
191
190
187
183
181
181
176
174
177
177
177
175
173
173
173
170
166
166
170
172
170
173
171
175
174
173
172
174
178
173
174
173
169
169
164
167
166
164
165
168
164
164
171
168
167
164
159
159
156
158
155
155
157
156
154
156
159
160
162
160
156
156
158
162
160
161
160
164
161
165
163
161
163
163
162
164
161
163
148
146
135
134
130
136
138
135
134
133
134
131
131
132
128
128
129
129
129
127
128
130
130
132
132
133
131
129
130
130
137
137
136
137
138
141
141
145
146
148
150
147
146
151
153
152
150
151
152
151
148
148
145
144
146
143
144
146
144
142
142
142
146
147
151
154
148
151
160
161
159
161
159
156
151
152
151
152
153
154
155
154
151
152
153
157
157
156
153
151
155
156
159
159
157
158
156
160
160
167
170
172
174
172
173
174
174
177
176
176
179
178
180
184
186
183
184
184
184
187
185
189
188
187
185
183
183
184
177
168
182
