36
36
36
36
35
36
35
35
34
34
34
34
34
35
34
35
35
35
34
35
33
34
34
33
34
33
34
33
32
32
32
32
32
32
33
33
33
32
31
32
33
33
33
33
33
33
33
34
33
33
34
34
36
36
36
37
36
37
37
37
37
38
38
37
37
37
38
38
38
38
37
37
36
36
36
35
35
35
35
35
34
33
33
34
34
34
34
34
34
34
34
33
33
32
33
33
33
33
34
34
34
34
34
34
35
36
36
36
35
36
37
37
36
36
37
37
37
37
37
38
39
39
39
39
38
38
38
38
38
39
39
39
39
38
39
38
39
39
38
36
36
37
37
36
37
37
37
38
38
40
39
40
40
40
40
40
40
39
38
39
39
38
38
39
39
38
38
38
36
37
37
37
37
37
38
39
39
39
39
41
43
43
43
43
42
42
43
42
43
43
42
43
43
42
43
44
44
43
43
43
44
44
44
44
44
44
44
43
43
43
44
44
44
43
43
44
44
44
46
46
47
47
48
47
47
47
47
47
47
46
46
47
47
48
49
49
49
50
50
49
49
48
49
48
49
49
50
50
48
49
49
51
50
51
52
51
52
52
51
51
52
52
53
53
53
53
51
52
51
51
52
52
51
50
51
50
51
51
53
53
54
54
53
53
52
53
54
55
56
56
56
54
53
53
54
52
52
51
51
51
51
51
52
52
52
52
52
52
53
53
53
53
52
52
52
52
53
52
52
51
52
52
53
54
54
55
54
54
54
55
55
55
56
56
57
57
56
56
54
54
53
54
55
56
56
56
56
56
56
56
56
56
57
57
56
55
54
55
55
55
56
55
54
55
55
57
60
61
63
62
62
61
59
60
61
60
61
60
60
61
62
62
63
63
64
63
64
64
64
64
64
64
63
64
65
65
66
67
66
66
67
68
67
66
67
68
69
68
68
67
68
67
67
67
67
64
65
66
65
63
61
58
58
56
55
54
56
59
63
64
62
62
64
64
67
66
68
68
68
67
67
67
67
68
67
68
69
69
69
70
70
71
71
71
71
72
74
76
77
78
77
78
78
78
78
78
79
78
78
81
79
81
81
82
82
83
83
83
83
83
81
82
84
83
84
84
83
82
82
84
83
83
85
84
84
85
77
76
75
75
75
75
76
75
74
76
77
76
75
75
76
77
77
77
77
78
77
76
79
79
81
81
79
78
78
77
78
78
78
77
79
80
80
79
78
74
77
80
80
82
82
82
82
81
82
82
81
80
80
80
80
75
74
74
74
73
73
71
70
69
68
69
68
67
67
71
73
72
72
72
74
74
77
77
76
76
76
76
77
75
76
76
77
78
78
79
77
77
77
77
76
76
77
77
79
81
81
81
81
80
79
78
80
79
78
78
79
80
80
83
83
83
84
85
84
85
85
85
83
82
82
83
83
88
90
90
90
90
90
92
91
90
90
89
89
90
90
89
86
81
87
88
89
89
88
86
87
90
89
90
92
92
92
93
95
95
96
95
96
96
93
92
92
90
87
88
89
89
92
93
90
91
91
92
92
91
88
91
91
94
94
93
96
98
98
100
98
98
99
97
97
98
99
99
97
99
98
97
95
95
94
95
94
94
93
92
93
92
93
95
95
92
95
92
93
93
93
92
93
95
96
95
97
99
99
100
100
101
103
102
100
96
94
93
93
93
94
94
89
85
85
80
83
88
86
84
85
81
78
82
79
73
73
73
68
65
69
67
69
70
72
72
69
71
74
73
73
75
74
75
76
74
76
73
72
71
70
71
73
72
72
74
75
77
76
76
73
75
75
78
81
82
82
81
81
81
81
81
80
81
84
83
81
80
79
79
77
74
75
76
77
78
78
78
77
76
75
75
74
76
76
77
76
77
76
78
77
79
79
80
77
76
78
77
77
77
76
76
76
76
75
73
73
73
73
74
76
77
76
77
73
69
68
66
68
67
68
67
66
67
69
70
73
74
71
70
71
71
72
73
73
73
73
73
73
72
69
67
69
74
74
73
69
70
71
71
71
72
71
70
69
70
72
71
70
70
70
70
72
72
70
68
67
66
66
67
68
68
67
67
66
69
68
71
72
72
75
74
75
74
75
75
75
75
74
74
72
72
72
70
70
70
71
70
70
70
70
69
72
75
77
76
75
76
76
76
76
79
80
82
84
83
82
83
83
83
83
83
83
82
83
81
79
80
81
81
83
86
86
86
86
85
85
83
83
85
85
84
84
84
83
83
83
84
85
85
84
85
86
86
86
85
85
85
85
85
85
87
93
96
95
94
94
94
94
94
95
95
95
95
96
96
96
97
96
95
95
97
96
96
97
97
97
96
95
95
95
96
96
98
97
96
97
97
98
99
97
99
99
98
100
100
99
100
98
98
98
98
99
97
97
95
95
95
96
96
96
97
99
98
99
101
106
107
109
108
108
108
108
108
109
108
108
107
108
107
104
106
106
107
107
109
110
111
110
111
113
113
112
111
112
113
110
111
112
110
112
112
113
112
114
112
112
111
110
111
109
110
109
110
109
109
109
110
110
109
109
111
112
114
115
115
116
115
115
113
114
120
118
118
120
120
118
119
119
116
118
121
122
121
119
119
120
120
121
121
121
119
120
122
125
124
118
119
117
120
122
121
122
122
121
119
119
116
116
115
116
117
115
118
118
119
119
122
124
123
125
125
125
125
128
127
127
124
122
121
122
122
122
123
124
122
124
121
123
124
132
129
128
125
123
123
123
123
122
124
125
125
126
125
125
126
124
124
127
125
123
124
124
125
125
124
122
123
126
127
126
124
121
121
120
121
121
120
121
124
123
121
122
123
125
126
128
128
130
130
129
129
128
133
133
135
134
133
133
133
129
123
128
