119
119
120
122
121
121
121
123
122
125
124
123
124
125
124
124
126
128
127
128
128
127
128
128
129
128
129
129
129
130
131
131
127
129
129
130
128
128
127
127
128
128
128
129
126
124
124
125
125
126
126
128
132
133
133
134
134
133
134
132
134
135
136
135
136
136
136
135
131
132
132
131
128
127
128
126
128
129
130
130
128
126
128
128
126
128
127
129
129
130
131
127
127
124
126
126
127
129
129
129
126
127
128
127
127
129
129
132
132
131
130
130
130
131
133
129
131
132
133
134
135
136
135
135
134
134
134
133
135
138
138
139
138
138
138
137
139
139
137
137
137
138
137
139
138
136
135
137
138
139
139
140
142
141
142
141
142
144
144
146
145
145
146
147
149
147
146
148
146
146
148
147
149
149
150
153
153
155
154
148
149
151
152
154
154
154
154
153
154
155
155
157
156
157
160
158
158
157
158
158
156
158
158
158
158
154
155
154
153
155
155
154
152
151
152
149
148
149
149
151
154
152
154
154
154
155
155
151
152
151
150
149
149
148
148
149
148
147
147
148
149
146
143
145
146
145
146
145
142
142
144
137
138
141
144
144
147
148
149
149
150
149
147
147
148
149
148
148
149
149
150
148
150
148
150
149
151
152
153
150
151
152
152
152
150
150
151
153
152
153
154
152
151
153
154
153
155
156
156
157
159
158
158
161
158
158
157
158
159
160
159
159
159
160
159
159
159
158
157
157
157
158
159
159
159
160
161
160
160
160
159
160
162
162
162
161
161
161
160
160
159
160
160
160
160
159
159
160
158
159
162
161
161
161
162
164
163
164
165
165
166
162
162
162
162
163
161
162
160
161
159
156
158
158
157
158
159
158
160
160
160
161
163
163
163
162
163
164
162
163
162
163
164
165
166
164
163
163
163
162
162
162
162
162
163
163
164
163
162
161
161
160
160
160
162
161
163
164
162
161
164
161
160
159
158
157
160
160
162
166
166
163
165
167
167
167
171
172
171
172
172
172
172
172
170
171
171
170
170
171
172
175
174
175
174
177
173
173
174
174
174
174
175
173
170
171
169
167
167
170
172
172
172
173
173
171
171
172
170
168
168
169
172
175
172
171
169
167
168
172
169
171
173
172
173
175
173
172
171
174
176
179
184
181
182
182
183
182
181
179
180
178
179
178
180
177
177
178
179
178
178
177
178
176
174
176
179
178
176
177
177
177
177
178
176
175
174
175
176
174
173
174
177
176
179
180
180
181
183
183
183
183
182
180
181
181
183
180
180
179
180
180
181
180
179
181
181
182
182
183
185
183
184
185
185
184
184
183
183
185
181
182
183
183
184
183
180
180
182
184
182
182
184
184
186
186
187
186
184
183
184
183
185
186
183
186
182
188
187
189
189
189
191
192
191
191
190
190
189
186
183
180
183
183
183
184
185
185
184
185
184
184
185
185
185
186
186
183
181
174
173
171
173
175
174
173
175
175
173
175
177
176
175
178
177
177
177
174
174
173
173
172
175
174
171
174
173
170
175
175
176
177
179
177
178
177
177
179
178
178
180
180
182
180
180
182
182
182
178
178
177
179
181
181
180
182
180
181
181
182
182
184
187
185
184
185
185
185
185
187
185
184
187
188
187
186
183
183
185
185
182
182
182
183
186
184
185
186
187
185
182
181
179
177
177
176
178
176
173
171
175
171
170
171
172
171
173
173
175
179
179
178
180
182
178
185
188
183
184
188
186
185
185
188
186
185
188
190
186
187
191
192
192
192
192
193
194
195
195
195
192
195
194
192
193
194
193
192
194
197
196
197
200
197
196
195
196
195
195
199
199
198
197
198
198
198
192
193
190
186
184
184
185
184
183
184
182
182
182
183
182
183
184
184
182
181
180
180
179
180
179
178
178
178
179
177
178
177
176
180
180
179
175
174
171
173
177
176
176
177
173
171
170
175
174
181
180
179
181
182
182
182
182
183
181
179
177
180
179
179
181
184
185
186
189
188
190
190
190
191
191
191
191
191
189
190
190
190
189
188
188
190
188
189
190
190
192
193
193
193
193
192
195
192
189
189
190
189
189
189
191
192
194
194
191
191
192
193
190
190
189
192
186
185
191
191
191
191
194
194
196
196
195
192
195
197
201
204
201
202
204
204
205
206
206
206
208
209
210
213
214
212
213
213
212
211
209
210
208
209
212
211
212
211
209
210
213
213
214
218
217
216
214
215
219
216
217
218
218
218
216
217
218
217
218
218
219
218
220
219
220
218
219
222
220
218
219
220
221
221
220
221
220
220
223
222
223
228
228
230
230
232
233
234
235
236
233
236
234
235
233
237
238
237
235
232
232
233
233
235
234
235
236
236
236
236
233
234
234
232
231
233
233
234
235
234
236
234
233
232
233
235
234
230
233
234
233
235
236
245
253
256
253
253
249
249
250
248
246
247
243
242
244
245
245
242
241
243
243
245
248
247
248
247
250
255
255
256
253
252
252
254
256
258
254
250
253
257
257
255
256
257
255
254
254
256
255
256
265
262
263
263
266
262
264
263
263
263
268
269
269
271
273
267
260
260
260
264
264
265
267
266
265
265
269
270
266
270
269
267
262
263
263
264
263
258
259
252
252
252
251
246
231
227
212
242
232
232
233
230
232
226
226
225
226
225
222
223
221
224
227
229
230
227
227
226
226
225
223
228
240
239
237
235
239
237
236
234
234
235
236
239
239
235
227
228
229
226
228
231
231
228
225
229
226
226
225
222
219
219
223
225
223
220
219
214
212
211
210
212
218
219
217
220
222
219
219
218
218
219
220
220
223
223
217
221
223
222
218
217
220
223
226
224
226
224
230
230
232
232
231
229
228
228
229
229
228
226
242
