55
55
55
55
54
54
54
54
54
52
52
51
49
51
51
51
52
52
53
54
53
52
50
51
50
50
50
50
51
50
50
49
49
48
51
49
49
48
47
47
48
48
49
50
50
50
51
50
49
49
49
49
49
49
49
49
48
48
49
50
50
50
51
51
52
52
53
54
55
54
53
52
49
49
49
48
48
48
48
47
46
46
46
46
46
47
46
46
46
46
47
48
46
46
46
46
47
48
48
47
47
48
48
48
48
49
50
50
50
50
50
51
49
49
50
51
51
51
51
51
52
52
52
52
52
52
52
52
52
53
52
52
51
51
51
51
52
52
51
50
50
51
51
51
51
51
51
52
53
53
53
53
53
53
54
54
53
48
47
47
46
46
46
45
45
45
45
45
43
43
43
43
43
43
43
44
43
43
43
42
44
43
44
44
43
43
43
43
43
44
43
43
44
46
46
46
47
46
47
47
47
47
47
47
47
47
46
46
47
47
47
47
47
46
47
47
48
48
49
56
56
56
56
56
56
56
56
56
56
57
57
57
58
59
58
60
59
59
59
60
58
58
57
56
56
56
56
57
55
55
55
56
57
57
57
57
58
58
59
59
59
59
59
59
60
60
58
59
60
61
61
60
60
58
59
57
58
59
59
58
59
58
58
58
56
55
52
53
54
53
52
50
50
50
52
50
50
50
50
50
51
51
51
50
50
49
48
48
49
49
48
49
49
49
48
49
50
49
49
50
50
50
50
50
50
51
51
50
51
50
50
50
50
51
51
51
51
51
51
52
52
53
56
55
55
55
55
55
55
55
55
56
56
56
56
55
54
55
55
55
55
54
54
54
55
56
56
56
56
57
57
58
58
58
58
58
59
58
59
59
59
60
60
60
61
62
62
62
62
61
62
61
61
61
62
62
61
61
61
61
61
61
61
60
61
61
60
58
56
56
57
56
55
56
57
57
58
58
58
57
58
58
55
54
53
54
55
55
57
57
55
56
56
56
57
61
59
59
59
60
60
61
61
62
61
61
61
62
63
63
62
64
62
62
62
62
62
62
61
62
62
61
59
59
59
58
58
58
59
61
67
68
69
70
71
71
70
70
69
69
69
68
69
69
69
68
65
67
64
65
65
65
66
66
65
66
65
65
64
64
65
65
65
65
65
66
68
68
68
69
69
69
70
68
69
70
69
69
69
68
67
68
67
66
65
65
66
66
67
67
67
70
70
70
69
73
75
77
76
76
75
75
76
75
75
75
75
75
75
76
74
74
75
76
75
77
77
77
76
76
75
75
74
75
74
75
76
76
76
77
78
77
78
78
79
79
78
77
78
78
78
76
78
77
77
78
78
78
79
78
78
79
79
78
79
80
80
79
79
79
77
76
77
77
76
77
77
77
78
79
80
81
81
81
79
79
78
80
79
78
78
78
79
80
79
78
80
80
78
78
78
77
77
77
78
79
78
77
75
67
71
71
74
74
73
71
71
71
69
70
72
69
71
71
70
72
71
71
72
71
73
73
74
72
71
71
72
72
74
74
73
74
75
76
76
75
76
78
77
79
78
77
78
77
78
78
79
79
79
81
81
83
81
81
80
82
81
80
78
79
80
81
82
82
82
82
82
83
82
82
82
81
82
80
81
79
79
78
78
79
79
83
82
81
81
82
82
83
84
83
82
82
81
79
80
80
79
79
77
74
74
71
70
71
72
71
70
68
68
69
70
68
68
68
62
60
62
62
63
65
65
67
65
67
66
65
66
68
68
66
68
68
69
67
67
69
70
71
71
72
72
73
73
75
75
74
73
74
73
74
74
74
76
75
74
74
74
74
73
73
75
74
74
75
75
76
76
75
75
74
74
73
73
74
72
72
71
72
72
73
73
72
72
73
72
73
73
74
75
77
77
76
77
77
77
78
78
78
79
79
78
77
77
77
76
77
78
80
81
75
75
73
71
72
73
73
72
71
71
72
73
73
74
74
74
73
73
73
73
72
73
73
75
74
74
75
74
73
75
75
76
75
75
74
74
74
74
74
73
74
74
74
75
75
75
74
74
73
72
73
74
73
73
72
72
72
73
74
73
74
76
76
82
80
79
78
79
80
80
80
80
80
80
78
78
78
76
76
77
77
77
77
78
77
77
78
77
78
77
77
77
77
75
75
76
77
75
77
77
77
76
77
79
80
80
80
79
79
79
78
80
79
74
77
78
78
79
79
78
79
81
79
81
80
81
79
70
69
71
70
70
70
70
72
73
73
74
72
72
73
73
73
73
74
74
74
74
76
77
76
75
75
76
76
78
78
78
79
79
80
80
80
80
81
81
82
83
85
84
85
83
83
83
82
82
82
82
82
82
82
83
83
84
84
84
84
82
83
83
83
86
87
87
86
87
86
86
85
85
85
85
85
85
86
86
87
87
87
88
88
88
88
88
88
89
88
87
88
88
88
89
88
89
89
90
89
85
86
86
88
88
89
88
88
90
90
91
91
91
92
92
92
88
89
90
88
88
89
90
99
99
99
99
98
97
97
96
96
95
95
95
97
97
98
99
98
98
98
99
99
99
99
100
100
101
98
99
98
100
98
98
98
98
97
97
96
99
100
100
101
101
101
103
104
105
105
105
105
106
106
108
107
107
107
107
108
108
108
107
108
108
108
107
107
107
107
111
111
109
110
111
112
112
113
115
117
117
118
119
121
121
120
121
120
122
122
120
121
121
121
120
121
121
121
121
122
121
122
123
123
124
124
124
125
126
126
128
128
127
129
129
129
125
126
126
120
121
122
125
125
126
126
127
127
130
130
125
123
123
122
121
122
121
121
121
123
125
124
126
123
125
126
127
125
126
126
126
128
129
130
132
135
132
132
130
130
126
124
128
