46
45
45
46
45
46
46
46
45
45
45
44
44
44
43
43
44
45
45
46
47
47
47
47
48
47
47
48
48
46
46
46
45
46
46
46
45
44
44
44
44
45
46
46
46
45
45
44
44
44
44
45
43
41
40
40
41
40
42
42
42
42
43
43
43
43
44
45
46
45
45
45
44
42
43
43
44
44
44
43
42
42
43
43
42
42
41
42
43
43
43
43
43
42
42
43
43
43
43
43
43
44
44
44
44
45
44
45
45
44
43
44
43
44
44
44
44
44
44
44
44
45
45
45
44
44
44
44
44
44
43
43
43
42
42
42
42
42
41
42
41
42
42
42
42
43
43
43
43
44
43
44
44
44
45
44
43
43
42
42
42
41
42
42
41
40
41
41
40
41
42
42
42
42
43
44
44
44
43
45
45
46
46
47
46
46
46
45
46
46
45
46
46
46
47
47
47
47
46
47
48
48
49
48
48
48
48
48
49
49
49
49
49
49
49
49
49
49
50
51
52
52
52
52
52
52
52
52
52
52
52
54
53
53
53
54
54
54
54
54
54
53
53
52
52
52
51
51
49
49
48
49
49
50
50
50
51
51
52
52
52
52
53
53
52
53
52
53
54
54
54
54
54
53
53
52
52
53
53
53
55
54
54
54
54
53
55
56
56
56
56
53
52
52
52
50
50
49
50
50
50
50
51
50
50
50
50
49
50
50
49
49
49
49
49
50
51
50
49
48
48
49
48
48
49
49
49
49
48
49
49
49
49
50
50
50
50
49
49
49
49
50
51
50
51
51
50
50
50
51
51
51
51
51
51
50
49
49
50
50
50
49
50
50
50
50
54
51
50
51
51
52
50
50
50
50
51
50
51
52
52
52
52
52
53
53
53
54
54
55
55
54
54
55
55
55
55
55
55
55
54
55
54
54
55
56
56
55
55
54
55
54
54
54
53
52
53
54
53
52
52
51
50
50
50
48
51
51
52
53
53
53
53
53
54
57
56
56
56
57
57
57
56
57
57
57
57
56
56
56
55
56
56
56
57
56
56
56
56
57
57
57
57
57
57
56
55
54
54
56
57
57
57
58
58
58
57
58
58
57
56
54
55
56
55
55
53
53
52
53
52
53
54
53
53
54
53
53
53
54
54
55
56
56
56
56
57
57
57
57
56
56
56
57
58
57
57
57
58
58
58
58
59
58
58
59
59
59
59
59
58
58
58
58
58
56
57
57
57
57
57
56
57
57
57
57
56
56
57
57
57
57
57
57
57
58
57
57
57
57
57
57
58
57
57
58
58
58
58
58
58
58
59
59
58
59
58
58
58
59
58
58
59
59
59
60
60
60
60
60
60
60
60
60
60
61
61
61
61
61
60
60
60
60
59
59
58
58
58
59
59
60
61
61
61
61
60
61
60
59
58
58
59
60
59
59
60
60
59
59
59
57
57
58
58
58
58
57
55
50
52
51
53
53
53
52
52
52
51
52
53
51
52
52
52
53
53
51
50
50
50
49
50
49
49
50
50
48
50
50
51
51
51
51
51
51
51
52
52
52
52
51
53
54
53
54
56
56
55
56
57
57
58
58
57
58
57
57
56
57
57
58
57
58
57
58
58
58
59
59
59
58
59
59
59
58
57
57
57
59
59
59
59
59
59
58
58
59
59
58
57
56
55
53
53
51
51
51
49
48
49
47
45
45
45
43
43
44
43
43
43
42
41
43
43
41
43
41
41
42
42
44
43
44
44
43
43
45
45
44
46
46
47
46
46
46
46
46
47
47
46
46
47
48
48
48
47
47
47
48
48
47
48
47
46
47
45
45
45
47
48
49
48
48
48
52
53
54
54
54
53
53
52
52
51
51
50
51
51
52
52
51
51
51
51
52
52
52
53
54
54
54
56
55
56
55
55
56
55
55
53
53
52
52
51
52
53
53
53
54
50
47
48
48
49
49
48
47
48
50
51
51
52
52
53
53
53
53
54
54
54
54
54
55
55
55
54
54
54
55
56
56
56
56
56
56
57
57
56
56
56
56
56
56
57
57
57
58
58
58
58
57
58
58
57
57
57
57
57
57
57
57
58
58
57
56
57
57
57
58
58
59
59
59
59
59
58
57
58
58
59
59
59
58
60
59
58
60
62
61
61
60
59
59
60
61
62
66
67
69
69
71
71
73
73
72
73
73
72
71
72
72
73
73
74
73
74
74
73
72
71
72
73
71
72
73
73
71
72
72
70
70
70
70
73
74
74
74
74
74
74
74
72
73
72
72
73
75
75
77
76
75
76
74
75
76
77
76
77
78
77
77
79
79
78
79
79
80
78
78
79
80
81
79
79
79
80
79
79
80
79
79
78
78
78
78
73
74
75
73
74
75
75
76
76
76
77
75
75
76
75
75
73
73
73
74
73
74
75
76
75
76
75
75
75
76
77
77
76
76
75
75
74
75
76
75
72
72
74
73
73
73
73
73
73
73
73
74
73
74
74
77
78
79
78
78
79
79
79
78
77
78
77
78
79
82
81
81
82
81
81
81
82
82
82
82
82
82
83
83
83
83
85
85
84
83
83
84
83
83
83
83
83
82
82
80
80
81
81
79
78
78
78
78
79
79
79
77
78
79
79
78
77
76
75
76
78
78
79
78
80
81
81
82
82
83
83
84
84
84
84
85
86
86
86
86
86
86
87
86
85
86
85
85
87
87
87
86
86
85
85
85
85
84
86
85
86
84
84
84
83
83
82
83
83
84
85
85
85
85
85
88
89
88
89
90
88
87
89
89
89
90
88
87
89
89
89
89
90
91
90
90
90
90
89
90
91
91
92
93
95
96
97
96
96
96
96
96
97
98
97
98
96
96
96
97
93
88
91
