177
178
177
177
175
176
176
176
172
171
172
170
171
173
173
173
175
176
178
178
177
176
175
174
172
170
170
169
169
170
169
167
167
169
169
167
168
169
167
169
170
171
173
174
173
172
170
169
168
169
168
171
172
175
176
177
181
179
179
179
181
185
185
184
185
184
186
186
185
187
187
189
180
183
183
178
178
175
175
175
175
173
175
176
174
175
173
173
174
176
179
176
172
167
170
173
172
173
174
174
171
174
175
174
178
182
183
182
182
181
179
180
180
181
181
179
178
181
180
182
184
187
187
187
177
174
178
175
178
179
175
174
172
171
172
172
173
172
168
166
166
167
168
167
166
166
165
166
164
164
163
169
168
167
168
168
167
165
165
164
164
164
166
164
164
164
165
165
160
165
164
161
161
159
158
162
164
164
166
164
165
164
166
166
166
167
170
170
180
180
173
173
172
172
175
177
175
174
174
172
172
175
176
176
175
175
174
172
173
175
173
171
172
171
173
175
175
175
178
176
176
175
176
176
176
176
175
176
178
175
175
173
173
174
167
168
166
163
163
161
159
158
158
157
156
157
156
156
154
164
150
153
156
158
157
154
155
159
156
157
158
158
159
164
160
162
159
162
162
162
162
164
164
162
163
159
161
163
164
161
162
161
161
158
156
157
160
161
164
164
163
158
156
155
158
153
154
155
156
155
155
155
155
154
155
154
152
152
152
154
154
155
154
153
144
148
147
149
147
148
149
151
150
151
152
153
154
153
153
154
152
153
154
154
155
155
155
153
153
153
153
155
156
156
155
156
157
156
157
161
161
162
162
163
162
161
161
160
160
159
159
158
158
157
158
159
160
161
160
160
159
158
156
155
155
152
159
158
162
163
163
162
164
165
166
166
170
170
170
170
170
168
169
169
170
170
172
172
174
174
174
173
173
171
173
173
174
172
170
170
167
166
165
165
165
163
168
167
163
164
165
163
160
159
156
155
159
155
158
161
161
161
160
161
165
173
167
165
165
165
165
171
174
171
171
173
173
174
176
176
179
181
181
181
183
183
184
182
181
182
183
183
181
182
180
181
182
180
177
181
181
179
180
184
185
184
187
186
186
180
178
176
178
177
175
176
172
173
170
171
168
170
170
168
168
169
167
168
166
169
152
138
142
139
137
135
135
136
135
136
136
137
140
138
138
138
137
138
138
136
135
134
132
132
130
128
130
130
129
129
132
133
133
134
133
132
132
133
131
132
133
134
139
140
139
140
138
137
138
138
136
135
137
137
137
137
136
135
134
134
134
136
135
135
134
135
134
134
130
130
132
133
132
131
131
132
133
128
131
132
131
132
135
136
137
136
137
137
136
135
134
134
135
136
139
141
139
139
138
137
135
135
133
134
134
133
133
131
130
132
134
135
133
133
131
130
130
131
130
126
126
126
126
127
125
124
128
122
120
121
120
118
118
117
117
118
117
114
112
105
110
108
109
109
110
109
109
110
109
111
112
109
109
109
108
110
114
112
111
110
110
110
110
108
105
112
117
115
118
119
120
119
120
122
119
119
119
118
117
117
118
116
115
114
114
112
109
111
111
111
114
127
131
137
134
132
124
119
119
121
119
119
123
123
124
126
126
123
124
125
125
122
119
118
118
118
114
113
114
115
116
112
112
111
113
114
113
113
114
112
110
112
110
106
105
103
104
105
101
99
101
100
104
108
107
107
108
111
111
111
115
113
103
89
85
85
84
84
84
88
90
89
88
89
91
89
90
92
91
92
94
94
96
97
98
97
97
97
98
98
97
96
97
98
98
97
96
96
96
97
96
96
98
93
94
96
94
91
91
92
93
92
94
95
95
95
94
94
94
95
94
94
93
95
94
93
91
90
87
87
90
86
86
86
87
89
90
92
93
93
94
94
94
94
96
96
96
86
94
93
95
95
93
92
94
94
97
96
98
98
93
88
88
89
89
90
90
88
90
92
94
96
99
99
99
99
99
99
100
99
99
100
101
99
97
98
98
90
93
95
96
95
102
105
108
109
109
109
108
108
109
109
109
108
107
106
106
104
104
104
103
103
104
103
100
101
101
99
99
100
100
99
100
99
99
97
97
98
100
101
101
101
100
104
104
104
102
101
100
98
98
98
99
97
97
96
97
98
99
98
99
98
98
98
100
100
97
103
107
107
112
112
113
113
110
111
113
113
112
110
108
105
105
107
108
107
109
109
108
104
103
102
97
94
93
93
93
91
90
90
90
91
91
91
89
89
89
88
88
86
87
87
90
89
88
88
90
91
91
90
88
87
88
81
76
76
77
76
78
78
80
79
80
79
78
79
78
79
79
79
80
80
80
81
80
79
79
80
80
80
80
80
81
81
81
80
78
80
79
79
80
81
83
82
82
81
78
80
80
80
81
80
80
79
80
80
79
80
80
80
81
82
82
81
80
81
80
80
83
82
84
82
79
76
77
73
75
71
69
68
68
67
67
66
67
68
70
69
69
69
70
69
70
70
71
70
72
72
72
71
71
71
73
73
73
73
74
74
75
73
71
72
73
72
72
71
72
73
72
73
74
74
73
75
74
76
76
75
76
76
76
77
86
88
87
84
84
84
85
86
85
85
85
85
85
86
87
86
87
87
88
90
90
91
90
91
92
91
90
90
91
91
90
89
88
88
89
89
88
89
88
89
89
90
89
89
86
87
85
85
85
86
86
85
87
89
89
91
92
90
90
91
90
95
92
91
88
85
85
86
87
86
87
87
90
89
90
90
92
92
93
94
94
95
97
100
96
98
100
102
101
96
97
97
96
98
98
99
101
102
103
103
103
103
104
102
104
105
104
105
105
106
107
104
108
110
113
114
116
119
118
118
117
116
108
111
109
103
107
