91
91
91
91
90
91
91
91
89
89
90
89
89
90
90
89
89
90
90
90
90
90
88
89
89
88
88
87
87
86
86
85
84
85
86
85
84
85
86
88
87
88
89
89
87
84
84
84
83
83
84
85
86
87
85
85
84
83
84
85
87
88
88
88
88
89
90
89
90
91
91
91
88
87
89
88
88
88
88
88
87
86
86
87
86
86
84
87
87
87
88
86
84
83
83
84
84
84
84
85
85
86
87
88
88
88
90
91
92
92
92
93
92
93
93
92
91
90
93
95
98
99
100
100
99
99
99
98
99
99
100
96
97
97
97
98
100
99
98
97
97
98
99
98
99
100
100
103
103
104
105
107
106
106
109
109
107
107
107
108
108
106
107
107
107
107
106
107
106
106
108
108
109
106
106
110
110
111
110
110
111
110
110
111
110
111
110
109
109
111
111
112
112
112
113
113
113
112
111
111
112
114
113
114
115
113
113
110
109
110
111
112
112
110
111
111
111
110
113
114
117
116
117
119
118
118
118
117
118
118
117
117
117
116
115
118
118
120
120
119
118
117
114
114
117
116
113
115
112
111
110
111
113
112
114
114
116
117
118
118
119
119
120
121
122
122
120
123
124
124
124
125
126
121
122
120
121
123
123
122
124
124
123
124
122
122
125
125
125
126
128
124
122
123
124
121
122
122
124
126
127
128
128
128
127
126
122
116
119
120
119
119
119
119
118
119
122
121
120
120
119
121
119
119
120
122
123
121
121
121
123
123
123
126
126
128
126
126
125
126
125
127
126
125
128
126
124
125
124
125
126
126
126
126
125
124
123
123
124
124
124
123
121
122
123
123
123
123
123
122
113
112
112
112
112
112
112
112
114
114
114
115
115
115
116
116
118
117
117
117
116
116
116
117
117
116
117
117
116
116
115
116
115
115
117
117
118
117
114
114
113
111
112
112
109
109
110
111
108
106
108
103
101
99
100
99
105
105
106
109
106
108
109
109
111
109
112
112
111
110
110
112
112
113
114
111
108
110
110
110
109
112
114
115
115
114
113
112
116
118
115
110
110
110
107
106
106
104
105
110
112
112
113
114
113
113
113
113
112
110
107
107
107
110
107
106
103
105
104
105
105
108
108
107
108
110
109
109
109
113
114
112
113
112
115
115
116
117
118
118
118
118
117
117
118
118
118
116
117
116
115
113
113
111
111
111
113
112
113
113
115
116
116
115
116
113
114
114
115
115
113
113
114
112
111
112
111
110
112
114
113
113
114
114
113
114
113
114
113
117
119
122
121
121
121
121
120
120
122
123
124
124
125
125
125
125
125
124
124
124
123
124
126
126
124
125
125
126
126
127
125
124
124
125
125
125
126
126
125
124
124
124
126
126
125
125
124
122
123
123
124
125
124
123
124
123
121
120
118
117
118
118
115
118
117
116
116
116
116
117
118
116
115
115
115
116
115
113
111
106
108
106
108
111
111
109
109
109
107
108
110
106
105
106
106
106
107
105
104
102
104
100
102
99
100
101
101
99
102
104
104
103
106
106
104
104
104
105
104
103
105
104
108
108
107
106
107
109
109
110
111
109
109
109
102
103
102
102
102
105
104
106
106
105
104
104
105
108
106
107
106
104
106
105
104
104
102
102
104
103
103
100
101
101
103
104
104
104
105
104
101
101
99
96
94
94
95
95
93
90
93
89
91
91
91
91
92
94
94
94
93
94
95
99
98
96
98
93
95
98
101
102
101
103
104
101
102
105
105
105
107
108
107
107
108
106
106
107
106
106
107
110
116
113
113
114
112
112
111
114
114
112
113
111
112
111
112
112
112
114
115
116
116
117
117
115
115
115
116
115
115
114
114
113
112
112
111
112
112
114
114
114
113
114
113
111
111
111
112
114
116
117
117
115
116
117
119
119
119
118
117
116
115
116
115
116
118
118
118
120
115
110
109
111
112
115
115
112
113
114
116
118
119
120
119
120
119
119
119
118
118
118
118
116
116
114
114
113
115
115
118
118
119
119
119
118
119
119
119
117
118
119
119
118
118
118
118
117
116
117
117
116
116
115
112
113
114
115
115
115
116
116
118
118
115
114
116
117
120
122
121
120
121
120
120
116
115
115
117
116
117
116
117
117
124
119
118
120
118
119
120
119
119
118
120
124
123
128
130
132
132
132
134
132
132
132
131
132
132
130
132
134
137
137
136
136
138
138
140
138
137
136
136
136
135
136
136
135
136
136
135
136
136
139
138
138
139
139
140
141
141
141
140
140
141
141
140
152
154
152
150
149
148
147
148
149
150
150
149
151
152
152
152
152
151
152
151
154
150
151
151
154
155
153
152
153
154
153
153
154
153
153
157
156
156
157
154
155
154
152
153
155
154
155
155
155
157
155
155
156
155
156
150
149
149
151
150
154
156
158
162
160
159
158
157
155
155
155
156
156
157
156
156
156
158
156
153
155
158
159
159
158
159
159
159
159
161
162
162
160
158
161
162
161
161
158
162
165
163
163
160
161
163
162
160
161
159
163
163
163
163
163
165
165
166
166
167
166
166
167
166
165
165
158
163
165
165
166
163
165
166
165
166
166
164
163
163
164
165
163
161
161
161
162
160
161
160
159
160
163
165
164
164
163
162
165
170
169
169
172
174
175
178
178
177
177
178
178
177
177
179
181
181
182
182
182
184
183
183
185
187
186
186
185
187
189
189
188
188
188
188
211
202
196
200
198
197
193
193
190
192
192
190
200
193
194
195
190
192
192
189
197
191
193
193
191
188
191
193
192
192
191
193
192
194
194
195
194
194
195
195
197
198
198
197
202
201
200
203
203
203
206
208
206
207
205
204
204
207
201
200
202
199
201
197
198
193
178
188
