119
119
119
120
119
120
120
121
121
122
125
122
122
124
124
125
126
126
125
126
126
126
125
125
126
124
125
126
125
125
126
126
125
126
127
127
125
124
122
122
124
123
124
124
123
120
120
121
122
123
123
124
124
124
123
119
119
119
119
120
121
121
121
121
122
121
122
122
121
124
124
125
122
120
124
126
124
125
124
125
123
122
123
124
123
122
119
121
122
124
125
123
122
121
121
121
121
123
124
125
124
126
128
128
128
130
130
130
131
130
129
131
132
132
132
131
131
128
127
127
127
127
128
126
126
126
126
126
127
127
125
125
125
125
125
124
126
126
124
123
123
124
125
125
126
127
127
129
130
130
130
132
132
132
134
135
134
134
134
134
134
132
133
133
132
130
129
130
128
128
130
130
131
130
130
132
132
132
133
133
132
126
124
129
126
127
127
126
125
126
124
126
126
125
127
126
127
126
126
127
128
129
129
130
130
129
129
128
127
128
129
129
129
129
130
130
132
132
133
134
136
137
137
138
138
139
139
138
139
138
138
139
140
139
138
140
141
141
140
142
140
138
137
136
136
137
136
137
132
132
133
133
134
134
134
134
136
137
136
135
136
135
135
136
135
134
135
136
137
137
139
139
137
134
135
133
135
137
137
135
136
135
135
135
133
132
133
134
135
137
137
135
132
134
134
131
131
130
130
131
131
131
132
132
132
138
138
138
139
138
137
138
138
140
140
140
141
141
140
139
139
139
139
140
141
142
142
141
141
142
141
141
141
143
145
146
145
146
146
146
146
147
150
148
149
147
146
147
146
147
146
146
146
146
146
145
144
144
145
145
145
143
143
143
144
144
143
143
143
151
147
146
144
144
144
143
144
145
148
146
147
147
148
149
150
151
151
150
151
151
151
151
151
151
151
150
149
150
149
148
147
147
147
147
148
150
151
149
147
147
147
145
145
147
146
145
146
148
145
143
147
144
142
140
140
139
142
144
146
149
149
151
152
151
154
154
157
158
159
156
157
158
158
158
157
157
156
157
157
156
156
158
158
159
160
160
157
156
157
159
159
158
154
156
153
152
151
151
151
154
159
156
158
160
160
159
159
159
157
155
152
151
152
153
152
150
147
148
145
147
145
149
150
158
154
158
154
155
155
157
159
158
163
161
163
163
164
166
166
168
167
167
168
168
168
168
168
168
168
167
167
167
166
167
166
166
168
168
169
168
170
170
172
171
172
170
170
172
173
171
170
171
172
171
170
171
171
169
170
171
170
168
169
168
168
170
175
170
172
170
169
170
170
169
168
171
172
170
173
175
176
175
176
177
177
177
176
177
178
177
176
175
176
176
174
175
175
176
177
177
174
174
174
175
177
178
178
176
176
176
175
175
174
175
173
174
174
173
174
174
176
177
177
177
177
176
175
175
173
162
164
164
166
168
167
165
168
167
166
169
168
167
168
168
169
171
170
168
165
155
159
157
159
162
163
159
157
159
158
159
162
158
157
158
159
160
162
160
158
156
155
152
156
153
153
155
158
155
161
164
166
168
174
174
174
174
175
175
173
174
175
174
177
178
182
183
183
185
186
188
187
187
187
187
185
186
186
184
184
188
186
191
190
191
191
193
194
195
194
191
188
188
189
187
186
185
185
184
186
183
186
184
185
186
188
190
189
191
192
190
186
186
185
180
179
177
175
177
171
168
172
167
168
171
168
167
169
170
170
157
162
161
162
166
162
161
161
158
161
165
168
170
171
171
172
170
171
172
170
169
171
171
172
172
172
172
171
172
174
174
176
178
180
181
181
182
179
181
182
184
182
181
185
179
179
178
178
178
177
178
179
177
176
180
180
178
178
176
180
176
178
176
176
177
175
175
174
176
175
177
176
177
177
178
180
180
181
179
173
175
174
172
172
170
171
171
172
174
174
173
174
172
168
170
168
169
170
170
171
172
167
166
166
168
167
171
169
167
167
169
170
172
170
171
173
172
170
172
174
172
165
163
166
167
169
170
171
170
170
170
171
172
172
172
174
173
174
173
173
173
176
177
177
176
177
178
179
178
177
181
182
180
180
179
175
179
177
176
178
178
178
176
178
182
180
178
180
182
182
181
182
181
182
181
181
179
177
175
174
173
173
173
174
171
174
171
171
170
169
169
173
172
170
171
171
173
173
177
180
179
179
181
181
181
181
183
183
184
183
182
182
181
182
183
184
184
183
183
186
186
188
186
188
185
185
186
186
186
186
186
184
184
185
185
185
187
188
186
186
189
190
188
187
188
186
186
187
189
191
191
190
190
192
190
192
192
193
192
195
204
206
205
204
207
206
208
207
210
209
210
210
212
213
211
212
212
211
211
211
211
210
212
214
211
211
211
209
209
207
204
204
207
207
208
207
206
207
207
208
208
208
206
205
206
207
208
207
209
212
214
216
216
218
219
218
216
217
219
221
221
222
222
222
222
223
223
220
220
222
224
225
226
226
226
229
228
230
231
230
229
229
229
229
227
229
227
231
233
234
233
233
233
233
232
231
232
231
233
233
235
233
234
235
237
238
237
236
236
234
236
233
235
236
234
234
232
227
234
236
236
237
236
236
236
234
230
231
234
234
233
229
228
228
231
232
230
231
229
230
232
231
229
230
230
230
236
237
237
235
236
238
238
242
246
246
246
245
244
240
241
243
249
250
250
251
252
252
252
249
252
250
251
251
250
253
256
255
255
256
257
252
258
259
258
257
258
259
260
258
258
257
256
256
256
255
256
258
261
261
261
261
265
263
266
264
262
258
259
262
261
256
255
255
254
255
261
260
258
259
260
261
262
262
260
261
263
267
266
269
269
269
274
276
276
277
276
275
276
277
277
280
283
280
281
280
281
285
261
268
