30
30
30
30
30
30
30
30
29
29
29
28
28
29
29
29
29
30
30
28
28
28
28
28
28
28
28
28
28
29
30
30
29
30
30
30
30
30
30
30
30
30
32
32
32
32
32
32
31
31
32
32
32
32
33
33
33
32
33
33
33
33
33
33
33
32
33
33
33
33
33
33
33
33
33
33
33
32
32
32
32
32
32
32
32
32
32
33
33
32
33
32
32
32
32
32
32
32
33
33
32
33
33
33
33
34
34
34
33
33
33
34
34
34
34
33
33
33
34
34
34
34
34
34
34
34
33
33
34
34
33
32
33
33
34
34
35
35
34
34
34
34
34
34
35
35
34
35
35
35
35
36
35
36
36
36
36
36
36
36
36
36
36
37
37
36
37
36
36
36
36
36
36
37
37
37
37
38
37
38
38
38
38
38
39
39
38
40
39
39
38
39
39
39
40
41
41
40
41
41
37
38
38
39
38
38
37
36
36
36
36
36
36
35
36
36
36
36
37
37
37
37
37
37
37
37
37
37
37
37
37
37
37
37
37
37
37
36
36
36
35
34
34
34
34
34
34
34
33
33
33
35
35
35
35
35
35
35
34
34
34
34
35
35
36
37
36
36
37
36
36
36
36
37
36
36
36
37
37
36
37
37
37
36
36
36
36
36
36
37
37
36
35
36
36
35
35
35
35
35
35
35
35
34
34
34
34
34
34
34
34
34
34
34
34
35
35
35
35
34
35
34
34
34
34
35
34
34
34
34
34
34
34
34
35
34
34
34
33
33
33
34
34
34
34
34
33
33
33
33
33
33
34
34
33
34
33
33
33
32
32
31
31
32
32
31
31
32
32
32
32
32
32
32
32
32
33
32
33
33
33
33
33
33
34
35
35
36
37
37
37
37
37
38
38
38
38
38
38
38
38
38
38
37
38
38
38
38
37
37
38
37
38
38
38
38
38
39
38
38
38
38
39
39
38
38
39
38
39
40
40
40
40
40
40
40
41
40
41
40
40
41
41
41
41
41
41
41
40
41
41
45
45
45
45
45
46
45
45
45
46
45
45
45
46
45
46
46
45
46
46
46
47
47
47
47
47
47
47
47
47
47
48
49
48
48
46
46
45
47
46
46
47
47
46
47
47
47
46
46
47
47
48
47
48
48
48
48
48
48
48
49
49
50
48
49
52
53
53
53
53
52
52
52
52
53
53
53
53
53
53
54
54
54
53
52
52
52
53
52
52
52
52
52
52
52
52
52
52
52
51
51
52
52
52
52
52
51
51
50
50
51
50
50
51
51
51
51
51
51
50
50
52
51
50
51
49
48
48
49
48
48
49
49
49
49
49
49
49
48
48
49
49
50
50
51
50
50
50
50
50
49
49
50
49
50
50
51
51
51
52
52
53
53
53
53
53
53
53
52
52
52
53
53
53
53
53
54
53
54
53
53
53
54
54
56
56
55
51
47
49
49
49
49
49
48
48
49
48
49
50
49
50
50
50
48
50
50
49
49
49
49
49
49
48
48
48
48
49
49
48
48
49
49
50
50
49
50
50
50
50
50
51
50
50
49
50
50
50
51
52
52
52
50
49
50
48
45
45
47
46
45
50
51
51
52
53
53
53
53
53
53
54
53
54
54
53
54
55
55
55
53
54
54
54
54
54
53
55
54
53
54
54
53
54
53
54
54
52
51
53
52
52
53
54
54
54
54
54
56
56
57
54
54
53
53
54
53
53
54
56
55
54
55
55
55
57
57
56
55
58
58
58
58
57
56
56
58
58
58
58
58
59
59
59
58
58
58
58
58
58
58
59
58
58
58
57
57
56
57
56
57
57
58
58
58
57
57
57
58
58
57
57
57
57
58
56
58
58
55
55
55
54
57
54
55
52
53
53
53
54
54
54
53
53
53
53
52
53
53
54
54
54
54
54
54
55
54
55
55
53
54
55
56
56
57
56
56
57
57
58
58
58
58
58
58
59
59
59
60
60
61
62
61
61
62
61
60
61
62
62
62
61
62
62
63
62
62
62
64
65
65
64
64
63
63
63
62
62
63
63
62
63
62
61
61
61
61
62
62
63
63
64
64
64
64
64
63
64
64
64
64
64
65
65
64
64
65
65
65
65
65
63
63
64
63
63
64
62
62
62
62
62
61
62
63
62
63
63
64
64
63
64
68
68
69
69
70
69
69
68
67
67
68
67
67
68
68
67
68
68
68
67
69
69
68
68
67
67
67
66
67
66
66
66
66
65
65
67
66
67
67
67
67
66
66
65
66
66
66
65
65
66
66
66
66
66
66
68
68
69
68
69
69
68
69
69
69
68
69
69
68
67
68
67
67
67
67
67
67
67
67
67
68
67
67
66
66
66
66
65
66
66
66
66
65
64
63
64
63
63
64
64
64
63
64
64
65
65
65
65
65
66
65
64
65
65
65
65
65
65
66
65
63
61
61
62
63
62
62
62
62
63
64
63
64
63
64
63
62
63
61
62
62
62
61
60
60
61
58
57
56
56
57
57
58
58
58
58
57
56
56
55
55
54
56
55
55
54
55
55
54
53
54
54
55
55
55
56
56
55
56
56
56
56
55
56
55
54
54
59
59
59
59
59
58
59
59
59
58
59
59
59
59
59
59
59
61
61
61
61
61
61
61
61
63
63
64
65
65
64
65
65
65
65
66
65
65
65
63
63
63
63
63
64
64
64
64
64
64
64
64
64
64
64
64
64
65
64
64
65
64
64
65
72
72
73
72
72
72
71
73
76
76
76
78
77
77
77
77
77
77
77
76
76
78
79
80
80
81
81
81
81
81
81
80
81
82
81
80
81
83
84
82
82
82
84
84
85
85
85
85
85
84
82
81
79
75
78
