72
72
71
71
71
71
71
72
70
70
72
71
71
74
76
78
78
79
78
80
79
79
80
80
82
81
82
81
81
82
81
81
82
82
80
80
79
77
76
79
80
80
80
80
78
76
74
72
75
75
76
76
76
77
75
74
73
72
73
74
74
76
74
76
76
75
76
75
75
76
78
78
76
78
78
77
77
76
75
75
74
73
75
76
76
75
73
75
74
77
79
78
78
76
80
80
80
79
78
77
78
78
78
79
80
80
78
77
77
77
75
78
78
78
77
79
81
81
79
80
79
80
81
81
81
79
80
79
79
79
77
77
78
76
77
76
77
77
76
76
77
76
76
76
77
76
77
78
78
80
79
79
79
79
80
79
78
78
77
76
78
76
76
76
75
75
76
76
74
76
78
79
79
80
81
79
78
77
75
74
75
74
74
76
77
76
74
76
75
75
75
74
75
74
75
74
75
74
77
78
80
79
79
78
78
78
76
76
77
80
80
82
81
80
80
79
80
80
81
82
84
83
84
83
84
84
83
82
81
82
82
83
82
82
79
83
84
84
83
87
88
86
86
85
85
85
84
86
86
88
86
84
84
84
85
84
85
85
87
87
87
86
87
88
85
87
86
86
85
83
85
88
87
86
86
86
88
88
89
87
89
88
87
86
85
86
85
83
84
86
88
87
85
88
88
88
88
88
90
91
93
93
93
94
93
93
89
90
90
89
90
91
91
90
88
89
89
89
90
89
89
89
89
91
89
89
91
91
91
93
93
93
93
94
93
92
89
87
88
88
88
88
88
88
88
88
86
88
86
86
87
85
86
85
84
84
84
82
82
82
81
78
78
78
77
77
77
77
77
78
78
76
75
75
77
75
75
75
76
75
75
75
76
76
76
77
77
77
77
79
79
78
78
78
77
76
74
75
75
75
74
73
73
73
74
73
72
71
70
70
69
68
67
69
68
67
68
67
65
64
65
63
63
63
62
64
70
67
67
69
68
68
65
66
68
68
67
69
66
68
70
73
74
72
73
72
71
72
72
72
73
74
72
71
69
67
65
65
65
64
60
55
55
55
52
52
57
55
58
64
61
58
56
57
56
55
56
53
53
55
52
51
49
50
49
48
47
49
47
48
49
50
49
49
49
49
47
45
47
49
50
51
52
52
51
52
52
52
51
52
50
52
51
51
54
53
51
50
49
51
50
49
49
46
46
48
45
45
46
46
48
48
49
48
50
52
51
52
51
52
51
54
55
56
55
56
56
56
58
61
60
61
61
60
61
62
61
61
61
62
63
65
65
64
62
62
64
63
64
63
61
61
59
59
59
58
58
57
57
56
55
55
56
55
55
55
55
55
53
52
52
53
54
53
51
50
51
50
51
51
49
49
49
48
47
47
47
46
47
45
46
48
47
46
43
41
41
41
43
42
42
43
42
39
39
39
39
36
37
36
36
39
38
37
36
36
37
36
35
33
35
35
36
38
38
37
38
38
38
37
36
36
36
36
36
37
39
38
36
35
35
34
35
35
32
31
33
31
33
34
37
37
38
36
33
33
34
35
35
35
36
33
32
31
28
29
32
30
30
31
35
34
35
34
33
32
30
30
32
34
33
32
32
30
31
30
30
29
28
28
29
28
27
25
26
26
25
22
22
22
22
22
21
21
22
24
24
25
24
23
25
26
25
23
24
26
26
24
24
22
22
20
22
27
26
26
27
28
28
28
27
28
29
29
30
30
28
26
27
28
27
28
25
24
24
22
23
24
24
23
25
28
32
32
33
31
29
31
30
30
32
34
34
33
32
32
30
31
31
34
32
32
33
33
32
32
34
35
35
38
38
36
36
38
38
39
37
39
39
40
41
42
44
43
43
43
42
41
42
43
44
42
41
38
40
38
40
40
41
42
44
42
42
43
43
43
44
45
46
44
45
43
43
43
43
43
45
45
47
46
43
43
44
45
44
43
43
42
44
44
44
44
45
45
43
43
43
43
42
41
41
41
42
41
40
40
39
39
40
40
40
41
39
38
39
39
39
39
39
41
40
39
41
40
40
40
40
39
38
40
40
42
41
43
42
43
41
39
38
38
38
37
39
38
38
38
37
38
38
39
39
39
39
39
40
39
38
38
39
38
39
38
38
38
37
36
37
35
35
35
34
32
32
32
33
33
32
33
32
32
34
35
35
35
35
36
35
36
37
36
39
36
36
37
38
39
39
39
40
36
36
35
34
34
34
34
34
34
35
35
34
34
34
32
34
34
34
33
34
34
34
34
33
34
35
34
34
34
34
35
36
33
33
32
33
34
34
33
33
34
33
33
33
33
31
31
30
31
29
28
28
28
28
28
29
28
28
28
28
28
28
28
28
28
27
28
27
27
27
27
28
28
29
29
29
29
30
30
30
30
30
29
29
28
28
28
27
28
28
27
28
27
28
26
26
26
26
26
26
26
25
26
25
26
25
25
25
25
26
25
25
24
24
24
23
23
23
22
22
22
22
22
23
23
24
23
23
23
22
22
21
22
22
23
23
23
24
23
23
22
22
21
22
22
22
22
22
23
22
23
22
21
21
22
22
22
22
21
20
18
18
18
17
17
17
17
17
17
18
17
17
18
18
18
18
19
18
17
17
17
17
18
18
18
18
17
17
18
18
19
19
19
19
19
19
19
19
20
20
20
19
20
20
20
20
20
20
20
20
20
20
20
19
19
19
19
19
18
18
18
18
18
18
19
18
18
19
19
19
19
19
18
17
17
17
18
17
17
18
17
18
18
18
18
18
18
17
16
16
16
17
16
16
16
16
16
16
16
17
17
17
17
18
18
18
18
17
17
17
17
17
17
17
17
17
16
16
17
17
16
15
15
15
15
14
14
13
13
14
