54
54
55
54
54
54
54
54
54
54
55
54
54
55
54
54
55
55
55
56
56
56
56
57
57
57
57
57
57
57
57
57
58
59
58
58
58
58
58
58
58
58
58
58
58
58
57
57
57
57
57
58
58
60
60
61
61
62
63
63
63
63
63
64
64
64
64
66
66
67
67
67
66
67
67
67
67
67
66
66
66
66
66
67
66
67
67
67
68
68
68
67
66
66
66
66
66
66
66
66
65
66
66
67
67
69
69
70
70
70
70
70
70
70
70
71
70
70
71
71
72
75
76
76
76
77
77
77
76
77
76
75
76
76
76
76
77
77
77
75
75
76
76
76
76
76
76
76
77
77
78
79
80
80
81
81
79
79
79
79
80
77
77
78
76
75
74
75
74
75
76
76
76
76
76
78
77
76
76
79
79
80
81
82
82
82
84
84
85
85
84
85
85
85
86
85
86
86
86
86
87
88
87
89
89
89
88
88
86
87
87
87
87
85
86
86
87
87
89
88
89
89
90
91
90
90
90
89
89
90
89
90
90
90
90
91
91
91
91
91
92
90
89
88
88
89
92
95
92
91
93
94
94
93
94
95
95
95
96
95
96
97
98
97
96
97
97
101
101
100
101
101
101
99
100
99
100
101
102
100
99
98
98
99
97
98
98
99
99
100
100
98
97
98
99
97
97
97
99
99
102
101
100
99
96
96
96
96
95
95
96
97
96
98
97
98
99
99
97
96
95
95
96
96
96
97
97
97
97
97
97
98
98
98
98
100
98
97
96
96
97
96
96
96
97
96
94
95
94
94
92
93
93
93
92
92
91
92
93
94
95
94
94
95
96
96
95
93
92
93
93
92
91
92
91
90
90
90
92
92
92
94
94
94
95
95
97
96
97
97
97
96
96
97
97
97
97
98
99
99
101
101
101
101
102
102
103
103
102
101
101
100
100
101
101
99
99
100
98
96
97
95
96
94
95
94
98
97
97
98
96
99
98
100
105
103
105
104
105
105
104
105
104
104
103
103
105
104
103
104
104
106
106
107
107
107
106
106
107
108
109
107
107
109
107
106
105
104
103
103
106
107
111
110
111
110
110
109
109
108
107
108
109
109
109
108
105
106
105
107
106
107
107
107
105
106
103
99
100
104
106
107
107
107
107
107
107
107
107
106
107
108
109
109
110
109
109
109
110
108
107
106
105
106
105
105
107
107
109
109
110
112
112
112
112
108
109
110
111
108
108
109
109
109
109
110
109
109
109
108
108
106
108
109
109
108
109
108
108
106
104
106
106
105
104
106
106
107
107
107
108
107
107
107
107
107
107
106
105
105
104
103
103
101
99
102
101
101
101
102
101
100
100
101
101
101
101
100
100
98
97
97
96
97
95
97
97
99
99
100
100
100
100
100
100
99
98
100
103
104
105
105
109
110
109
109
109
110
109
110
109
108
108
109
109
109
110
109
107
99
105
103
104
105
104
102
101
104
103
104
107
106
106
107
106
106
107
106
105
103
105
104
107
105
107
108
109
107
108
110
110
109
112
113
112
111
110
113
110
113
113
113
118
118
117
119
118
119
118
118
119
119
119
117
117
118
119
118
118
123
124
126
127
127
126
126
126
126
125
124
124
123
124
126
127
126
126
126
127
128
128
127
126
127
127
126
126
127
126
125
123
123
125
124
123
122
124
126
121
118
121
120
119
119
119
118
119
119
122
127
125
126
128
126
126
125
126
124
123
121
122
120
122
124
124
125
124
125
124
125
125
125
125
125
122
124
123
123
122
121
123
123
123
124
123
123
123
123
122
123
124
121
123
124
126
127
127
126
125
127
126
125
126
127
126
126
127
126
126
128
129
127
127
125
126
127
127
129
131
132
131
131
131
131
130
130
130
130
130
130
130
130
131
129
133
132
133
134
134
137
136
136
135
136
136
136
136
136
135
136
132
135
135
134
136
135
134
137
138
138
139
140
138
139
139
139
138
139
138
135
136
136
136
137
138
140
140
141
141
141
141
140
140
141
142
142
142
141
142
142
142
143
141
141
142
141
142
140
140
140
140
141
140
139
136
136
138
137
137
137
138
138
140
139
138
139
140
139
137
135
138
137
137
137
137
137
136
137
138
137
138
138
137
137
137
138
140
142
136
137
137
135
135
134
135
136
143
148
148
150
150
147
146
145
147
147
148
149
149
149
152
150
149
151
148
149
149
146
143
143
143
143
143
142
143
144
143
143
144
143
142
143
143
146
147
148
148
148
147
147
146
145
146
148
147
147
146
149
142
144
145
145
145
145
147
147
148
148
148
149
151
152
152
152
152
153
154
154
153
154
155
156
154
154
153
153
155
154
155
154
154
155
155
154
157
156
154
154
153
150
151
152
152
153
153
152
151
150
155
153
151
152
151
152
153
153
153
154
156
156
156
156
157
156
155
156
157
158
160
160
160
158
158
158
160
159
157
159
163
162
162
162
163
163
163
164
162
163
161
160
161
161
161
161
162
162
163
163
164
164
162
161
163
162
162
163
161
162
163
164
164
166
166
167
167
166
167
167
168
169
168
169
170
170
169
170
173
174
172
173
174
174
173
176
181
178
180
181
179
178
177
177
177
179
179
179
178
180
183
183
182
184
184
180
181
182
183
182
180
182
183
183
183
185
186
185
184
185
184
185
187
188
188
187
187
188
189
187
187
189
188
188
188
187
188
189
189
189
190
182
180
180
181
180
185
184
185
187
187
185
185
184
184
184
184
183
185
186
186
186
187
190
189
191
189
185
184
185
187
188
186
187
189
190
191
189
188
187
187
188
187
188
189
187
186
189
190
190
193
194
194
194
199
197
197
197
196
197
197
198
204
211
210
210
209
210
204
195
201
