69
69
69
68
67
68
69
68
67
68
70
70
70
71
71
72
73
74
73
73
73
73
72
72
72
71
71
71
71
71
72
72
71
72
72
72
73
72
72
73
74
74
75
75
75
75
75
75
76
76
77
77
77
78
78
79
82
79
79
79
79
79
80
80
80
80
81
81
81
80
80
81
78
78
79
77
76
76
75
75
75
75
75
76
74
75
74
75
77
76
76
73
72
71
72
72
72
74
75
74
74
75
74
74
74
77
78
79
79
78
79
79
80
79
79
78
77
77
76
76
74
75
73
75
75
74
73
74
73
73
72
72
72
72
73
72
72
74
73
74
74
75
75
75
76
76
76
77
78
79
78
77
77
77
78
77
77
76
77
78
80
79
81
79
79
78
77
78
77
78
78
79
80
80
82
84
84
86
86
86
89
87
88
90
88
88
87
90
92
92
91
92
91
90
91
90
90
90
88
87
86
85
85
85
86
85
86
85
86
88
87
87
87
87
87
87
85
85
87
87
87
87
88
88
88
90
89
88
88
88
89
89
88
88
89
91
91
90
91
91
91
93
90
90
89
91
91
93
92
92
92
91
93
93
95
93
95
97
97
98
99
97
96
94
94
95
94
96
96
95
96
95
95
94
96
94
95
94
95
93
94
92
92
91
90
94
93
91
91
90
91
88
87
88
90
89
88
88
89
90
91
92
92
92
91
90
89
89
90
94
95
97
97
96
97
97
98
99
101
100
100
100
101
101
102
101
100
101
101
101
100
100
101
100
100
100
100
100
99
98
98
98
97
99
98
98
99
100
99
101
102
102
102
102
101
101
102
104
104
104
104
104
104
104
105
104
104
103
103
107
107
108
107
107
105
105
107
107
110
109
110
109
110
109
109
108
109
110
109
110
110
110
111
110
111
111
111
113
113
113
112
114
113
111
114
113
113
112
110
110
110
109
111
111
110
110
110
112
111
111
111
110
108
107
105
105
107
109
110
111
111
111
111
113
113
112
116
112
112
111
110
112
114
113
112
113
113
113
113
114
114
117
117
118
120
120
121
119
116
116
116
115
112
113
111
109
111
110
109
112
114
113
114
113
113
113
112
113
111
111
109
110
110
111
111
111
110
110
108
110
110
112
117
118
118
120
118
118
117
119
118
119
119
117
117
118
120
120
121
122
122
121
121
119
118
119
121
125
126
125
126
124
122
122
120
121
120
119
119
118
120
121
123
122
122
118
119
122
120
118
120
120
121
120
118
119
118
119
119
119
119
121
121
122
123
123
121
119
118
117
116
116
116
114
115
115
116
114
116
116
117
118
118
116
114
113
113
113
112
113
112
115
115
116
117
117
117
116
117
116
116
117
118
118
121
120
120
120
119
120
117
116
116
116
115
116
115
116
117
117
116
116
117
117
115
116
116
116
119
117
116
117
116
119
121
121
122
122
122
123
123
124
125
125
127
128
126
126
123
115
117
116
116
118
119
116
115
116
115
117
119
115
111
111
112
113
113
111
112
111
108
108
107
105
106
105
104
103
107
109
108
110
110
110
108
109
109
111
111
111
112
112
117
116
118
118
117
119
119
121
120
102
108
108
107
106
107
106
105
108
106
106
106
103
102
105
105
106
105
109
109
107
108
108
108
105
103
101
103
103
104
100
102
102
102
104
103
105
106
105
105
106
106
104
103
103
105
102
98
97
93
89
89
89
94
96
96
96
96
99
97
97
96
96
92
85
86
85
86
90
92
92
91
91
92
92
96
94
94
96
96
96
95
96
96
94
92
93
94
94
95
96
100
99
98
98
97
98
97
101
100
99
102
101
100
100
100
101
99
101
102
101
102
102
102
104
103
104
104
104
104
103
104
100
98
100
99
101
100
102
102
101
100
100
99
98
98
98
98
99
98
99
99
100
98
102
102
103
105
104
102
100
101
101
100
100
101
102
103
104
103
102
102
105
108
108
110
108
110
112
114
114
113
113
114
114
114
113
112
112
113
113
113
112
115
115
116
113
113
114
114
115
117
116
115
117
116
114
115
114
113
114
113
113
115
114
114
114
115
115
116
117
118
116
109
111
109
108
109
109
111
109
112
112
112
111
112
113
112
112
113
112
109
110
110
110
109
110
112
112
112
112
112
111
114
115
115
116
115
114
114
109
107
107
108
108
107
104
100
98
98
96
99
100
101
102
102
101
101
100
101
99
96
97
97
98
100
99
98
101
103
102
102
102
105
104
104
104
105
106
104
104
105
106
105
104
104
103
102
104
105
105
106
107
106
105
105
103
103
105
104
104
106
104
105
105
104
105
107
108
107
109
108
109
109
109
111
112
111
111
112
116
116
115
114
115
115
114
117
118
118
117
117
116
116
117
117
117
118
117
118
119
120
119
120
119
120
120
120
121
123
123
123
124
125
126
125
124
124
124
124
124
125
127
129
129
128
129
130
131
130
129
128
128
131
130
133
132
133
134
135
135
136
136
138
138
139
138
138
138
136
134
132
133
133
132
132
133
133
132
131
131
133
135
136
134
135
135
134
134
134
137
134
135
136
137
136
136
139
138
136
136
136
136
136
136
138
135
138
138
139
139
139
138
138
139
140
140
142
144
142
143
144
145
147
152
152
152
151
153
154
152
152
150
150
150
150
149
148
149
150
151
146
145
145
142
142
144
142
144
144
142
144
148
146
147
148
149
151
152
150
149
148
147
148
148
147
148
147
146
147
150
157
153
155
159
164
165
169
168
170
165
165
166
164
165
166
168
168
171
173
172
171
170
169
162
164
166
167
166
168
166
165
167
164
162
159
159
157
160
161
161
164
163
160
163
163
163
163
163
161
157
157
160
161
162
166
168
168
169
171
172
169
170
174
173
173
167
165
