163
163
163
165
165
164
166
164
158
157
158
154
156
161
160
162
166
166
164
166
166
168
167
170
169
168
170
170
171
169
169
170
168
169
168
169
168
165
163
166
166
166
168
170
173
170
174
170
175
178
181
182
182
184
183
182
182
182
185
188
188
189
190
189
188
188
193
193
191
190
188
190
185
188
191
190
190
190
188
186
181
179
183
184
181
182
178
184
184
184
184
180
177
172
175
177
179
179
178
178
178
181
183
183
184
189
186
187
184
181
165
168
172
172
172
171
172
171
174
175
174
177
178
177
176
176
176
176
177
175
169
168
169
168
172
171
172
172
170
167
169
172
173
171
173
174
174
176
176
176
174
178
177
176
182
182
183
180
180
180
182
179
182
182
184
183
185
182
178
178
179
179
179
181
181
185
184
184
185
185
191
195
193
186
188
189
185
186
186
185
181
185
184
184
182
187
187
185
186
185
186
187
185
185
183
183
180
178
180
183
185
186
184
180
179
179
172
177
180
181
181
181
183
183
182
183
182
182
183
185
188
190
190
192
192
193
193
194
196
197
196
195
191
195
190
184
182
184
177
177
176
178
181
183
185
186
190
191
191
194
193
194
194
198
198
199
199
202
203
203
205
206
206
204
205
202
203
204
205
201
204
201
200
199
196
194
195
198
199
201
199
195
191
193
194
189
190
191
193
194
199
198
203
204
200
202
199
200
200
200
199
199
200
199
198
200
202
200
198
198
199
200
200
200
200
204
202
203
203
205
203
203
204
204
204
204
204
203
203
203
202
203
203
204
204
204
205
206
204
208
207
207
207
207
205
203
203
202
203
204
203
211
211
212
213
215
215
213
213
213
211
210
206
206
207
205
208
207
209
209
211
213
213
214
215
214
215
217
218
218
218
217
218
219
219
217
217
218
217
217
216
217
215
215
217
218
221
220
219
219
220
218
220
220
219
214
215
216
214
213
217
214
214
204
203
206
214
217
222
227
228
227
227
226
224
221
227
230
229
231
230
234
236
237
237
239
239
239
239
241
239
244
243
242
239
242
244
243
243
246
248
248
248
249
251
250
249
247
247
254
259
260
263
264
265
264
265
265
262
260
261
263
266
273
273
274
265
271
271
274
273
275
277
274
275
276
269
274
273
274
271
275
278
280
276
280
279
283
284
285
288
287
290
290
290
287
288
287
289
285
286
288
287
283
282
282
285
286
287
285
283
286
288
287
287
281
280
284
282
285
286
283
287
288
290
292
292
290
291
286
282
284
283
283
281
283
283
282
281
278
280
282
281
276
279
285
287
286
288
289
292
291
292
293
288
287
286
287
289
290
289
288
287
286
283
280
279
279
283
282
279
279
280
282
285
283
286
284
283
283
280
278
276
282
275
281
282
284
278
281
281
284
256
261
266
269
267
273
270
266
265
274
278
279
278
278
280
274
271
272
271
270
274
276
279
285
284
279
266
252
263
254
258
258
257
252
251
255
253
258
265
256
255
256
254
251
251
248
249
242
235
231
230
230
220
222
223
230
239
241
233
239
244
242
242
244
241
236
242
243
241
241
249
247
245
242
260
261
268
270
271
271
268
268
265
265
264
262
263
267
268
273
273
274
273
277
276
277
277
278
274
268
271
268
270
269
264
262
266
266
270
261
258
262
264
266
263
266
264
261
257
257
251
244
243
242
244
248
244
238
243
240
245
248
248
246
249
243
250
250
253
249
257
260
253
246
254
248
251
259
262
259
254
258
258
253
260
267
272
272
278
276
273
275
274
277
278
283
284
282
284
286
287
287
273
282
282
283
282
287
284
283
288
284
286
290
294
297
295
299
297
295
296
298
299
303
298
298
300
300
297
289
285
288
288
290
289
289
293
296
297
296
294
296
292
291
290
291
291
293
291
289
292
291
291
291
292
294
294
293
292
292
290
293
290
290
291
291
288
293
282
282
283
292
291
294
292
293
300
304
305
308
306
309
306
305
308
310
298
292
294
296
294
292
298
296
298
303
302
301
301
298
296
298
295
297
296
290
288
288
287
290
290
286
287
286
286
287
283
286
287
285
285
281
273
279
275
276
276
272
275
275
279
280
282
280
284
282
279
276
276
272
272
271
272
270
267
267
271
268
271
271
273
274
279
256
248
249
247
246
246
241
244
243
246
249
250
258
264
262
265
264
263
263
260
266
268
272
274
274
277
268
266
265
267
266
269
271
271
272
270
267
267
272
268
267
272
271
272
273
270
272
271
275
274
276
279
277
278
282
284
285
285
287
284
284
284
282
302
305
305
303
302
307
307
303
303
302
306
307
307
308
309
310
311
311
312
312
309
313
309
312
315
313
311
311
310
311
312
311
310
311
313
313
314
312
308
311
311
307
309
311
310
310
310
309
308
309
311
313
311
312
312
310
310
312
321
323
329
330
331
331
337
333
333
336
335
339
338
337
338
336
335
334
334
334
328
332
334
332
332
334
334
335
336
333
340
345
342
341
342
346
353
349
355
349
352
353
357
357
355
356
358
359
360
361
354
354
354
349
350
352
352
355
357
355
358
359
359
352
350
352
353
353
351
346
342
337
337
338
335
336
334
331
335
331
334
337
332
333
329
329
331
337
337
337
338
337
333
340
340
343
345
343
340
347
348
350
347
346
342
341
344
347
350
347
355
352
348
357
358
375
375
380
379
383
382
380
382
385
386
385
384
384
389
390
382
390
394
397
397
394
393
397
393
395
395
395
395
387
388
389
387
385
386
387
389
391
392
394
392
398
394
400
397
406
403
401
406
408
409
407
407
401
406
412
412
412
411
412
413
411
414
411
415
418
416
422
424
422
421
428
434
426
427
431
430
427
430
419
425
424
420
422
415
412
400
388
406
