63
63
63
63
62
63
62
63
62
60
60
60
61
61
60
59
60
60
61
61
61
62
62
62
60
62
63
63
63
63
62
63
62
67
67
68
68
67
65
67
69
68
69
69
68
66
67
66
66
66
67
67
68
68
67
68
68
68
70
70
70
70
70
70
70
70
70
70
70
71
71
72
70
70
71
69
69
68
69
69
68
67
68
69
67
68
67
68
69
68
70
69
67
65
66
67
68
67
68
68
67
68
67
70
70
71
71
71
72
71
71
71
72
72
72
71
72
72
72
72
73
74
74
74
73
73
74
74
74
76
73
72
72
73
73
72
71
72
71
68
68
67
67
67
67
67
68
69
70
69
68
70
69
69
71
73
71
71
71
71
71
71
72
72
72
71
74
73
72
71
71
72
73
73
74
76
76
77
76
76
76
76
76
76
75
75
76
76
77
77
74
75
75
77
78
78
79
78
77
77
77
77
77
79
76
76
78
78
76
79
76
76
76
75
75
76
76
76
77
76
78
78
78
78
78
79
79
79
79
79
80
74
74
71
70
73
73
73
76
76
75
75
77
79
80
80
79
80
76
75
77
80
79
79
80
78
79
80
89
94
95
95
94
95
95
96
94
96
98
98
98
99
98
97
97
98
99
101
102
101
102
101
100
100
102
106
107
106
107
107
108
104
104
104
106
102
103
102
101
103
100
100
100
100
100
100
99
100
101
103
103
103
101
101
102
101
101
100
100
100
98
98
98
102
104
105
104
105
108
107
106
104
106
106
108
107
107
108
106
107
107
110
109
109
111
108
109
110
110
110
110
112
111
111
110
110
111
111
113
112
113
111
110
109
110
109
107
107
106
105
104
104
102
103
103
102
103
102
105
105
105
105
105
106
107
107
107
106
108
108
109
116
117
119
118
117
117
118
118
117
117
118
118
116
118
117
117
115
114
113
115
114
114
115
113
112
113
116
115
114
112
110
109
104
104
104
109
110
110
111
111
113
116
117
117
117
120
120
120
121
120
122
121
122
120
123
122
122
120
120
120
123
124
128
132
129
130
128
127
128
128
129
126
127
126
127
127
125
125
129
130
129
130
131
131
131
131
132
132
129
132
130
123
126
124
124
122
122
123
126
123
125
125
125
124
126
123
122
121
122
122
122
121
119
119
120
120
120
120
120
120
120
120
120
119
119
120
120
122
121
119
120
120
118
117
120
123
124
126
125
125
126
126
129
129
130
135
137
140
138
138
139
140
138
138
138
137
136
135
135
133
133
135
136
137
138
138
136
136
135
133
137
138
136
135
138
137
135
137
136
132
132
135
134
136
136
136
135
129
133
130
129
130
131
131
131
130
131
132
130
132
131
132
132
133
133
133
133
132
131
130
129
129
128
125
127
124
123
122
123
124
124
124
123
122
123
122
124
123
122
119
121
121
122
121
121
122
122
120
121
120
119
120
121
121
123
125
126
125
120
121
120
133
140
139
136
135
138
137
137
141
138
137
139
139
137
139
136
138
137
138
141
143
140
138
135
137
134
138
138
137
138
142
143
144
142
141
143
143
147
146
148
148
145
147
148
150
151
151
149
148
149
147
147
147
150
145
140
136
140
138
141
141
138
135
135
135
133
132
131
130
128
130
126
124
121
121
117
118
118
117
116
115
118
121
121
120
122
122
122
122
125
124
128
134
127
128
128
124
122
122
121
121
121
122
119
119
119
114
116
119
116
111
109
105
100
97
95
96
100
105
103
104
104
103
98
98
98
109
111
112
112
112
111
111
110
110
110
111
111
111
114
117
117
117
118
125
122
123
123
121
123
124
120
120
120
117
115
112
113
115
113
111
114
112
113
112
112
109
111
110
108
109
108
108
109
108
108
107
107
104
104
103
106
105
106
109
107
108
106
109
96
99
99
99
92
87
86
87
89
88
89
86
84
83
82
86
86
85
86
84
81
81
82
82
82
83
81
82
82
85
88
89
90
92
90
92
91
90
88
90
89
88
87
87
88
87
83
85
87
87
88
88
88
90
91
92
93
91
93
92
93
95
85
82
80
78
80
81
81
82
81
82
81
77
77
79
79
79
78
77
76
76
77
79
76
75
75
74
74
76
78
81
82
80
81
80
80
82
81
80
80
81
80
80
79
80
83
80
81
81
80
81
81
82
84
81
87
90
91
93
89
91
91
89
99
91
94
93
93
92
92
92
93
92
94
95
98
98
96
97
95
95
94
95
95
94
94
93
94
94
94
95
95
94
88
88
86
82
84
85
81
81
82
81
81
81
83
83
82
80
79
77
77
77
76
74
72
73
74
74
73
75
75
73
74
75
74
72
74
64
64
65
66
64
65
63
63
70
70
69
68
68
69
68
68
66
68
68
68
70
71
71
71
69
68
67
67
67
68
69
68
67
67
67
66
67
67
67
66
67
67
66
66
65
66
65
64
65
65
65
63
61
60
60
58
59
59
59
60
55
55
50
49
48
48
52
53
52
54
56
57
59
60
59
60
60
61
61
59
56
57
58
60
63
63
64
64
63
64
61
62
61
60
59
61
60
59
58
59
59
59
59
61
61
62
62
61
61
59
60
61
62
61
59
55
57
56
54
54
54
54
53
52
62
62
64
62
63
63
63
64
65
66
65
66
67
68
69
69
70
68
67
65
64
64
65
66
67
67
67
66
68
67
67
68
65
66
64
62
60
61
61
61
63
66
66
66
65
66
66
64
66
66
66
65
68
67
67
71
71
69
72
74
75
77
59
54
53
50
52
53
52
53
52
50
51
51
51
53
53
53
54
54
54
55
53
54
55
57
58
57
56
57
55
55
56
57
57
56
53
54
57
57
55
56
55
56
57
56
55
55
54
53
53
53
51
48
50
