89
89
90
91
91
92
93
92
91
92
93
92
93
95
95
96
97
97
97
97
97
97
98
98
97
96
96
97
97
96
97
96
97
97
99
99
99
98
98
98
98
98
99
100
101
100
102
102
102
103
104
105
103
102
102
102
103
102
104
103
103
104
104
102
103
104
104
104
103
103
102
102
101
102
104
105
103
102
101
102
102
104
99
101
100
101
101
101
103
103
104
102
100
100
101
102
102
102
103
104
103
103
104
105
105
106
106
106
107
108
107
107
108
109
110
109
110
112
113
113
113
114
114
114
114
114
113
113
114
113
112
110
110
109
109
108
107
109
107
106
105
106
106
105
106
107
106
109
109
107
108
109
108
108
109
107
107
106
107
106
105
105
105
105
105
105
106
106
106
105
106
106
106
106
107
109
108
107
108
109
109
110
112
113
111
111
111
110
111
112
107
109
108
105
108
109
110
108
102
100
103
104
104
106
106
104
105
104
104
103
105
105
104
104
102
101
101
101
102
102
102
102
102
103
103
104
104
102
102
102
101
98
98
98
98
99
99
99
98
98
98
98
98
99
98
98
97
96
94
93
93
94
93
94
93
93
91
93
95
96
98
98
99
99
99
100
99
100
99
98
98
97
97
96
98
96
97
96
98
96
98
96
96
96
96
97
97
97
97
97
98
97
98
97
97
95
95
96
96
97
97
97
97
97
97
96
98
97
97
97
97
97
97
99
99
100
101
100
98
98
98
98
98
99
99
100
100
101
103
103
102
103
103
104
106
105
105
105
105
105
105
105
107
107
106
106
105
106
105
106
107
106
107
107
107
107
106
106
107
106
106
106
105
105
105
105
105
105
105
104
103
102
101
101
101
99
101
101
102
103
102
103
103
103
103
102
102
102
102
102
102
102
103
103
103
102
102
102
102
101
101
101
100
100
101
100
101
100
99
99
99
98
98
99
99
98
98
99
98
97
99
98
98
98
96
96
99
99
101
102
102
102
102
103
104
102
104
104
104
105
105
105
105
105
99
100
100
100
102
102
101
102
102
101
101
102
102
103
103
102
101
102
101
101
100
100
100
98
99
102
103
103
104
104
104
103
103
103
101
100
99
98
101
102
101
101
100
101
101
102
105
106
107
106
106
106
105
104
103
105
113
112
113
113
113
112
111
111
113
113
114
113
113
113
114
114
115
115
115
114
115
114
112
112
111
111
112
112
111
110
112
113
114
114
114
115
114
116
117
116
115
116
117
116
116
116
117
117
118
118
118
118
117
117
117
117
117
118
116
116
116
117
118
117
116
117
116
116
116
117
118
118
119
119
120
119
120
120
120
120
119
118
119
116
114
111
111
112
112
111
111
111
112
113
113
114
114
113
112
111
110
109
109
110
108
108
109
110
106
108
109
109
108
109
108
108
107
107
107
105
106
109
109
111
111
112
112
113
111
110
110
108
110
109
109
109
111
111
111
106
110
109
114
116
117
117
115
116
116
117
117
115
114
116
116
117
117
116
117
113
113
113
114
114
113
114
114
108
117
117
115
116
117
118
118
119
120
120
119
117
115
116
119
118
116
117
116
116
117
117
117
118
118
115
114
115
115
113
111
113
112
118
122
123
121
123
123
124
122
121
121
121
123
123
123
123
121
121
121
123
124
123
122
122
124
124
125
125
125
124
122
122
122
121
121
121
122
122
119
119
120
118
119
120
122
122
123
125
127
128
128
129
129
126
125
125
127
126
128
129
128
128
127
129
124
124
128
130
127
128
128
128
128
127
126
127
128
129
129
128
128
129
130
128
128
128
128
129
130
130
130
129
130
127
126
127
128
128
128
128
128
128
128
130
129
128
125
126
128
128
127
127
127
127
127
128
128
129
130
131
131
131
130
130
127
126
128
127
127
129
129
129
129
129
129
131
132
132
133
139
142
144
145
145
144
146
145
145
147
147
144
145
147
148
149
153
152
152
154
154
154
153
152
153
152
153
152
153
153
153
153
155
153
151
152
154
154
155
153
157
155
154
153
154
153
152
152
152
153
154
155
150
144
142
141
139
141
140
141
141
142
141
139
139
137
138
137
137
137
137
137
135
137
136
137
136
133
135
135
135
135
134
133
133
134
134
132
132
134
134
133
133
133
130
130
130
130
131
130
132
131
131
131
130
130
130
130
130
127
127
129
129
127
124
125
127
127
126
126
127
127
125
125
125
126
127
128
129
130
130
130
128
128
130
128
129
129
129
129
129
128
129
129
130
129
129
129
128
129
130
131
131
132
133
133
133
133
135
135
136
136
134
135
136
138
139
138
138
137
138
138
138
138
138
132
136
141
141
141
141
141
141
141
141
140
140
139
139
140
139
139
139
139
139
139
137
135
133
134
133
133
133
133
132
131
131
131
130
130
128
127
128
128
128
128
128
128
127
127
127
127
127
126
127
126
125
125
126
126
126
125
125
125
125
125
125
125
126
126
127
128
128
128
128
128
128
131
131
131
130
134
128
127
128
129
127
127
125
124
123
122
121
121
122
121
120
118
119
118
116
116
115
115
115
115
116
117
119
116
117
118
118
120
121
121
123
122
122
120
121
122
121
122
121
122
122
122
123
123
123
123
122
122
119
112
108
105
106
105
104
105
105
106
106
106
107
107
108
107
109
110
111
109
107
106
104
105
106
107
105
105
105
104
105
106
104
103
104
104
106
105
106
105
104
104
104
105
104
104
104
103
103
106
105
103
102
100
102
102
102
105
106
108
111
116
115
114
113
113
112
113
115
118
117
116
119
118
118
119
118
118
118
118
120
121
122
121
124
124
125
125
125
125
124
124
124
125
126
127
126
124
124
124
125
126
126
127
127
128
128
130
130
129
128
126
125
119
115
119
