78
79
79
78
79
81
80
80
78
78
78
76
76
78
77
77
77
78
77
78
78
78
78
78
78
77
77
74
73
74
75
74
74
75
75
74
75
74
73
74
75
75
77
77
75
73
72
71
74
71
72
72
73
73
74
74
74
74
75
76
77
77
77
77
77
77
76
76
76
76
77
77
74
75
76
75
75
74
73
73
73
72
74
74
72
72
71
73
72
73
74
73
73
72
72
73
72
72
72
73
72
73
75
75
76
77
76
77
77
77
78
81
82
84
84
83
82
81
81
82
82
83
83
83
82
82
81
80
81
82
82
82
81
80
80
81
83
82
81
81
83
82
82
82
83
85
85
86
87
87
86
87
87
88
89
89
87
87
88
89
88
87
88
89
90
90
89
89
88
88
89
89
91
91
92
93
94
93
94
93
92
93
93
94
94
94
93
93
93
94
92
94
93
92
93
93
93
92
92
91
91
92
90
89
88
89
87
87
87
88
89
88
87
86
87
87
87
86
87
87
88
88
88
90
90
90
89
89
89
88
87
88
86
88
88
89
89
90
91
91
91
89
88
88
87
88
88
88
86
87
87
89
89
89
90
90
90
90
90
90
91
90
92
93
92
93
92
92
92
92
93
93
93
91
92
90
89
90
91
90
92
93
94
96
95
97
98
97
98
98
98
98
97
99
99
97
98
98
101
102
100
101
102
102
102
102
102
101
102
101
101
101
101
102
100
101
100
100
100
99
99
100
101
101
102
102
102
102
104
104
104
104
104
104
106
106
106
107
107
108
107
106
107
108
109
109
107
115
116
117
118
118
118
117
117
117
116
115
115
114
115
116
114
112
114
114
112
113
112
112
112
110
108
108
109
106
108
107
109
109
109
108
106
109
109
110
110
109
110
111
111
111
110
110
109
108
106
106
105
104
103
104
102
103
105
104
105
103
102
102
103
101
102
104
101
98
98
98
98
98
98
94
93
91
88
87
97
95
97
98
98
98
95
94
98
97
97
98
96
95
96
97
99
98
98
97
96
95
97
95
95
98
99
99
95
86
85
85
86
86
87
86
83
84
83
82
80
79
81
85
84
87
87
87
88
87
87
86
85
84
83
83
82
83
79
78
76
79
77
80
80
83
82
82
83
84
81
81
84
86
86
86
87
86
86
84
86
87
88
88
85
87
85
87
85
84
84
84
85
85
84
84
83
81
81
81
80
80
80
80
81
82
82
82
83
84
83
84
84
84
84
85
86
87
86
89
89
89
89
91
94
93
92
92
92
93
92
92
93
94
94
94
94
93
92
91
93
91
93
93
92
92
92
91
91
91
91
90
91
91
90
91
91
91
90
90
90
91
92
90
89
90
90
90
88
87
87
87
87
86
86
86
86
85
83
84
84
84
84
84
84
85
85
84
84
83
84
85
86
82
83
82
84
83
82
82
83
82
83
82
83
84
84
84
83
84
82
80
79
74
77
71
72
74
75
75
77
76
75
75
76
75
73
73
73
74
76
74
73
72
73
71
73
72
70
69
70
67
71
72
75
75
77
77
74
75
75
76
73
74
75
76
78
78
75
78
79
79
78
80
81
80
78
79
77
78
76
76
76
78
77
78
78
77
78
77
77
77
77
77
76
74
73
71
72
72
71
69
71
72
71
69
67
68
71
71
70
72
69
69
69
69
68
66
66
65
66
66
64
62
63
61
61
65
64
64
65
68
70
71
69
70
72
70
68
69
68
66
69
71
73
74
72
74
74
71
72
73
72
72
73
74
75
74
75
74
73
74
74
72
74
74
75
72
74
73
72
73
72
74
74
72
72
72
73
73
73
74
74
76
77
77
75
78
79
81
78
80
79
80
80
80
80
78
77
77
75
73
73
74
74
74
73
74
74
73
75
76
76
76
78
77
77
75
75
76
77
79
81
79
79
78
77
77
76
77
79
78
79
79
77
75
76
78
78
79
79
77
78
78
79
79
80
80
80
79
80
79
81
80
81
80
81
80
78
80
79
79
80
81
82
83
82
81
82
82
82
82
82
84
83
82
81
81
81
81
82
80
78
79
79
79
79
79
78
78
77
76
76
77
76
76
77
77
76
75
76
78
78
79
79
79
80
82
82
82
82
81
82
81
82
82
83
82
81
80
79
80
80
79
79
78
78
79
79
79
79
79
79
78
79
81
82
80
81
82
81
81
81
80
82
85
85
85
84
84
84
85
86
86
86
84
86
85
86
86
86
86
86
85
84
84
85
85
86
85
86
86
85
86
85
85
86
87
87
86
84
85
86
85
84
84
84
84
83
83
81
81
82
82
82
82
82
82
81
81
80
80
80
80
81
81
82
81
80
81
80
78
79
79
78
79
80
80
79
80
78
78
78
76
77
78
79
78
78
78
79
79
79
79
79
80
79
78
78
78
76
74
75
74
74
74
73
73
72
71
71
71
72
72
73
73
72
72
72
71
71
72
72
72
72
71
70
69
68
70
69
69
69
70
68
68
70
69
69
68
68
69
67
66
66
65
66
66
65
66
66
66
67
66
65
65
65
67
65
66
67
67
66
68
68
67
67
67
67
68
68
69
69
69
68
67
66
66
66
64
64
64
64
63
63
63
63
63
63
63
64
63
63
64
63
63
65
66
66
65
66
67
67
68
67
68
68
68
68
69
69
69
69
69
69
69
69
69
69
68
69
67
67
68
68
67
66
65
64
63
63
62
63
63
64
64
65
64
63
64
68
67
67
67
65
65
62
62
61
62
62
62
62
62
61
62
63
63
65
64
63
62
62
63
65
64
63
63
62
64
64
66
68
68
68
68
67
68
70
72
73
73
75
75
76
77
78
77
77
75
77
80
79
79
78
77
75
75
74
75
73
70
71
