77
79
78
79
79
79
80
80
79
78
79
77
78
79
80
79
80
81
82
82
82
82
82
81
81
81
82
82
81
81
82
82
82
82
83
82
82
81
81
82
83
83
85
85
84
82
82
83
81
81
82
82
85
85
85
85
86
84
86
87
87
89
89
89
89
89
91
92
91
91
92
92
90
90
91
91
91
91
91
92
91
90
91
92
91
91
89
91
92
92
92
90
90
87
87
89
90
90
90
91
90
92
92
92
92
93
93
94
95
94
94
95
96
96
95
95
94
94
95
95
96
96
95
96
95
96
96
96
98
98
97
96
98
96
96
95
96
96
94
94
94
95
95
93
95
96
96
98
98
99
99
100
99
100
100
101
101
100
100
100
99
99
100
100
100
99
99
97
96
97
98
99
99
98
100
100
102
103
102
101
101
102
102
103
101
105
104
104
105
105
104
105
105
104
106
107
107
106
105
105
106
106
106
106
106
106
105
105
104
105
106
106
106
104
103
104
105
105
107
107
107
108
109
109
108
109
109
109
109
108
108
108
108
107
106
108
108
108
108
106
105
103
100
100
99
101
99
100
98
98
100
106
108
107
110
108
109
109
109
108
109
109
109
109
110
111
111
113
113
113
114
114
114
112
113
110
112
112
113
112
113
113
111
114
111
111
114
114
114
114
115
112
110
111
112
110
110
110
111
114
116
117
117
118
117
116
116
115
116
116
116
116
115
116
115
115
117
116
115
117
114
116
114
115
115
116
116
117
117
118
118
117
116
117
118
119
118
118
117
116
116
118
119
119
120
118
117
118
118
119
119
119
120
120
119
119
117
118
119
119
119
123
124
123
124
124
124
124
124
125
124
122
120
120
121
119
120
119
122
122
123
124
125
125
125
125
126
126
125
126
125
125
125
125
126
126
126
127
126
125
125
125
126
125
126
125
126
123
123
122
122
121
121
121
121
119
119
121
120
118
121
118
116
114
113
115
122
122
125
128
127
128
127
129
130
136
132
132
132
134
134
137
135
136
136
136
135
135
135
136
135
138
136
136
136
136
135
134
136
137
137
137
134
136
135
134
134
132
133
136
138
137
138
139
139
139
139
139
137
135
134
134
135
138
136
135
133
135
133
133
132
134
135
134
134
133
132
135
131
132
133
136
141
141
142
142
143
144
145
145
145
145
146
146
147
148
147
148
148
147
148
146
146
145
143
143
144
143
144
144
145
145
144
143
143
141
142
145
146
147
147
147
150
148
148
148
148
147
148
148
147
147
149
148
151
153
155
153
151
150
150
152
153
152
153
155
155
155
156
157
158
156
156
157
156
158
157
157
158
158
156
155
156
156
155
156
155
155
158
157
156
156
158
159
160
161
161
160
161
161
161
160
161
162
160
160
160
162
161
162
163
163
163
161
162
163
162
161
163
158
157
162
164
165
165
163
167
167
166
168
166
164
165
167
168
170
169
168
165
153
157
155
158
159
159
157
156
156
155
157
161
157
157
158
159
159
159
157
157
155
156
152
153
153
152
150
151
148
153
155
155
157
162
162
163
161
160
161
159
160
160
163
165
164
162
161
165
165
166
166
168
170
169
170
169
170
168
166
165
166
165
168
169
168
166
170
171
172
172
173
172
171
174
172
170
169
168
168
170
170
172
169
168
170
171
172
171
174
174
172
169
169
166
165
165
163
164
165
162
159
158
154
153
152
153
155
158
159
158
158
160
156
155
145
138
134
137
139
140
142
143
144
144
147
146
143
146
145
147
146
150
151
154
153
152
152
152
152
152
153
154
156
156
156
158
157
155
158
157
159
159
156
159
154
153
155
157
158
156
157
160
161
160
162
161
162
160
161
162
162
162
160
160
158
156
158
158
160
160
162
163
163
162
164
163
162
162
162
163
165
162
162
163
161
163
162
160
159
159
159
159
155
153
154
152
154
155
154
154
154
151
149
150
153
155
158
157
155
156
159
161
162
163
164
163
162
160
161
155
157
158
159
157
156
155
157
157
154
155
154
157
155
156
157
156
154
153
152
153
153
153
154
154
155
156
154
155
154
154
154
154
153
151
150
147
147
147
147
148
149
150
150
150
152
151
151
151
151
150
151
151
151
151
153
151
149
147
146
147
148
151
149
151
158
159
159
156
156
154
154
155
152
152
153
156
157
156
162
166
167
168
168
167
167
169
169
172
170
170
168
169
167
167
168
170
170
172
173
176
176
173
172
174
172
173
175
173
173
174
174
172
172
172
171
172
172
174
174
176
177
178
176
175
175
176
175
174
179
179
181
181
181
182
176
170
170
168
167
167
169
171
172
172
176
173
173
171
172
170
171
171
172
173
171
170
169
169
169
168
169
170
170
173
174
173
173
169
168
167
165
165
167
167
168
169
167
165
163
164
164
164
165
162
162
163
164
165
173
178
176
175
170
170
168
168
169
167
170
170
171
171
170
171
170
171
168
164
165
166
164
164
162
160
160
160
162
164
162
163
163
160
157
158
158
158
156
156
158
157
156
153
155
155
156
155
156
157
159
159
156
155
155
154
154
153
154
156
159
157
160
150
150
148
150
150
154
153
153
153
153
153
154
155
155
154
152
153
154
151
151
148
146
142
142
142
143
145
144
146
146
148
146
145
146
146
148
148
149
149
147
147
147
147
149
149
149
149
150
150
147
149
148
150
152
148
149
151
150
151
152
152
152
152
156
157
162
163
162
160
159
158
157
158
158
158
158
160
158
157
156
156
156
156
156
157
157
160
161
162
160
161
164
167
169
169
173
171
169
172
173
171
170
170
168
170
173
174
174
176
175
175
176
177
175
177
176
177
178
181
178
181
184
184
182
181
180
183
183
184
183
182
180
176
174
170
169
166
161
167
