34
34
34
34
34
34
34
35
36
36
35
35
35
35
35
35
35
35
35
35
35
36
35
35
36
35
35
35
35
35
35
35
35
36
36
36
36
35
35
35
35
35
35
35
35
35
34
34
34
34
34
34
35
35
35
35
36
35
35
35
35
36
36
36
36
35
35
36
35
36
36
36
36
35
36
36
36
36
36
37
37
36
37
37
37
37
36
37
36
36
37
36
36
35
35
35
36
36
36
36
35
36
36
36
36
37
37
37
38
38
38
37
37
38
38
37
37
36
37
37
37
38
38
38
37
37
38
37
37
38
37
37
37
37
37
37
37
37
37
36
37
37
36
35
36
36
36
38
37
37
37
38
37
38
38
38
38
37
37
38
38
37
38
38
37
37
37
37
36
37
37
37
38
38
35
38
38
38
38
38
36
36
37
36
36
37
37
36
36
36
36
36
36
36
36
37
37
36
36
36
36
37
37
37
37
36
36
36
36
38
38
38
38
38
38
38
38
39
39
39
40
40
40
40
40
41
40
41
41
40
40
41
41
41
41
41
41
41
41
42
41
41
40
40
40
40
40
40
39
39
39
39
40
40
41
40
41
41
41
41
40
40
40
40
40
40
39
40
41
40
41
40
40
40
40
40
40
40
40
40
41
40
39
39
38
39
38
38
39
39
39
38
38
38
38
37
37
37
37
37
37
38
38
38
38
38
37
37
38
38
37
37
37
37
37
38
38
38
38
38
38
38
38
38
39
39
39
38
39
39
38
38
38
38
39
39
39
39
39
39
39
39
39
39
39
39
39
39
39
39
39
39
39
39
39
39
38
39
39
39
39
39
39
39
39
39
39
39
39
39
39
39
38
38
38
38
38
38
38
38
39
39
39
39
39
39
40
43
41
41
41
41
41
41
41
41
41
41
41
41
41
41
41
41
41
41
41
41
40
40
40
40
40
40
40
39
40
40
40
39
40
39
37
38
37
37
38
38
38
39
39
40
40
40
40
40
41
41
41
41
41
42
42
42
42
42
42
42
42
42
42
42
43
43
43
43
43
43
42
44
44
44
43
44
43
43
43
42
42
44
44
44
44
44
44
44
44
44
44
43
43
43
43
43
43
43
42
42
42
43
42
43
43
44
43
44
43
44
43
43
44
44
44
44
44
44
44
45
45
45
46
46
47
47
47
47
47
46
47
46
46
46
46
46
45
45
46
46
46
46
47
47
47
47
47
45
46
46
46
46
46
46
47
47
47
48
48
47
48
47
47
47
47
47
48
48
48
47
47
47
47
47
47
47
47
48
48
48
48
48
49
48
49
49
48
50
49
49
50
50
50
50
50
51
50
51
50
50
50
50
50
49
50
50
50
50
51
50
50
50
50
51
51
50
50
50
49
50
51
51
51
51
51
51
51
51
50
51
51
50
49
50
51
51
51
51
51
52
51
51
51
51
51
51
51
52
52
52
48
45
47
46
47
47
47
46
46
47
46
47
48
47
47
48
48
48
48
47
47
47
48
47
48
47
46
46
46
46
47
48
48
47
48
48
48
48
48
48
48
49
48
48
50
50
50
50
50
50
50
50
51
51
51
51
51
51
51
51
50
51
52
52
51
48
49
50
50
51
50
51
47
46
47
46
46
45
45
45
46
45
46
45
45
45
46
46
46
46
46
46
45
45
44
44
43
43
42
42
41
40
41
40
41
41
42
41
42
42
42
43
42
43
43
43
41
41
41
41
42
42
43
46
44
45
45
44
44
45
45
45
46
46
46
46
46
46
46
46
46
46
46
47
47
48
47
48
47
48
48
48
48
48
49
48
48
48
49
48
48
48
48
48
48
49
49
49
49
49
49
48
48
48
48
48
48
48
47
48
48
48
48
48
48
48
48
49
49
50
50
51
51
51
52
51
52
52
52
52
53
53
53
52
52
52
52
52
53
53
53
53
52
52
52
53
53
54
53
53
54
54
55
55
55
55
55
54
54
55
55
55
55
54
54
54
54
54
55
54
55
55
55
55
55
56
56
56
56
56
58
58
58
59
59
59
59
59
59
59
59
59
60
60
60
59
58
59
58
58
58
58
59
59
59
59
59
59
60
60
59
59
59
59
60
60
60
60
60
60
60
60
60
60
60
59
59
59
59
59
58
59
59
58
58
58
59
59
58
59
59
62
60
60
61
62
61
62
61
61
61
61
61
59
56
57
58
58
59
59
59
60
60
60
60
60
60
60
60
60
60
60
59
59
59
59
60
60
60
60
61
61
61
61
61
61
61
61
61
63
63
62
62
63
63
63
64
65
65
65
65
66
66
66
66
72
70
70
71
71
71
72
72
71
72
71
71
71
71
71
72
72
72
71
71
72
71
72
70
71
72
71
71
72
72
72
72
72
72
72
71
71
71
72
71
71
71
72
72
73
73
74
74
73
74
74
74
74
74
74
74
74
74
74
74
75
75
75
75
71
71
72
73
73
74
74
75
75
75
76
76
76
76
76
74
74
75
74
74
74
74
75
75
75
74
74
74
74
73
73
72
72
73
73
74
74
75
75
75
75
76
76
76
76
76
77
77
76
77
77
77
76
76
77
77
76
77
76
77
77
78
77
77
77
78
79
79
79
79
78
79
80
80
80
80
80
80
80
80
79
79
80
80
81
81
81
80
80
80
80
80
80
81
81
81
82
82
82
83
83
83
85
85
84
84
83
84
85
84
85
86
87
87
87
87
86
87
87
87
87
86
86
87
88
87
88
89
89
89
89
90
90
90
90
95
90
91
87
87
89
91
90
87
88
88
88
89
88
88
88
86
86
86
86
86
86
86
87
88
89
90
89
89
90
90
90
91
92
92
93
94
93
92
92
91
92
92
91
90
87
87
