161
163
162
163
162
160
160
160
159
158
161
158
158
159
159
160
162
163
162
160
160
161
160
159
159
158
159
158
158
158
160
160
158
159
159
160
162
162
162
166
169
169
171
174
172
171
174
173
173
176
176
176
177
175
176
176
178
177
179
179
179
179
181
179
179
181
178
179
178
180
179
179
175
172
176
174
172
169
166
167
165
164
167
167
164
163
160
165
167
168
167
161
156
155
156
158
159
161
159
158
161
159
160
160
162
164
164
163
163
163
163
164
165
167
166
164
163
165
164
162
161
159
158
156
156
157
156
158
157
154
151
149
145
144
146
145
149
148
146
146
145
147
146
144
145
145
146
149
149
149
149
152
151
151
155
155
151
151
150
150
151
149
148
149
151
149
148
151
150
150
152
153
154
154
157
159
158
158
159
159
161
160
158
156
156
155
157
156
156
157
154
153
152
148
150
152
154
152
152
150
151
150
149
150
152
151
148
148
149
152
153
154
153
150
152
152
152
152
155
154
155
154
154
153
154
153
152
152
154
155
155
154
155
155
155
156
157
157
157
158
157
156
153
152
151
151
153
154
151
153
154
156
157
158
158
157
158
160
160
160
160
160
160
161
161
160
161
164
164
165
163
162
161
161
163
161
162
163
163
160
161
161
161
162
159
162
164
164
164
165
165
166
167
167
167
166
167
168
171
171
170
171
171
171
171
171
172
172
173
173
172
173
175
176
176
176
176
174
174
174
176
176
176
175
175
176
176
166
165
166
167
166
167
170
169
167
166
165
164
164
163
164
166
168
167
166
166
166
165
167
167
167
167
166
166
166
167
168
169
169
170
170
170
171
170
171
171
171
169
170
170
169
168
168
168
166
166
166
167
168
166
169
169
169
170
170
171
170
170
169
169
169
170
171
171
171
171
173
172
172
170
169
166
166
166
168
166
166
165
164
164
163
164
165
164
165
165
166
165
165
168
170
168
168
169
165
167
169
170
172
172
173
173
175
177
180
179
180
182
184
182
181
179
182
180
178
179
178
179
180
176
180
178
179
179
181
180
181
182
182
181
181
181
182
183
182
181
180
180
184
186
185
188
187
185
185
186
186
183
186
187
192
195
195
197
197
196
199
200
201
199
201
205
203
204
206
203
202
199
200
200
202
202
196
195
194
193
194
193
193
193
189
192
193
190
190
188
190
189
190
188
184
182
180
180
180
183
185
186
186
191
194
197
197
197
193
192
195
196
196
200
200
200
198
197
194
192
191
191
189
189
188
188
189
189
189
190
189
186
182
182
185
184
180
182
186
187
183
184
182
185
185
184
185
184
183
183
183
184
184
182
183
182
178
177
177
176
175
177
177
176
176
177
180
182
180
177
176
174
173
174
172
172
176
174
176
177
179
179
180
180
180
182
183
183
183
182
182
184
185
186
186
186
188
187
189
189
188
190
193
189
191
189
191
192
193
194
192
192
184
192
180
183
185
184
177
177
178
176
177
179
174
175
180
179
181
183
183
184
184
183
183
183
182
181
184
185
185
188
192
192
194
195
195
196
195
195
198
198
202
203
204
204
203
203
207
206
205
202
205
204
203
200
195
192
195
192
191
185
187
187
191
192
192
190
188
188
191
187
189
183
183
187
188
187
187
184
184
188
191
193
193
192
193
193
194
194
195
196
195
192
193
195
193
192
187
187
186
185
182
186
185
183
185
187
186
190
187
189
186
188
187
188
186
185
180
178
179
183
186
188
187
188
191
189
189
191
192
191
191
194
196
197
198
198
198
199
201
200
198
199
201
205
206
203
201
200
202
204
207
206
208
209
208
206
209
207
208
207
209
208
208
208
209
206
204
200
202
204
205
203
203
203
203
203
207
208
211
214
213
204
201
197
198
195
192
195
195
197
198
196
197
199
197
197
199
200
199
199
201
201
201
201
203
204
206
208
207
209
210
205
205
209
214
216
218
217
220
217
217
220
221
222
224
223
223
223
223
223
224
226
225
225
222
224
227
227
222
223
220
220
220
220
219
215
214
214
212
213
214
212
213
212
214
216
214
216
215
215
217
217
218
218
215
209
211
208
207
207
210
211
209
212
213
213
216
213
212
209
206
202
199
195
198
197
198
196
198
199
197
198
198
199
196
198
196
195
188
184
184
185
184
180
180
183
182
180
181
182
181
186
185
183
181
181
181
180
182
181
182
180
179
178
180
181
181
182
184
183
187
187
181
181
183
183
183
178
177
176
176
175
177
179
183
180
184
186
185
184
182
183
184
185
186
183
184
185
184
183
183
180
179
185
181
184
184
182
179
181
180
183
181
180
179
179
182
185
185
185
185
186
184
182
182
179
178
177
175
171
169
168
168
170
169
168
169
169
166
168
167
166
168
169
170
172
174
171
170
170
170
171
173
173
174
174
174
175
175
173
169
168
168
168
166
169
169
165
165
165
163
162
163
161
156
156
154
154
154
158
158
157
160
161
158
155
154
155
152
152
153
155
154
156
159
160
159
161
160
161
159
159
159
160
160
163
164
164
162
165
158
156
157
156
155
156
157
161
162
160
161
161
161
161
162
163
164
161
162
162
161
162
164
166
164
163
160
159
158
158
158
156
154
155
153
159
157
159
156
157
158
158
158
158
159
160
160
160
158
160
164
164
161
160
160
159
159
161
163
160
161
161
160
158
160
160
160
162
163
165
165
166
165
167
165
166
165
165
163
164
161
157
157
156
157
156
155
155
159
156
163
164
161
158
159
160
161
159
159
159
158
156
156
159
162
163
164
163
162
162
162
166
167
167
167
168
170
168
164
164
167
170
171
171
172
172
171
167
169
169
165
165
165
166
166
167
165
164
167
167
166
165
163
163
160
164
159
156
154
156
