44
43
44
44
44
45
45
45
46
46
46
46
46
47
47
47
47
48
48
48
48
48
48
49
49
48
49
48
48
49
49
50
50
51
52
52
52
51
51
51
52
51
52
52
51
51
52
52
52
52
52
52
51
52
54
55
54
54
54
54
54
55
55
55
56
55
55
56
55
55
55
55
55
53
54
54
54
55
55
55
54
54
54
55
56
55
54
55
55
55
56
55
54
54
54
53
54
53
54
54
54
55
55
56
55
56
57
58
58
58
58
58
59
59
58
56
59
60
60
60
62
62
62
63
63
64
63
63
63
63
61
60
61
60
60
59
60
60
59
58
59
59
59
61
60
60
60
61
62
62
62
62
63
64
65
65
67
66
66
66
65
65
66
67
67
66
66
66
66
66
67
67
68
68
68
69
69
70
70
74
69
71
71
72
71
70
71
71
71
71
70
72
71
71
72
72
72
73
74
74
73
74
74
76
74
74
74
73
74
74
75
74
74
73
72
71
74
73
74
74
77
76
77
77
77
78
77
78
78
78
78
78
78
78
77
76
76
77
77
77
76
74
73
74
74
75
76
76
75
77
77
78
80
80
80
81
82
81
81
81
81
81
80
80
80
79
78
79
80
81
82
82
82
81
82
80
80
80
79
79
78
77
76
76
76
75
76
76
78
77
77
75
75
75
77
73
72
73
74
75
77
77
77
77
76
76
76
75
74
74
74
76
76
76
77
79
79
79
77
76
78
78
78
79
79
80
81
81
81
82
82
81
81
83
84
83
84
85
84
83
83
83
83
83
83
83
83
83
83
83
83
84
84
84
83
82
82
82
83
83
84
82
82
82
82
83
83
82
82
83
81
81
79
79
79
78
79
78
79
79
79
79
80
80
80
79
79
79
79
80
81
80
81
81
82
83
84
85
85
84
85
85
86
85
86
86
87
86
85
85
85
84
84
85
84
83
84
83
82
82
83
81
79
78
77
75
77
79
81
82
83
83
84
85
90
89
90
91
90
90
91
90
90
91
89
91
91
92
91
93
90
92
92
92
93
93
93
92
93
93
94
91
91
92
92
90
89
88
87
90
91
90
91
91
91
90
90
90
90
88
87
86
87
88
87
87
90
89
88
91
90
91
91
91
91
92
89
89
89
92
94
95
96
97
97
98
99
101
102
103
105
105
105
104
104
104
104
103
103
103
103
103
101
102
101
103
105
105
106
106
108
108
109
106
106
103
104
104
105
103
105
103
105
104
104
105
105
105
104
103
102
103
104
104
104
105
106
107
105
106
105
104
105
105
104
106
106
107
106
106
106
106
107
108
107
107
106
105
106
105
104
104
104
103
102
102
101
102
103
104
103
103
104
104
105
105
106
105
104
104
103
101
101
102
101
102
101
101
102
104
104
105
106
105
105
106
106
107
106
104
100
99
102
103
102
101
102
102
100
102
102
101
107
101
101
103
102
101
99
91
98
95
97
98
99
94
94
94
93
95
97
93
93
94
93
95
95
93
93
92
91
90
90
88
86
87
86
87
90
90
90
89
89
90
90
90
91
93
92
93
94
93
94
95
94
94
94
94
93
97
98
97
98
98
96
96
96
96
94
95
95
96
97
96
95
97
97
97
97
97
98
96
97
96
95
95
94
93
95
96
97
95
94
96
96
98
97
98
100
99
97
95
94
93
92
89
89
89
85
83
85
82
83
83
85
84
84
84
83
84
83
82
82
87
85
83
84
83
84
87
88
88
88
89
88
86
89
90
89
90
92
92
94
94
93
95
93
94
94
93
93
95
96
97
95
97
96
97
97
100
99
98
99
97
96
97
97
98
97
98
100
100
99
102
103
104
103
103
104
107
109
107
108
102
104
104
101
104
105
105
106
106
105
106
106
106
108
108
109
112
111
111
112
111
110
110
110
110
110
110
109
107
107
107
106
108
108
108
108
109
106
103
100
103
106
107
107
105
107
109
110
111
114
115
116
116
116
117
117
117
117
117
118
118
121
122
121
120
120
121
121
120
121
120
120
120
120
120
120
120
120
121
121
121
122
122
123
123
124
125
126
126
126
125
121
123
122
121
124
124
126
126
128
126
124
125
127
128
126
126
126
124
124
125
125
125
123
122
124
123
124
123
123
121
125
124
123
124
123
123
122
121
119
122
125
126
125
126
126
126
123
121
122
124
122
122
120
120
119
118
120
119
116
116
115
114
114
114
115
114
116
115
114
113
113
112
112
110
110
110
109
108
108
109
111
113
114
113
111
112
113
112
114
114
115
116
116
117
121
121
121
120
121
119
122
122
125
126
125
126
127
126
127
128
128
130
130
130
130
130
130
131
130
130
129
130
131
131
132
132
132
132
131
131
130
131
128
129
129
129
128
129
128
129
130
129
129
130
130
130
129
130
129
129
130
131
131
132
133
134
136
135
135
135
135
135
136
137
137
137
137
137
137
137
138
138
137
138
138
139
138
140
141
140
141
143
144
144
144
144
146
146
146
146
146
147
149
150
149
147
145
146
147
147
147
149
146
146
146
147
147
149
148
148
149
149
149
149
150
150
151
154
156
155
158
153
155
152
154
152
152
152
151
148
150
149
149
151
152
152
150
150
151
152
151
152
152
151
151
154
155
153
153
152
151
153
153
153
153
154
155
155
156
155
156
157
156
156
155
155
157
157
159
160
159
159
159
159
159
161
162
163
162
160
160
162
162
162
163
165
162
157
157
156
156
158
159
159
159
158
157
158
158
159
160
161
163
164
163
164
165
166
165
165
167
168
168
168
170
171
172
173
169
169
170
172
171
170
169
168
168
169
170
170
168
171
174
176
177
177
176
177
178
177
176
180
181
182
183
184
183
184
181
181
180
182
177
166
180
