99
97
96
97
96
97
97
97
96
96
97
95
95
94
96
96
98
98
98
98
99
99
100
101
101
101
101
102
102
103
105
104
104
105
107
105
106
105
104
105
106
105
107
109
109
107
108
107
106
108
108
109
109
108
109
108
108
108
109
109
109
111
111
111
110
110
110
111
111
113
111
112
111
111
112
111
108
109
110
110
107
107
108
109
107
107
106
107
107
110
111
108
107
107
109
109
110
110
111
111
110
112
113
114
114
116
117
117
117
117
116
118
119
119
119
117
117
117
116
116
117
116
117
117
117
117
117
117
118
117
116
115
114
115
115
114
115
116
115
111
113
113
113
112
112
113
113
115
115
115
115
116
116
115
118
116
116
115
114
115
115
115
116
116
115
114
115
115
115
114
115
116
117
118
118
120
119
120
120
113
117
117
116
116
116
117
116
116
116
116
115
116
115
116
117
118
119
118
118
118
119
120
118
119
118
118
117
116
116
117
118
115
115
114
115
115
115
114
115
115
114
115
116
115
116
117
115
115
115
115
116
116
116
116
115
117
118
118
120
120
119
118
117
116
114
116
116
117
116
116
113
115
116
116
116
115
115
117
116
116
116
115
115
115
114
113
113
115
116
116
117
118
117
116
116
116
116
115
115
115
115
114
113
113
112
112
113
114
114
114
115
113
113
114
113
111
110
110
111
111
112
111
112
113
116
115
116
116
116
116
115
115
115
114
115
114
114
114
113
112
112
113
112
112
112
113
113
113
113
114
115
114
115
116
116
116
115
115
117
118
117
117
118
118
119
118
118
119
118
118
119
119
119
119
119
119
119
119
120
119
119
119
118
118
119
118
118
119
118
118
124
120
118
117
117
117
117
118
118
118
117
118
120
119
119
119
120
120
120
119
119
119
120
119
118
118
118
118
118
118
118
118
117
117
118
117
117
117
116
116
116
115
115
116
117
116
117
118
117
117
119
118
117
118
117
115
118
118
119
122
124
124
122
123
124
122
124
126
127
126
127
127
128
128
127
128
128
127
128
128
127
128
128
127
128
133
129
130
130
130
130
131
130
131
130
129
128
128
128
130
132
132
134
133
133
133
133
133
132
131
130
131
132
133
132
134
135
135
133
134
134
135
135
135
134
135
133
132
134
133
133
133
135
130
131
132
132
132
131
132
135
134
135
134
135
135
135
135
132
135
135
137
137
135
136
137
137
137
138
138
141
140
140
140
141
138
138
139
141
140
139
139
141
140
141
142
142
141
141
141
140
138
140
140
139
133
138
134
134
133
134
135
135
133
133
134
134
133
134
135
137
136
138
139
138
139
138
138
138
138
137
137
137
138
135
136
136
135
137
137
135
134
135
136
138
138
138
137
136
136
135
135
135
135
134
137
136
135
135
136
136
135
140
139
137
135
135
133
132
132
133
135
139
140
141
140
143
143
142
144
143
143
145
145
146
147
148
148
146
139
140
139
140
142
141
139
141
141
141
145
146
135
139
140
138
138
138
136
138
138
138
138
139
140
138
139
140
139
142
145
144
145
147
148
150
150
148
149
149
151
151
149
125
120
122
122
121
122
121
124
125
124
124
125
124
125
123
123
123
123
122
122
121
122
123
124
122
121
121
120
118
114
116
115
115
116
116
117
118
120
119
118
118
118
120
122
120
122
123
122
119
118
119
118
120
119
120
121
117
114
116
114
116
116
118
117
118
118
117
119
120
118
117
112
110
105
107
106
108
109
110
111
111
111
111
111
114
115
115
115
117
115
116
114
114
114
113
115
116
115
117
119
121
122
123
124
124
124
124
126
126
126
127
127
126
126
128
129
126
126
126
126
126
126
126
125
124
124
123
122
122
100
96
95
94
98
95
95
96
96
95
93
94
96
97
98
98
96
97
98
96
99
97
98
98
99
99
100
102
102
100
100
101
101
101
103
102
102
102
103
99
100
99
101
102
104
104
102
103
103
105
105
106
106
107
106
106
106
106
107
107
106
107
106
97
90
89
88
88
88
90
89
88
89
87
88
87
86
85
84
85
86
85
85
85
84
85
85
86
85
84
83
83
82
82
82
82
81
82
81
78
77
78
79
79
80
81
81
81
80
80
77
77
77
75
77
76
75
75
75
75
75
75
74
75
74
76
77
78
80
80
78
74
73
74
74
73
74
75
75
75
75
75
75
76
76
76
76
76
76
76
73
74
73
72
72
72
74
75
75
76
75
78
77
77
77
77
77
77
77
76
77
77
76
78
78
80
79
78
80
79
80
80
81
80
80
80
81
82
81
77
76
77
76
77
74
75
75
76
76
77
78
77
81
83
85
86
85
84
83
84
83
83
82
81
81
81
82
82
82
82
82
83
83
85
84
81
82
82
82
82
81
80
81
83
82
81
82
82
82
82
82
82
82
82
84
84
85
86
86
87
87
85
86
86
86
86
84
87
86
86
86
85
84
84
83
83
84
84
84
83
83
83
82
81
82
84
82
81
79
80
79
79
79
79
78
78
78
79
78
76
77
77
78
78
78
77
77
76
75
75
76
75
76
75
76
76
75
76
76
76
78
77
78
76
76
76
77
77
80
80
78
78
77
74
72
71
72
72
72
71
71
72
72
71
72
72
72
72
72
72
72
71
71
69
71
71
72
72
71
72
71
70
70
70
70
71
71
72
72
72
73
72
71
72
72
70
71
70
71
71
70
71
72
72
73
72
72
72
72
71
71
71
69
68
67
67
67
62
64
64
64
63
63
63
63
63
63
63
63
63
64
66
66
67
67
66
68
67
67
67
68
66
66
67
68
68
69
69
68
68
68
68
68
68
68
71
71
71
70
70
71
72
73
72
72
72
71
71
71
71
72
73
73
75
74
73
70
71
