29
29
29
29
29
29
28
28
28
28
28
27
27
28
27
28
28
28
28
30
29
30
29
30
29
29
29
29
28
28
28
29
29
29
29
28
28
27
27
28
29
29
29
29
29
28
28
28
28
28
28
28
29
29
30
29
29
29
29
29
30
30
31
31
30
31
31
31
31
32
32
32
32
32
32
32
32
33
32
32
32
32
32
32
32
32
31
32
31
31
32
31
31
31
31
32
32
32
32
32
32
33
34
34
34
34
33
34
34
34
34
36
35
35
35
35
35
35
35
35
35
36
35
35
35
35
35
35
35
35
35
34
35
34
34
34
35
34
33
32
32
32
33
32
32
33
33
33
33
34
33
34
34
34
34
33
33
32
33
33
32
32
33
33
33
33
33
32
32
33
33
33
33
34
34
35
35
35
34
34
33
34
34
34
34
34
34
34
34
34
34
36
36
35
36
36
36
36
36
36
36
37
37
37
36
36
36
35
35
36
36
35
36
35
35
35
35
35
36
36
36
37
37
37
37
37
37
37
37
37
37
37
38
38
38
38
38
39
40
40
40
39
38
38
38
38
37
37
37
37
37
38
38
38
38
37
37
38
38
37
37
37
38
37
37
37
37
38
38
39
39
40
40
39
39
39
39
39
39
39
41
40
40
41
40
39
39
40
40
40
40
40
39
39
39
38
38
38
38
38
38
39
39
39
39
39
38
38
38
38
38
38
38
38
38
38
39
39
38
38
37
38
38
38
38
38
38
38
38
38
39
39
39
39
40
40
40
40
40
40
40
40
40
40
41
40
40
40
40
40
40
40
40
41
40
40
39
39
40
40
41
39
39
40
39
38
39
39
39
39
39
38
38
38
37
37
37
37
37
37
37
37
37
37
37
37
38
38
38
38
38
38
38
38
38
38
38
38
39
39
39
39
39
39
39
40
40
40
39
39
39
38
38
38
38
38
38
38
37
37
37
36
36
36
35
34
35
36
37
37
37
37
37
38
39
40
39
39
39
39
40
40
40
40
40
40
40
40
39
40
39
40
40
40
40
40
39
39
39
40
40
41
41
42
41
41
41
40
40
41
42
42
42
43
42
42
43
43
42
42
40
39
40
40
39
39
38
37
38
38
38
39
40
39
39
39
38
38
39
39
40
40
41
41
41
41
41
42
41
42
41
40
41
41
41
41
41
41
41
41
41
41
42
42
41
42
43
43
43
43
42
42
43
42
41
40
41
41
41
41
41
41
41
41
41
41
41
42
42
42
42
42
42
42
41
41
41
41
41
42
42
42
42
42
42
42
42
42
43
43
43
42
43
43
43
43
43
43
43
43
43
42
42
43
43
43
43
44
44
44
43
44
44
44
44
44
45
44
44
44
43
43
44
43
43
43
43
43
44
44
44
45
45
46
45
45
45
45
44
44
44
44
44
45
44
44
44
45
44
44
44
44
43
43
44
44
44
43
42
38
40
39
39
40
40
39
39
39
39
40
40
39
39
39
40
40
40
38
38
38
38
38
38
38
37
38
38
37
39
39
39
39
40
39
39
39
39
42
40
40
41
40
41
42
41
41
42
42
42
42
43
43
45
44
43
44
43
43
42
43
43
44
44
44
43
43
43
44
44
44
44
43
44
43
43
42
42
42
43
44
44
43
43
43
43
43
43
44
44
43
42
42
41
40
40
39
39
40
38
37
38
36
36
37
35
34
35
35
36
36
35
35
34
35
34
32
34
32
32
34
35
35
34
35
35
33
34
34
34
34
35
36
37
37
36
36
35
36
37
36
37
36
37
37
37
37
36
37
36
37
36
36
37
36
36
36
36
36
36
37
38
39
38
39
39
40
41
42
42
43
42
42
42
41
41
40
40
40
41
41
42
41
41
41
41
42
43
43
43
43
44
43
44
43
44
43
44
44
43
43
42
42
42
41
41
41
42
42
42
42
40
40
39
40
40
41
40
39
40
41
42
42
43
44
44
43
43
43
43
42
42
42
43
42
42
42
42
42
42
42
43
43
42
42
42
42
42
42
43
43
43
43
43
43
43
43
44
44
44
44
44
43
44
44
43
44
44
43
44
44
44
44
44
44
44
43
44
44
43
43
44
45
46
46
46
46
46
45
45
45
45
46
46
46
46
45
45
46
46
45
46
45
45
45
46
46
48
49
50
51
52
52
51
51
52
52
52
52
52
52
52
52
53
53
53
54
55
55
54
54
54
55
56
55
56
56
56
56
56
56
56
55
56
56
56
55
55
55
56
56
56
55
54
54
54
55
55
57
58
58
57
57
57
57
58
57
58
57
57
58
58
58
60
60
59
60
59
60
59
59
59
61
62
60
59
60
60
60
60
59
59
59
58
58
58
58
54
54
55
54
54
55
55
56
56
55
56
55
55
55
54
55
54
54
54
54
55
55
56
57
57
58
57
57
58
57
59
58
58
58
57
57
56
57
57
56
54
54
54
54
55
55
54
54
54
54
54
54
53
54
54
56
57
57
56
56
56
57
56
56
55
55
55
55
56
58
57
57
58
58
58
57
58
57
57
57
56
56
56
56
56
56
58
58
57
57
57
58
58
58
58
58
58
58
57
57
57
58
58
57
56
56
56
56
56
56
57
55
55
56
55
55
54
54
52
53
54
54
55
54
55
56
56
57
57
57
57
59
59
59
60
60
60
60
61
61
60
61
60
59
60
60
59
59
60
59
60
60
60
60
60
60
61
60
60
60
60
58
57
57
56
57
57
58
57
58
58
58
58
57
58
60
62
62
63
64
64
64
65
65
65
66
65
64
66
66
66
66
66
66
65
65
65
65
65
66
66
66
67
67
68
68
69
69
68
68
69
69
71
71
71
71
70
71
71
71
69
65
68
