56
57
57
57
57
57
57
57
57
57
57
57
57
57
56
56
57
58
59
59
59
59
59
60
60
59
60
60
60
59
60
60
59
59
59
59
59
57
56
58
58
59
60
60
60
58
58
57
56
57
58
58
58
58
58
58
58
58
58
59
60
60
60
60
60
62
63
63
64
65
65
65
64
64
66
67
67
67
66
66
66
65
66
68
66
67
65
66
66
67
67
66
67
64
65
65
65
65
66
66
65
66
68
68
69
70
69
69
69
69
70
70
69
70
71
69
69
69
69
69
70
70
70
70
70
70
69
69
69
69
69
68
68
67
68
68
70
70
69
67
67
67
68
68
68
69
68
69
68
68
68
69
69
69
69
69
67
67
67
67
66
65
66
66
66
66
66
66
65
66
67
67
67
67
68
70
70
68
67
68
68
69
69
70
70
70
71
71
71
71
70
72
72
69
68
71
70
71
71
71
72
73
72
72
72
73
72
71
71
71
72
72
71
70
70
70
70
70
71
70
72
72
73
73
73
73
73
73
75
75
75
75
75
75
73
74
74
74
74
74
75
68
69
70
68
68
67
67
65
65
65
66
68
68
69
68
68
68
68
68
69
67
69
68
67
65
65
66
67
67
68
68
68
66
67
64
65
65
65
66
69
69
70
71
69
68
70
70
70
69
70
68
66
66
67
65
65
65
65
65
65
65
65
66
66
64
64
64
65
65
65
64
64
64
65
65
66
65
65
63
63
64
64
64
65
65
65
65
65
65
65
66
67
67
67
67
67
66
66
66
66
68
68
67
68
68
67
68
67
67
68
68
68
69
68
68
67
66
68
69
69
69
69
69
70
70
70
71
73
71
73
71
70
70
69
69
71
70
70
70
70
70
70
70
70
70
71
71
71
72
72
71
72
72
73
73
72
72
72
72
72
73
74
74
74
75
76
75
74
74
75
74
73
74
74
73
73
74
73
71
72
69
68
67
66
64
67
67
68
69
69
70
71
73
77
77
74
76
76
77
77
78
78
78
77
78
76
76
76
76
75
77
77
77
77
77
76
76
77
78
79
79
78
79
79
77
76
75
75
78
80
80
80
80
80
80
79
80
79
78
77
76
76
77
76
76
73
73
72
74
74
75
75
71
72
73
71
71
72
74
74
74
75
76
77
77
77
77
75
77
76
76
77
77
78
76
75
74
75
75
75
72
73
73
71
73
74
74
75
75
75
75
76
75
75
73
73
73
74
73
73
73
75
75
76
76
76
76
76
76
76
76
77
77
78
78
77
76
77
78
78
78
78
80
78
79
79
77
78
78
78
77
79
79
79
79
78
78
78
79
78
77
78
78
78
78
79
80
81
81
80
80
80
80
79
80
80
80
80
79
78
77
78
77
76
76
76
76
76
77
77
78
78
79
80
80
80
81
78
75
75
76
76
77
77
77
79
78
78
79
78
78
77
77
77
78
78
77
75
69
72
70
72
73
72
71
70
71
71
72
73
71
71
72
71
72
72
70
70
69
69
68
69
68
66
68
67
65
68
68
69
69
69
69
69
68
67
69
68
68
68
67
69
67
66
67
70
70
69
70
71
71
75
74
72
72
71
70
69
71
71
73
73
73
72
73
73
73
73
73
72
72
73
71
70
69
68
67
66
68
68
66
65
66
67
67
67
68
67
66
65
65
64
62
61
59
59
60
57
56
56
54
55
56
55
55
54
52
52
55
54
54
54
55
54
52
54
51
54
55
57
57
55
57
57
54
54
55
55
55
57
58
58
58
58
58
58
57
58
57
57
57
58
59
59
59
59
58
58
59
58
58
59
58
57
58
57
57
57
58
60
60
59
60
61
62
61
61
62
63
63
62
62
62
60
60
59
60
60
61
61
60
59
60
60
61
61
61
62
63
64
63
64
62
63
62
61
63
62
61
59
59
59
59
57
58
59
59
59
59
56
54
52
52
53
54
53
52
52
53
54
54
55
56
57
57
57
58
58
57
58
58
60
64
65
66
66
65
66
66
68
68
68
68
68
69
69
69
69
69
69
69
69
69
69
69
70
70
71
70
70
70
70
71
69
70
69
69
70
70
70
70
71
71
70
69
70
70
69
69
70
72
73
73
73
72
70
70
70
69
70
70
70
70
71
71
72
71
71
71
71
70
70
70
72
72
73
77
76
77
78
77
78
78
79
79
78
78
78
77
78
79
80
79
80
79
81
81
81
81
79
80
80
79
79
79
79
79
79
79
78
78
79
81
82
82
82
81
81
83
83
82
80
80
79
79
79
75
77
76
76
76
77
76
77
77
78
77
78
78
79
79
82
81
80
81
80
81
79
79
79
81
82
80
80
80
81
80
80
80
79
79
80
81
78
78
76
77
78
76
78
79
79
80
80
79
79
78
78
79
78
78
78
78
78
78
79
78
79
80
81
84
85
84
84
83
84
84
84
84
83
83
82
83
82
81
80
80
81
81
82
82
82
82
81
82
82
84
83
83
85
86
87
88
88
88
89
89
89
89
89
89
87
88
89
91
90
90
91
92
91
91
92
90
91
91
92
92
92
91
90
91
93
96
95
93
93
94
94
94
94
95
94
94
94
93
93
94
93
93
92
92
93
93
94
94
94
92
92
93
93
93
92
92
91
94
95
95
94
94
94
95
96
96
96
95
95
95
96
95
96
96
97
97
99
99
98
99
99
99
99
99
97
98
99
97
97
97
95
95
93
93
93
92
92
92
93
90
91
91
90
90
90
92
92
92
93
93
93
92
91
94
95
96
97
98
97
96
97
98
98
99
99
98
99
99
98
98
98
98
98
98
98
98
97
98
99
99
100
103
105
106
108
106
106
105
108
109
113
113
110
111
111
110
110
110
106
100
104
