32
32
31
32
41
43
43
43
43
43
44
44
45
44
44
44
45
44
43
44
44
43
43
44
45
47
47
47
47
46
47
47
47
48
48
47
49
48
48
49
49
48
48
49
49
49
48
47
47
48
48
49
48
48
48
48
49
49
50
50
50
50
50
49
49
49
50
51
52
52
51
52
51
52
53
53
54
54
53
53
52
52
53
53
52
52
52
52
52
52
53
51
51
50
51
51
52
52
52
52
51
51
51
51
51
52
52
52
52
52
52
52
52
52
52
51
50
51
51
52
52
53
53
54
54
54
54
54
54
55
54
53
54
54
54
54
55
56
55
55
54
54
55
55
56
58
58
58
58
58
58
59
59
59
60
59
57
58
58
58
57
57
57
58
59
60
62
61
60
60
61
63
63
63
63
64
64
65
64
64
64
64
65
66
65
65
66
65
66
67
66
67
67
67
68
68
69
69
69
69
69
70
69
70
71
71
70
71
71
70
71
70
71
70
70
70
71
70
70
70
70
70
70
70
70
70
70
70
70
69
75
77
78
80
80
81
81
80
81
80
78
77
76
76
77
78
76
76
76
76
76
78
78
77
79
79
79
80
80
80
81
81
81
82
82
82
81
82
82
83
84
84
84
82
83
82
82
82
83
82
83
83
82
83
82
82
84
85
86
85
85
84
81
85
81
80
79
78
78
79
80
81
81
81
79
79
80
79
80
81
81
82
81
79
79
80
80
81
80
80
83
82
82
83
83
83
84
83
84
84
84
84
84
84
83
82
83
83
83
83
83
84
87
87
88
88
88
88
88
88
88
95
91
91
91
90
89
90
90
90
89
87
86
87
87
88
87
87
87
86
86
84
84
84
84
83
84
83
85
85
86
86
86
88
87
88
88
87
87
87
87
87
87
87
88
87
87
86
86
85
86
86
86
87
87
88
88
88
87
86
88
87
86
86
87
84
85
87
86
83
87
86
86
84
83
82
83
85
85
87
87
87
88
88
90
93
91
92
92
93
92
94
93
94
93
94
93
92
94
94
94
95
94
94
94
95
96
95
94
94
94
94
94
94
93
92
91
90
90
94
96
95
98
99
100
100
99
99
99
97
102
101
108
107
107
108
106
109
108
112
111
111
111
110
111
111
111
111
110
112
111
112
112
112
112
113
114
113
113
114
115
115
115
115
116
114
116
114
116
115
115
113
112
114
115
116
118
116
117
115
117
116
118
117
118
115
115
115
116
116
117
117
119
119
119
121
122
119
118
118
117
117
116
117
115
116
116
116
116
116
116
117
117
117
115
116
116
117
116
116
118
119
119
120
119
119
118
118
118
119
119
119
121
121
119
120
120
120
122
120
120
117
118
120
120
120
120
119
118
118
117
117
120
117
116
116
117
117
117
116
117
118
117
117
118
118
117
119
117
116
118
118
118
119
121
121
122
124
124
124
123
124
126
127
127
129
129
129
128
115
123
122
126
126
128
127
129
129
127
129
130
126
126
128
128
130
131
129
128
127
128
127
129
129
126
125
125
127
130
132
135
135
137
137
137
135
134
135
135
135
136
137
138
136
136
136
136
135
135
135
134
133
133
132
132
135
134
133
132
136
138
138
138
139
141
142
143
144
141
143
142
141
144
141
143
140
140
138
138
140
143
140
141
142
143
143
143
144
144
143
141
142
143
150
150
148
148
147
144
141
145
144
145
145
149
148
149
147
152
153
154
153
150
147
136
134
138
137
137
140
140
142
140
140
140
139
140
144
142
142
144
144
144
143
138
140
142
142
143
142
143
145
147
147
147
149
149
151
150
150
152
150
153
151
158
160
158
159
158
157
156
156
157
159
157
156
155
155
157
156
156
155
156
157
157
158
159
160
161
164
163
162
161
162
157
154
157
154
155
158
157
158
159
153
154
154
153
152
151
154
153
153
155
158
155
156
156
155
155
155
151
152
154
159
164
166
164
166
166
167
166
165
164
164
163
163
163
164
165
166
168
166
165
163
164
165
164
163
163
164
163
163
165
166
165
165
164
165
165
165
166
166
166
167
167
166
166
166
164
166
167
166
166
164
162
165
162
163
165
165
164
164
166
166
166
166
165
165
165
166
166
173
169
172
170
171
170
169
169
170
168
167
168
167
168
169
168
167
166
167
167
163
164
160
162
166
153
154
151
152
149
152
154
155
157
158
156
155
156
156
156
150
145
146
148
148
149
151
153
154
156
155
157
158
157
152
150
149
151
151
153
154
155
157
151
147
150
150
149
148
148
151
154
151
150
150
151
153
154
149
149
148
152
150
150
149
150
152
154
155
155
155
156
157
158
161
159
161
154
158
158
160
160
158
159
158
156
157
157
157
158
159
162
163
162
163
164
163
163
163
161
162
164
162
162
162
162
169
172
171
171
170
170
171
170
172
172
172
173
173
173
172
171
173
173
175
174
178
179
179
178
178
178
179
183
181
181
181
183
185
181
180
180
180
181
183
186
184
185
185
184
184
181
180
181
179
180
181
184
184
184
184
185
181
183
197
195
194
191
193
194
194
194
195
198
197
198
197
198
199
198
197
196
195
194
195
194
193
195
194
193
194
195
194
195
195
197
197
199
199
197
198
198
197
198
197
198
197
198
200
201
200
201
203
202
203
204
205
204
204
204
204
202
202
201
202
200
200
199
199
200
200
200
212
209
210
205
208
208
208
209
210
214
212
212
212
212
213
213
212
214
214
219
216
215
216
216
216
218
218
219
221
219
219
217
217
218
220
221
222
220
220
214
218
219
216
217
217
217
217
220
220
219
222
225
223
224
225
224
224
226
228
228
229
227
228
220
220
217
222
220
220
218
218
219
218
218
219
221
223
222
223
220
220
219
220
214
209
216
