76
76
76
78
77
78
79
79
77
76
78
76
76
78
78
78
78
78
78
79
79
80
80
80
81
80
81
82
81
81
82
82
81
80
81
80
79
79
77
78
78
78
79
79
79
77
76
76
76
76
77
77
77
76
75
74
75
75
76
77
77
79
80
79
80
80
80
81
81
81
81
82
80
79
79
79
80
80
79
79
79
77
79
80
79
80
79
79
80
80
81
79
78
75
76
77
78
78
78
78
78
79
80
80
80
81
81
82
82
82
81
82
83
84
84
82
84
84
84
84
85
86
87
87
85
85
86
85
88
89
87
87
87
86
87
87
88
87
86
85
85
86
86
86
86
87
88
89
89
90
89
90
90
90
92
91
90
89
90
90
90
90
91
92
91
91
90
90
89
89
90
91
91
80
76
75
77
77
77
77
78
79
79
80
78
79
79
80
79
81
81
81
82
81
82
82
83
83
82
81
81
82
81
81
81
81
79
79
79
81
81
81
80
80
81
81
80
80
81
81
81
81
81
81
81
81
81
80
81
80
80
80
80
81
81
82
83
82
81
81
80
81
78
77
77
78
77
78
76
76
76
77
79
79
80
80
81
81
81
81
81
82
82
82
82
83
82
83
82
82
82
82
83
81
80
79
80
80
81
79
81
80
80
81
79
79
81
81
82
82
82
81
79
79
80
78
78
78
81
82
82
82
83
84
86
86
85
85
86
86
86
86
86
86
86
87
87
87
86
85
86
86
85
86
86
88
87
87
87
87
87
86
87
88
88
88
88
87
87
87
87
88
88
89
89
88
87
88
87
88
88
88
88
89
88
87
86
86
87
86
86
85
85
85
86
86
86
87
91
90
90
89
88
88
88
86
87
87
89
88
89
89
90
90
91
91
92
91
91
91
91
90
91
91
92
91
91
92
92
92
92
92
92
92
92
92
94
93
91
91
92
90
90
90
89
88
88
88
88
85
86
84
84
82
82
80
84
84
85
88
89
89
90
90
92
96
93
94
93
94
94
95
95
96
96
96
96
96
95
95
94
96
95
96
95
95
94
94
94
95
95
96
94
95
95
94
94
93
94
96
97
97
97
97
98
97
97
97
97
95
94
94
95
96
95
95
92
94
92
92
91
93
94
93
92
91
94
95
93
96
96
96
96
96
96
97
97
97
98
98
98
98
99
99
100
99
99
98
99
98
97
97
96
96
96
96
96
95
95
94
96
96
97
96
96
95
95
96
96
95
96
95
97
96
97
97
96
96
96
97
96
97
97
97
100
100
100
99
99
99
99
99
101
101
102
103
103
103
104
104
104
104
103
104
104
104
104
103
103
103
102
102
104
103
103
104
104
104
107
107
105
106
106
105
107
107
107
107
106
106
106
106
107
108
107
108
107
108
107
108
108
108
108
107
107
108
107
106
106
104
105
106
110
105
105
104
104
105
105
106
105
104
104
105
105
106
105
105
104
96
99
97
99
100
101
99
99
99
98
100
101
99
98
100
99
101
107
100
101
99
99
98
99
98
97
96
97
95
98
100
100
100
102
102
101
100
99
99
98
98
99
105
107
106
105
106
107
107
106
107
108
107
107
107
106
107
106
105
104
106
106
107
108
108
107
108
108
109
109
110
110
108
110
109
109
108
107
107
110
108
110
108
105
105
106
107
107
108
108
107
105
105
101
99
99
97
97
98
97
95
97
94
94
94
93
94
96
90
92
94
94
94
95
96
92
90
91
90
91
93
94
93
92
93
94
93
94
96
95
95
97
97
97
98
98
99
99
99
100
99
100
100
102
101
103
103
103
104
104
106
105
104
107
105
105
105
106
106
106
108
109
109
108
110
109
110
113
112
112
113
112
112
112
111
110
111
110
111
111
113
113
113
113
114
113
112
113
113
114
115
114
113
113
113
114
114
114
114
114
114
113
112
112
111
112
112
114
114
114
115
111
106
105
108
109
111
112
111
112
114
116
117
117
118
118
117
116
117
117
119
121
121
123
122
122
122
122
122
122
123
123
123
124
124
123
123
123
122
122
122
122
122
122
122
122
123
124
124
124
124
124
123
123
121
119
120
120
120
120
121
122
122
123
122
121
121
123
123
122
123
123
124
124
124
123
121
123
120
122
121
121
120
119
119
120
119
117
120
115
114
114
114
114
114
117
117
117
121
125
126
122
123
123
122
122
121
121
121
121
119
120
119
119
119
119
118
120
121
120
120
119
118
118
117
118
117
117
116
117
117
115
116
116
116
120
119
118
118
118
118
119
118
119
120
120
119
121
123
123
125
129
125
124
123
123
123
123
122
122
124
125
126
126
127
126
127
127
128
126
127
127
129
129
128
127
128
128
128
128
130
130
130
137
131
132
132
129
131
131
129
131
132
132
132
133
132
132
131
132
132
132
133
132
131
131
132
132
137
139
138
137
136
137
136
137
137
136
138
138
139
139
137
139
137
138
136
135
135
137
136
135
136
136
136
137
138
139
139
138
137
137
138
139
139
142
140
141
142
141
143
143
142
143
143
141
141
140
141
142
143
143
145
146
145
146
147
146
146
147
148
146
146
144
142
140
141
140
139
139
142
143
142
142
140
140
139
140
141
139
140
138
137
138
138
137
138
139
138
138
141
145
142
142
143
145
147
148
147
147
148
148
150
151
152
152
151
151
150
148
150
152
155
155
157
155
156
157
156
157
159
159
159
158
157
158
160
165
165
165
165
164
163
162
162
162
163
165
164
164
162
162
164
163
163
163
164
165
166
166
166
166
169
168
169
170
170
169
168
169
168
167
166
167
166
166
167
169
169
168
168
168
170
170
171
168
169
170
170
173
173
172
173
174
172
174
176
176
176
175
171
170
169
168
167
165
166
163
156
162
