24
24
24
24
24
25
25
25
23
22
22
21
20
22
21
21
21
21
21
21
21
21
22
22
22
21
22
22
21
22
22
21
22
22
22
21
21
21
21
21
21
21
22
22
22
22
21
21
20
20
21
21
21
22
22
22
22
22
22
22
23
23
23
23
24
24
24
24
24
24
24
24
23
23
23
23
23
24
24
24
23
23
23
22
22
22
21
22
22
22
22
22
22
22
21
22
22
21
22
22
22
22
22
21
21
22
22
22
22
23
23
24
24
24
24
24
24
24
24
24
24
25
25
25
24
24
24
24
24
25
24
24
24
25
25
25
25
25
25
24
25
26
26
26
26
26
26
26
26
26
25
26
25
26
26
26
26
26
26
25
25
24
25
25
25
25
25
25
25
25
25
25
25
25
25
25
25
26
25
24
24
24
24
25
26
26
26
26
26
26
25
25
25
26
26
26
26
26
25
26
26
27
26
26
27
27
27
27
28
28
28
28
28
28
28
28
28
28
28
28
28
28
28
28
28
28
28
27
28
28
28
28
28
28
29
29
29
32
31
31
32
31
31
30
30
31
30
30
30
30
30
30
31
31
31
32
32
32
32
32
33
34
34
34
35
35
35
37
37
37
37
36
37
36
37
37
37
37
37
38
39
38
38
38
37
37
37
38
38
38
38
36
36
37
37
35
35
35
36
36
37
37
42
42
42
42
42
41
41
41
41
42
42
41
41
42
43
42
42
41
41
41
41
42
41
42
42
42
43
44
45
46
47
47
47
47
47
48
47
47
47
48
48
48
49
48
47
47
46
46
47
48
48
48
47
47
46
47
48
48
48
48
50
53
54
54
53
53
52
52
52
52
50
52
52
52
52
51
52
53
52
54
54
55
54
55
56
55
56
55
55
54
56
57
56
56
55
56
57
56
56
56
55
54
56
57
58
58
56
57
59
58
58
59
58
54
54
56
54
52
54
50
47
48
48
48
53
51
53
55
54
55
55
55
55
57
58
58
60
61
61
63
60
61
61
61
61
63
62
64
63
65
65
66
66
68
67
65
66
68
70
70
67
70
69
69
70
68
69
73
74
73
75
74
74
73
73
73
74
73
72
71
72
75
74
74
71
72
71
75
76
78
78
81
81
84
82
84
83
82
81
83
81
81
80
82
83
83
82
83
82
83
85
86
88
88
89
88
91
89
91
91
91
93
92
92
93
93
97
97
97
100
102
102
101
92
94
100
100
98
97
94
96
97
97
100
100
98
97
96
95
95
96
96
95
96
94
95
93
94
96
99
98
95
96
98
98
96
97
97
99
98
104
105
104
104
105
104
109
109
110
110
108
104
105
107
102
103
106
104
104
106
106
107
111
111
112
109
109
110
103
104
106
105
103
101
97
98
97
103
101
102
101
103
104
103
97
102
106
96
95
96
95
97
95
91
87
90
85
90
89
87
90
89
89
91
87
86
80
71
85
84
89
88
88
84
85
86
84
86
89
87
87
90
90
92
91
89
90
88
87
87
89
87
82
84
84
82
84
82
81
83
80
80
79
77
79
80
79
77
79
79
83
81
77
78
75
75
77
79
80
81
84
86
81
82
79
76
75
75
78
80
79
79
78
80
81
82
84
84
87
83
88
85
87
85
83
80
78
78
80
77
78
79
79
79
79
79
80
79
75
78
72
67
69
67
67
64
62
61
62
59
62
65
67
66
66
63
69
68
69
68
67
65
61
58
59
56
57
59
62
64
62
64
64
62
64
65
66
68
70
68
71
72
72
70
72
71
72
74
73
74
75
77
76
76
76
76
75
77
78
77
78
76
77
78
78
78
76
75
76
77
74
75
72
73
72
71
71
69
72
70
67
67
66
66
64
64
65
65
65
61
61
62
62
63
63
66
66
66
66
66
66
66
67
68
67
66
69
66
67
65
65
65
64
65
65
66
65
66
64
60
59
61
62
62
61
58
59
62
64
65
66
66
68
68
68
68
70
67
65
65
68
66
66
66
66
63
64
66
67
66
67
66
67
68
69
70
70
72
72
73
74
73
74
75
74
74
75
75
74
73
72
71
66
68
70
73
77
77
76
76
77
77
74
73
75
74
74
76
75
77
78
79
80
81
79
78
78
78
78
77
78
78
78
78
77
78
78
76
77
76
75
73
77
77
75
78
76
75
74
75
76
78
78
79
79
78
77
77
77
77
72
74
75
76
77
81
76
77
76
75
78
77
78
77
78
78
78
78
77
77
75
75
75
75
76
76
77
76
77
78
77
79
85
89
90
93
92
92
91
92
94
91
91
91
91
92
92
93
93
92
92
92
92
97
96
97
94
95
96
96
97
95
94
95
96
96
98
98
99
99
99
99
98
98
95
97
97
96
97
98
97
98
98
99
100
99
99
102
100
100
97
98
98
100
100
102
103
104
104
103
103
100
100
100
101
101
102
101
103
102
103
103
104
104
101
104
104
105
105
106
106
106
107
107
108
108
108
108
110
111
105
105
105
101
102
103
104
102
103
103
104
100
99
98
97
96
96
97
98
100
100
101
102
103
104
103
104
106
107
108
106
107
108
107
106
105
107
104
102
102
104
104
104
102
104
106
106
105
103
103
102
103
103
103
102
100
102
104
106
107
108
106
106
106
108
106
106
107
110
108
108
103
102
102
100
100
101
101
102
102
102
104
103
105
105
104
105
106
107
107
108
105
104
106
105
105
105
106
108
112
115
111
114
115
110
111
112
111
109
110
111
110
110
110
110
110
109
109
107
107
105
104
103
98
95
98
98
96
96
97
96
95
95
96
96
98
98
94
95
96
96
96
99
101
101
101
102
100
99
100
102
101
102
102
99
98
99
98
96
97
96
99
99
102
98
101
104
