63
64
64
64
64
64
64
64
63
62
63
62
63
64
64
65
65
66
66
66
66
66
67
67
67
65
65
65
65
65
65
65
65
65
65
66
66
66
65
65
66
66
67
67
66
65
65
65
64
65
64
65
64
66
65
66
65
66
66
66
66
66
66
67
68
69
69
69
69
69
69
69
67
67
67
68
67
67
66
67
67
66
67
67
67
67
66
68
68
68
68
66
65
65
65
65
65
65
65
64
64
65
66
66
66
67
67
67
68
69
69
70
71
71
71
71
71
71
71
71
71
71
71
71
71
71
71
70
71
71
70
69
68
68
68
68
69
68
68
67
66
67
68
67
67
70
69
70
70
69
70
71
71
71
72
72
71
71
69
69
68
67
68
68
67
67
67
68
68
69
69
70
71
71
71
73
73
73
74
73
74
75
75
75
74
74
74
74
74
74
73
73
73
73
74
75
74
73
74
74
74
75
75
75
75
74
74
74
73
74
74
74
74
73
72
72
72
72
74
74
75
75
75
75
75
75
75
74
75
75
76
77
77
78
78
78
78
79
79
79
78
78
76
77
77
77
77
78
77
76
77
78
79
80
81
81
83
84
82
82
83
82
82
82
81
81
79
81
82
81
81
81
82
81
82
81
81
81
82
81
82
81
80
80
79
80
81
82
82
83
84
82
81
81
82
79
80
80
80
79
79
80
79
80
78
77
77
78
78
77
78
79
79
79
80
81
81
80
80
79
80
80
80
80
80
80
84
83
85
85
85
85
85
86
85
86
85
85
84
84
84
84
85
86
86
85
86
85
84
84
85
85
86
86
85
84
83
84
84
82
83
82
82
82
82
82
82
81
81
80
80
80
80
80
80
79
80
80
80
80
80
81
81
81
81
82
82
83
84
83
83
82
83
84
84
84
83
84
84
84
84
84
83
84
84
84
84
83
81
82
82
81
81
81
81
81
82
83
83
83
84
83
82
82
80
79
79
80
82
82
83
83
84
85
88
86
88
87
87
88
88
88
87
88
88
89
89
88
89
90
89
91
91
91
92
93
93
93
95
94
94
94
94
94
93
93
93
91
91
94
96
95
95
97
96
95
95
96
95
91
93
93
95
95
95
95
93
94
91
93
91
92
93
92
92
93
93
93
91
92
93
93
94
92
92
93
93
93
95
95
95
94
95
95
95
95
94
95
96
92
92
92
90
90
90
91
92
92
92
92
93
94
93
94
94
92
91
93
93
92
90
90
92
92
92
93
93
93
93
92
92
93
94
95
96
97
97
95
95
94
93
94
93
93
92
94
95
94
93
94
95
96
96
97
97
96
96
96
96
96
97
96
96
96
95
95
94
94
96
96
95
95
95
95
97
98
97
96
97
96
97
96
96
96
95
96
96
97
97
97
98
98
98
98
98
98
99
99
100
101
101
102
102
102
102
102
102
103
101
102
101
102
103
103
103
104
104
104
102
95
98
98
100
100
99
96
97
98
96
97
99
97
98
100
99
100
101
100
100
98
98
98
99
95
93
94
94
94
96
97
95
96
97
98
98
98
97
99
100
100
100
100
98
94
94
94
95
96
96
97
97
98
97
97
97
98
96
95
96
97
97
97
96
97
95
97
98
98
97
97
96
93
94
94
93
92
92
90
92
93
94
92
92
92
93
94
94
94
95
94
91
90
90
90
89
88
88
90
89
89
92
90
91
93
94
94
98
99
98
97
98
100
99
99
96
95
97
96
97
98
98
96
97
98
99
98
100
102
101
100
101
102
103
103
102
103
103
105
105
104
104
105
104
105
105
105
106
105
105
107
107
107
109
109
107
108
108
108
108
109
110
110
110
110
110
112
109
109
110
110
110
107
109
109
109
109
110
111
111
112
112
112
111
112
110
109
110
110
111
112
112
112
111
111
112
112
113
114
112
114
115
115
114
115
114
115
116
117
117
117
115
116
115
117
119
120
120
121
121
122
123
123
123
123
123
122
121
122
122
118
117
116
116
115
115
116
117
116
115
115
115
115
115
116
115
116
115
114
113
113
114
114
114
112
114
114
116
116
116
116
116
116
115
114
110
112
110
111
114
114
115
115
117
118
117
117
117
117
116
116
116
116
117
117
117
118
114
113
116
114
115
115
114
114
114
115
112
110
112
114
116
115
116
116
119
120
120
117
113
110
107
110
109
111
111
110
110
112
112
114
115
113
112
113
113
112
113
116
116
118
118
118
119
119
119
119
119
120
121
120
120
121
120
120
120
118
118
120
123
123
123
122
123
122
123
122
122
122
121
121
123
122
123
123
124
123
122
122
123
123
123
124
125
126
126
126
127
128
129
129
129
129
131
131
130
129
130
129
130
130
131
131
133
132
133
133
133
132
132
132
132
132
132
132
132
132
131
131
131
131
130
130
130
130
131
132
132
133
134
135
135
136
135
136
136
136
136
135
136
135
135
134
135
135
136
134
134
135
137
139
140
140
141
141
143
143
145
145
144
145
144
143
142
141
142
141
142
143
141
141
140
141
141
140
140
140
139
139
139
139
140
141
141
141
144
143
145
145
146
146
147
146
147
146
146
145
148
147
148
145
147
147
146
146
145
145
145
146
148
147
145
144
145
141
138
140
141
139
139
139
142
140
142
141
142
143
144
144
143
145
144
145
143
142
141
141
141
141
141
140
142
144
144
146
148
149
146
145
146
146
146
147
149
149
150
150
150
149
150
155
159
155
155
154
155
156
156
156
156
156
154
155
156
157
156
155
156
156
155
155
156
156
154
156
156
152
152
152
152
152
153
154
153
152
155
156
156
155
154
154
155
155
156
157
158
159
159
161
164
160
160
159
159
160
160
161
161
163
163
165
166
169
167
168
164
164
161
151
154
