32
32
32
32
32
32
32
32
32
33
33
32
32
32
32
32
33
33
33
33
33
34
34
34
34
34
34
34
34
34
35
35
35
35
35
35
35
34
34
34
34
34
35
35
35
34
34
34
34
35
35
35
35
35
35
35
35
35
35
34
34
34
34
34
34
34
35
35
35
35
35
35
35
34
35
35
34
34
34
34
34
33
34
34
34
34
34
34
35
35
35
34
34
33
34
34
34
34
34
34
34
34
34
35
35
35
35
36
36
36
35
36
36
36
36
34
34
35
35
35
35
35
35
35
35
35
35
34
33
33
33
32
32
32
32
32
32
32
32
32
31
32
32
32
32
32
32
32
32
33
33
33
33
33
33
33
32
32
32
32
32
32
32
32
32
31
32
32
31
32
32
32
32
32
32
32
32
32
33
33
33
33
33
33
33
32
34
34
33
34
33
33
33
33
33
34
34
34
34
33
34
34
34
34
34
34
34
34
34
34
43
37
37
37
36
36
36
36
36
36
37
37
36
37
37
36
37
36
36
36
36
36
36
36
36
37
37
37
37
37
36
36
36
36
36
35
35
35
35
34
35
35
35
35
36
35
36
36
36
36
36
36
36
36
36
36
36
36
36
36
36
36
36
36
36
36
36
36
36
36
36
36
36
36
36
36
36
36
36
36
36
36
36
36
36
36
35
36
36
36
36
36
36
36
36
36
37
36
36
36
36
37
37
37
37
37
37
37
37
36
37
37
36
36
36
37
37
37
37
38
37
37
37
38
38
38
38
38
38
37
37
37
37
37
37
37
38
37
38
38
37
37
37
37
37
37
37
37
37
37
37
37
37
37
37
37
37
37
37
37
37
36
36
36
36
36
36
36
36
37
37
38
38
38
38
38
38
38
38
38
38
38
38
38
38
38
39
39
39
38
38
38
38
38
38
38
38
38
37
37
38
37
37
38
37
37
37
38
37
37
38
37
37
36
36
36
37
36
37
38
38
38
38
38
38
38
39
38
37
38
38
38
38
38
38
39
39
39
39
39
39
40
40
40
40
40
40
40
40
40
40
40
40
40
40
40
40
39
40
40
41
41
41
41
41
41
40
40
40
40
40
40
40
41
41
41
41
40
40
40
40
41
41
41
41
41
40
40
39
39
40
40
40
40
40
40
39
40
39
40
40
38
40
39
40
39
39
39
39
39
39
39
39
39
38
38
39
39
39
38
38
38
39
39
38
38
38
38
38
38
38
38
38
38
38
38
38
38
38
38
37
37
37
38
38
38
38
38
38
37
37
37
36
36
36
37
37
36
37
37
37
37
38
38
38
38
38
37
38
37
37
37
37
38
37
37
38
37
37
37
37
37
37
37
37
38
38
37
39
38
38
37
36
36
36
36
36
36
36
36
36
36
36
36
36
36
36
36
36
36
36
36
36
36
36
36
37
37
36
37
37
38
39
39
41
41
41
41
40
39
40
40
40
40
40
39
39
40
40
40
40
40
39
40
40
40
40
39
40
40
39
39
40
40
39
39
39
38
40
40
40
41
41
41
41
41
41
41
41
41
41
42
42
42
41
42
41
42
41
41
41
41
41
41
40
40
40
40
40
41
40
41
42
41
41
41
42
42
41
41
41
41
41
41
41
41
41
41
41
41
42
41
41
41
41
41
41
42
42
41
41
41
40
40
40
40
40
41
40
39
40
40
40
40
40
39
39
39
40
42
43
43
43
44
43
43
43
42
43
43
44
44
44
45
43
43
43
44
43
45
44
45
45
45
45
45
45
46
46
46
46
46
46
46
46
46
46
46
46
46
47
47
47
47
47
47
47
47
47
47
47
47
47
47
47
47
46
46
46
46
46
46
47
48
48
48
49
49
50
50
50
50
50
50
49
49
49
49
49
49
49
49
49
48
49
49
49
49
49
49
49
49
48
49
49
50
50
50
50
50
49
50
50
50
50
51
51
51
51
51
52
52
51
52
52
52
52
52
52
52
52
52
52
52
52
52
52
52
51
51
51
51
52
52
52
54
52
52
52
52
52
53
53
52
53
52
52
52
52
52
53
53
53
52
50
50
50
50
49
49
49
49
50
50
49
49
49
49
49
49
49
48
48
48
48
48
48
48
49
48
49
48
48
47
48
48
47
47
47
48
48
48
48
48
50
53
53
54
53
53
54
53
53
53
53
54
54
54
54
54
54
53
54
54
54
54
54
55
55
55
56
55
56
56
57
56
56
56
56
56
56
56
55
55
55
55
56
56
55
55
55
55
55
55
54
54
54
54
53
53
53
53
52
52
53
53
52
52
52
52
53
53
53
53
52
53
53
53
53
53
53
53
53
53
52
52
52
52
53
52
52
52
52
52
53
52
52
52
53
53
52
52
52
52
52
52
52
52
52
52
52
52
52
52
52
52
52
52
53
53
53
53
53
53
53
53
54
55
54
55
55
54
55
54
54
54
54
54
55
55
54
54
54
54
54
55
55
56
55
55
55
55
55
55
56
55
55
55
54
54
53
52
50
50
49
50
50
50
50
49
49
49
49
50
50
51
51
51
51
51
51
51
52
52
52
52
52
52
52
53
52
52
52
52
51
51
52
51
52
51
51
51
51
51
53
51
52
52
52
53
53
53
53
53
53
53
53
53
53
53
54
54
54
54
54
54
54
54
54
54
54
54
54
54
54
54
54
54
54
54
54
55
55
55
55
55
55
55
55
55
55
55
56
56
56
55
54
55
54
54
54
54
55
54
54
55
55
55
55
55
55
56
58
58
58
59
59
60
61
62
62
62
61
61
62
62
61
61
61
61
61
61
61
61
61
60
61
61
62
61
61
61
62
62
62
63
63
63
64
64
64
64
63
63
63
62
61
56
59
