44
44
44
44
45
44
44
45
45
45
46
46
45
44
44
45
45
47
47
47
47
49
48
49
48
48
48
48
49
49
49
49
49
48
50
52
52
51
50
50
50
50
51
51
52
51
51
50
50
53
52
53
52
51
51
51
52
51
51
51
50
51
50
50
50
50
51
52
53
53
53
52
51
51
52
51
51
51
50
50
50
50
50
51
50
51
50
50
50
50
50
49
48
47
48
49
49
48
48
48
48
48
48
48
50
51
52
51
52
51
51
51
51
51
51
49
49
50
50
50
51
51
51
51
53
53
53
53
53
52
52
51
51
50
50
50
50
50
49
49
48
49
50
48
49
49
49
49
49
50
49
50
50
51
52
51
50
50
50
50
50
50
50
51
50
50
50
50
50
50
51
51
52
52
52
53
53
54
54
54
53
54
55
55
55
54
54
54
56
54
53
54
54
54
54
54
54
54
54
53
53
54
53
53
53
53
52
54
54
54
55
55
55
54
54
53
54
54
55
55
55
55
55
55
56
56
56
55
55
55
56
55
55
56
56
57
56
56
56
55
55
54
54
54
54
54
53
53
52
51
51
52
53
53
53
53
55
55
56
56
56
57
57
57
57
57
56
57
57
57
58
58
58
58
58
58
58
58
58
58
58
59
58
59
58
59
59
59
59
60
60
60
59
59
59
58
58
58
58
58
58
58
59
59
59
59
60
60
60
60
60
60
60
62
63
64
64
64
63
64
65
65
65
65
65
65
64
64
65
66
66
66
66
66
66
67
71
72
71
71
72
71
73
74
75
74
73
74
74
74
74
74
74
74
73
73
73
73
74
73
73
72
72
72
72
73
73
73
71
71
70
69
68
68
68
70
71
69
71
71
73
73
75
75
75
75
75
74
75
75
74
74
74
74
73
73
72
72
71
70
71
71
77
77
77
77
77
76
76
75
76
75
74
74
74
72
73
74
73
73
75
74
73
72
71
66
69
70
70
72
71
72
73
72
74
76
74
74
75
75
74
77
77
77
76
76
76
76
78
76
75
76
76
76
77
77
77
76
76
74
74
75
73
73
74
74
73
72
71
75
77
76
76
77
76
76
76
75
75
73
74
74
77
78
77
78
75
74
74
76
75
77
78
78
77
78
77
77
76
77
77
78
78
77
77
73
73
74
73
76
76
75
77
77
76
76
77
76
76
74
74
74
74
74
74
74
76
75
75
74
74
73
75
74
73
72
72
74
74
74
75
75
76
78
79
78
78
77
77
77
76
77
76
76
75
75
75
74
74
74
74
74
74
74
73
75
74
74
74
75
75
75
76
76
75
75
74
73
74
74
73
73
74
74
75
73
73
73
73
72
72
71
72
73
73
74
73
72
73
73
72
71
70
70
69
69
70
71
72
71
72
72
72
72
72
72
71
71
71
70
70
70
70
70
71
70
70
72
73
73
72
72
72
72
71
73
73
73
71
67
68
66
67
67
67
67
67
67
66
68
70
68
69
69
69
81
83
82
86
83
83
82
82
82
83
83
83
82
84
82
82
82
82
82
87
87
86
88
88
88
89
88
89
88
88
87
88
88
88
88
88
87
87
87
87
88
92
92
94
94
95
94
94
93
92
92
93
93
92
93
93
92
95
94
94
94
92
93
93
94
94
93
93
93
93
94
94
94
95
94
93
93
92
90
90
89
89
90
88
85
87
86
87
88
89
88
85
88
88
90
91
92
90
87
86
84
85
83
84
85
85
86
85
86
86
85
86
87
85
86
86
86
89
90
89
89
91
92
92
92
92
93
94
94
94
95
95
95
95
97
96
95
97
95
94
93
91
93
93
93
93
96
96
97
97
96
95
96
97
96
95
95
96
97
98
98
98
98
99
100
100
100
99
100
98
97
98
97
98
99
99
99
100
99
102
101
103
103
102
103
103
103
101
101
100
101
102
101
102
102
99
97
97
98
99
102
101
100
101
101
102
102
102
101
99
99
99
98
100
100
102
100
98
93
99
102
101
100
100
100
99
99
100
100
99
100
99
99
99
99
99
100
100
101
101
101
103
103
102
103
104
106
106
103
102
103
102
102
103
103
103
103
106
107
105
105
111
110
109
109
109
108
107
108
109
110
110
110
111
112
111
110
110
108
109
108
108
107
104
104
103
105
104
103
104
105
103
102
99
99
97
97
97
97
97
99
100
99
99
100
100
98
95
96
96
96
97
98
99
100
100
98
98
98
97
96
97
97
98
97
97
98
98
98
99
100
100
98
96
95
96
98
98
98
98
97
96
97
97
96
96
95
96
97
97
97
96
95
96
97
96
97
99
99
100
101
100
100
100
101
100
100
99
98
100
98
97
97
97
97
98
97
98
99
99
99
98
97
97
97
96
96
96
95
96
95
95
96
96
95
96
96
96
95
95
96
95
95
96
96
96
96
96
96
95
92
91
92
93
94
93
93
93
94
94
94
93
93
95
95
95
95
94
95
96
95
97
96
96
96
90
87
87
88
89
88
88
87
86
86
86
86
87
86
87
87
87
87
86
86
86
87
86
87
87
87
88
88
88
89
88
88
88
89
90
90
89
91
94
92
91
90
90
91
90
90
91
91
91
91
90
90
90
89
89
90
91
88
89
90
90
90
89
89
88
89
90
89
88
87
87
86
85
84
83
83
82
82
82
82
82
82
82
84
83
83
82
84
84
85
83
83
83
82
84
84
83
83
82
80
78
79
82
81
79
80
79
79
79
81
80
80
80
79
79
79
79
80
80
80
79
78
77
78
80
81
81
81
80
80
81
80
80
80
81
81
81
81
81
81
82
82
82
82
82
82
82
83
84
84
85
85
85
85
85
84
84
84
84
84
84
84
83
84
84
83
80
77
78
