144
143
146
145
144
143
144
143
139
142
143
140
139
143
142
142
143
144
144
144
146
148
147
151
150
149
150
151
151
150
150
149
149
151
153
151
151
150
148
148
150
152
154
152
153
150
147
146
145
146
147
148
148
147
146
145
147
148
151
150
151
150
149
150
149
148
150
155
151
149
150
149
149
148
148
148
147
146
146
148
147
148
151
150
149
149
143
146
150
159
157
154
155
161
163
158
158
157
157
155
152
158
158
161
160
140
142
143
141
139
139
139
138
141
141
142
141
143
144
145
146
149
147
146
145
143
140
140
140
139
139
137
137
138
138
139
139
140
139
138
137
138
138
139
138
138
139
140
141
142
145
144
145
143
143
142
139
134
137
136
137
139
138
140
142
141
139
140
140
139
141
140
140
141
140
141
141
140
140
146
147
146
145
148
147
145
148
148
148
149
146
148
147
147
150
147
149
147
145
144
145
149
152
156
159
157
155
155
154
155
156
154
156
156
157
157
156
155
154
157
161
159
160
163
160
160
161
160
161
160
161
164
163
165
167
170
172
173
174
175
175
173
170
168
169
170
166
168
173
173
173
173
173
174
174
174
174
176
176
177
178
179
178
176
176
177
178
180
183
182
183
180
180
180
180
181
180
182
183
181
183
184
183
185
185
185
184
186
187
186
186
181
178
176
179
175
173
174
177
178
181
182
182
181
179
176
175
175
178
179
180
180
179
179
181
180
181
184
185
183
184
186
183
185
187
187
188
188
188
189
190
190
194
192
196
196
194
170
168
169
169
170
171
171
172
170
168
168
168
167
167
168
168
168
168
166
165
166
169
170
169
168
167
169
173
174
172
171
171
171
171
170
168
170
169
174
173
174
175
175
174
177
178
180
181
180
184
185
186
188
188
187
190
188
188
189
189
189
188
187
188
189
188
190
190
190
191
188
187
185
184
183
183
185
184
183
183
186
183
174
180
179
177
174
171
170
174
174
176
178
179
182
183
183
185
189
188
187
186
187
187
188
187
188
186
189
192
192
193
192
191
193
194
195
194
195
197
196
195
195
197
196
191
193
194
191
193
193
191
196
196
198
198
198
201
199
198
198
197
197
196
199
201
203
202
203
201
205
203
205
204
205
206
208
202
206
203
205
206
208
207
211
210
211
209
208
208
206
209
208
209
212
216
222
226
223
220
217
217
217
215
215
214
213
214
215
216
215
216
215
217
218
216
215
215
214
215
218
220
217
219
219
220
221
222
223
223
223
223
222
222
221
223
224
221
223
223
218
216
212
214
220
219
216
220
224
222
221
224
225
230
227
227
229
228
229
228
227
229
228
227
228
227
226
225
226
225
226
227
227
226
225
226
228
229
232
231
230
229
229
227
227
226
228
226
228
226
224
225
226
226
232
229
231
234
233
228
226
226
222
217
219
221
221
227
216
231
240
238
237
236
236
234
238
243
243
242
240
230
215
226
225
230
235
237
226
225
231
226
229
233
228
226
229
229
230
230
229
232
229
229
224
227
222
218
213
212
213
220
220
214
215
220
220
221
219
212
216
215
216
217
217
221
217
217
216
216
222
220
227
226
228
226
225
222
225
226
229
230
231
231
232
237
237
235
236
236
237
236
238
237
235
238
235
232
231
231
223
219
218
222
219
221
227
227
227
226
226
228
227
228
230
227
226
229
224
230
230
221
222
220
218
218
219
223
221
224
222
221
223
226
222
223
227
218
197
189
188
193
197
208
209
208
211
209
209
215
215
217
215
216
219
221
220
222
219
221
219
220
217
219
219
228
225
223
223
220
220
219
224
221
218
221
220
219
221
226
226
224
223
225
225
226
226
227
230
228
227
226
230
231
228
228
223
225
227
226
222
236
249
249
246
249
249
248
248
250
250
250
255
256
255
265
262
266
265
265
266
266
264
267
261
258
260
259
260
262
261
262
263
258
256
254
261
261
264
261
258
263
265
269
271
270
274
273
272
271
275
274
271
273
274
279
278
277
279
279
277
279
278
282
280
288
288
284
284
284
284
284
284
285
287
286
284
285
285
289
287
285
289
289
290
290
286
282
285
282
281
283
284
284
280
286
286
287
291
291
290
289
288
292
283
284
284
282
282
276
276
280
279
283
282
257
258
265
267
268
272
270
273
273
270
267
267
272
270
271
274
268
273
252
258
256
257
251
252
253
260
259
259
259
251
244
248
247
252
257
249
249
248
250
251
254
251
251
250
249
250
251
250
250
250
251
252
252
252
256
255
253
253
254
251
250
250
250
230
225
226
222
222
219
217
217
219
222
226
239
246
248
251
254
251
250
251
252
249
255
255
253
250
253
254
253
248
248
248
241
241
240
231
236
232
239
237
240
239
220
215
211
207
214
217
219
221
219
219
223
225
228
228
232
237
234
235
239
236
238
240
243
248
248
251
251
247
250
250
247
250
254
245
242
246
243
243
249
246
242
249
257
259
263
266
267
264
267
268
270
272
270
270
270
274
269
262
270
268
271
271
269
267
268
268
268
268
268
267
266
269
265
267
264
268
271
273
274
276
282
283
283
286
283
286
288
289
287
282
283
283
282
280
281
281
285
285
277
273
277
278
279
279
273
273
272
274
275
273
271
269
275
255
261
256
254
252
253
256
255
254
252
255
257
264
258
258
264
260
258
256
253
253
257
258
262
263
268
265
267
267
264
266
266
263
266
265
266
269
267
267
273
273
276
278
280
280
282
282
284
282
264
267
266
262
267
267
267
263
268
268
270
275
275
277
280
283
282
276
272
273
276
274
271
270
274
276
280
277
271
272
271
271
274
274
277
275
272
272
274
275
277
282
282
289
294
296
294
296
297
297
300
304
309
313
316
320
316
313
306
277
291
