63
63
63
64
63
64
65
66
64
65
65
64
66
67
67
69
71
70
70
70
70
69
68
69
69
68
69
69
69
70
70
68
68
68
70
71
71
71
70
71
71
71
73
73
73
71
71
71
70
70
72
72
72
73
73
73
74
74
75
75
75
75
76
76
76
76
77
76
77
78
78
79
76
76
81
79
78
78
78
79
78
78
79
79
78
77
76
75
76
76
77
74
73
72
72
73
73
72
73
73
72
73
74
75
76
77
77
79
80
79
78
79
79
79
79
78
79
80
78
80
80
80
81
81
81
81
81
81
81
82
81
80
79
80
81
81
82
82
82
79
77
77
78
77
78
78
78
78
79
79
79
80
79
79
81
80
79
79
79
77
77
76
77
76
76
77
77
76
75
76
75
76
76
76
77
78
78
79
79
79
79
79
80
80
79
79
79
79
80
80
78
80
81
81
82
81
83
82
82
80
82
81
86
88
89
89
88
88
90
90
90
90
90
89
89
89
91
102
91
91
90
90
91
91
91
92
92
92
92
92
92
91
93
90
88
89
88
88
87
86
87
85
84
83
84
83
82
83
82
83
85
86
87
87
88
87
88
88
89
88
89
90
90
91
92
93
92
93
93
95
94
94
93
92
93
92
92
92
93
93
90
89
87
86
85
85
86
87
88
89
89
87
86
87
88
86
85
86
87
87
87
87
88
88
88
88
86
87
87
88
88
87
87
88
89
90
90
90
89
88
90
91
96
96
97
97
98
98
99
100
99
99
100
100
100
100
100
100
99
99
99
99
100
100
99
100
99
100
100
100
100
102
102
102
102
101
101
101
102
101
101
99
99
99
99
100
99
100
99
98
98
99
97
97
97
97
98
97
99
99
99
97
97
97
98
99
100
99
101
101
105
101
102
101
102
101
102
103
102
100
101
101
101
100
101
100
101
99
97
96
98
98
97
98
96
95
96
95
94
94
95
93
92
90
88
88
92
89
92
94
94
94
94
94
95
100
97
96
95
95
96
98
99
100
100
103
103
102
102
102
102
105
104
109
108
107
107
107
107
107
107
107
105
106
104
104
105
104
102
103
104
104
104
107
107
107
108
108
107
104
104
104
106
105
93
90
85
87
86
90
90
90
91
91
90
91
89
88
87
88
89
89
88
87
88
90
88
89
89
89
89
89
90
90
90
90
89
88
90
89
87
87
85
84
85
85
86
86
86
85
85
83
83
88
88
88
87
87
89
88
86
88
88
88
89
89
90
89
87
87
85
85
85
84
85
87
87
86
86
87
88
89
89
89
88
88
88
87
88
87
86
86
87
87
86
87
87
92
94
95
94
93
94
94
93
93
92
93
93
92
92
92
92
93
93
93
93
94
94
94
93
92
93
94
93
94
94
92
92
93
93
94
94
94
93
94
94
95
95
93
91
93
94
96
96
94
96
95
93
94
94
92
90
90
90
91
92
91
88
83
87
83
82
82
83
81
81
82
80
82
82
80
80
80
80
81
81
79
80
78
79
78
79
77
75
76
77
76
79
80
81
80
82
81
80
79
79
80
79
80
81
79
80
79
79
80
81
81
83
82
83
83
83
82
80
80
78
76
74
76
74
74
75
75
75
79
81
80
80
79
78
76
76
75
76
77
76
75
75
75
75
73
73
75
77
78
77
77
77
77
75
75
73
72
71
68
69
68
66
65
65
63
62
62
62
61
62
62
62
63
65
64
63
65
63
62
62
61
61
63
64
65
65
65
65
64
65
66
66
66
67
68
69
69
71
70
70
71
72
70
70
70
71
72
72
72
72
71
71
72
73
73
74
72
72
72
71
71
71
71
72
71
71
71
72
73
72
73
72
73
73
72
71
71
71
70
70
69
69
68
67
66
64
65
64
64
63
65
64
62
64
63
63
62
62
63
63
63
64
64
62
62
61
61
61
60
62
62
62
62
60
59
58
60
60
60
61
59
60
60
61
62
63
63
63
61
62
62
62
62
62
62
63
63
63
64
63
61
62
62
63
64
63
66
66
68
68
67
67
68
69
69
69
74
73
74
73
72
71
71
70
69
69
69
67
68
68
70
72
73
72
72
73
72
72
72
72
71
72
72
72
72
73
73
74
74
74
73
73
73
73
72
73
72
74
73
73
74
73
73
73
72
73
72
74
76
75
78
80
81
78
76
77
77
77
77
77
79
78
82
81
82
83
82
83
84
84
85
85
85
84
83
81
80
80
80
80
78
78
78
77
78
78
78
78
77
77
77
77
78
82
79
79
80
79
79
79
80
80
80
79
78
79
78
79
78
78
78
79
81
82
81
83
84
83
86
88
89
90
92
91
93
91
90
90
89
89
88
89
89
89
89
90
93
93
94
94
95
96
95
95
96
96
95
95
94
94
93
94
93
93
92
92
91
91
91
92
92
93
93
93
93
92
92
91
92
92
91
93
92
93
93
94
93
92
92
91
92
93
94
86
86
86
86
86
87
90
90
91
92
93
94
94
93
92
91
90
92
94
93
91
91
92
93
94
94
93
94
93
93
93
93
91
91
93
94
92
92
92
92
93
94
94
95
95
95
97
96
95
92
93
92
93
91
91
89
91
90
89
89
88
88
88
88
91
88
89
89
88
88
91
93
92
94
93
94
96
97
94
91
91
89
90
91
89
88
88
90
90
91
92
93
93
94
94
95
93
93
93
92
95
95
95
94
94
95
94
94
94
94
94
93
94
94
93
93
93
92
91
91
92
92
93
93
93
95
93
94
94
94
93
93
92
95
98
95
95
95
96
96
96
95
98
100
101
100
101
101
102
103
105
105
105
105
107
106
107
107
107
106
106
108
109
106
109
108
108
109
109
109
110
109
109
109
106
106
105
99
103
