74
75
75
75
75
75
74
74
72
72
73
72
73
74
73
74
76
77
77
77
77
77
78
78
77
76
77
78
77
77
76
75
75
75
76
75
78
78
76
77
79
79
82
80
84
80
82
81
81
80
80
81
81
80
81
81
80
81
82
82
82
84
84
84
84
84
85
86
86
87
87
87
86
85
88
88
88
89
89
88
88
86
85
85
85
86
85
85
86
86
86
84
82
82
83
84
84
85
85
86
85
86
86
87
87
89
89
88
88
88
88
89
89
89
90
90
91
90
91
91
92
92
92
92
92
92
92
92
92
93
91
91
91
90
90
90
91
91
89
89
89
89
90
90
91
91
91
91
91
90
91
92
92
93
94
94
93
93
93
92
93
92
92
92
92
92
92
92
91
91
92
92
92
92
93
96
96
95
98
98
97
98
98
98
98
98
98
98
97
98
96
98
98
97
99
100
101
100
100
103
102
102
102
102
101
101
100
100
100
101
103
102
102
101
101
102
102
103
106
109
110
109
110
110
111
111
111
110
111
111
112
114
114
114
114
115
115
116
116
115
114
113
110
111
111
118
115
115
114
113
114
115
117
120
121
121
123
124
124
124
125
123
123
124
124
125
123
125
125
127
127
126
126
126
127
123
123
123
124
123
125
123
121
120
118
118
119
121
122
122
123
120
118
118
120
116
116
117
119
119
119
119
122
120
115
115
114
115
114
115
114
115
115
116
115
117
118
118
117
115
117
119
115
116
116
116
116
116
117
117
116
118
118
119
120
119
119
120
120
119
118
119
120
120
119
119
118
119
119
118
118
119
118
120
119
118
117
117
119
118
118
119
119
120
122
126
125
124
125
124
124
124
121
121
121
119
121
119
122
121
121
122
122
122
122
122
123
121
123
122
121
120
120
121
123
124
124
125
125
124
123
123
123
122
123
124
125
123
121
121
123
121
120
122
122
120
119
122
120
118
122
118
116
113
110
109
111
112
115
114
116
116
118
118
118
116
118
117
118
119
119
119
116
117
118
119
118
118
118
121
124
125
126
128
128
129
129
128
129
129
128
128
127
128
127
126
125
123
122
126
127
129
129
127
127
127
127
127
126
127
126
127
129
131
130
130
127
126
124
126
125
126
127
125
124
126
123
127
125
126
127
127
127
124
124
125
127
127
127
128
128
127
131
131
132
131
130
130
130
130
130
131
129
127
128
129
128
129
133
132
134
136
136
137
136
133
133
135
135
135
132
132
134
133
133
133
133
133
133
133
132
133
134
129
130
130
131
128
127
127
126
128
126
127
128
129
130
130
129
131
131
130
130
131
132
133
131
131
131
130
130
129
130
129
129
129
128
129
130
130
129
130
129
129
130
130
130
129
130
133
131
131
131
131
130
131
130
130
130
131
135
137
136
136
136
136
140
140
140
137
139
138
139
139
140
139
139
138
137
137
136
134
135
134
135
136
134
134
131
121
125
123
127
128
127
123
123
123
121
124
125
121
121
123
123
125
126
127
126
125
125
124
125
121
118
120
123
120
124
125
125
125
126
126
125
125
124
126
126
129
129
128
124
127
127
127
129
131
131
134
134
135
134
134
134
136
134
133
133
135
136
138
138
138
137
138
139
140
139
139
137
134
137
135
135
134
133
134
136
139
140
137
136
138
140
141
141
142
143
142
139
139
137
135
136
134
136
137
134
135
135
133
133
134
135
135
134
131
129
131
129
128
126
127
122
121
126
123
125
128
128
130
130
131
131
128
130
131
130
130
135
138
139
139
140
140
139
139
140
139
138
139
139
140
139
139
138
140
138
141
141
140
142
143
141
144
143
143
142
143
145
145
145
146
146
146
147
147
146
146
147
144
145
146
143
144
145
147
148
149
148
148
148
150
148
150
149
149
149
151
151
152
152
151
153
153
153
153
153
154
153
152
150
148
147
147
148
149
149
152
147
144
142
144
146
148
148
146
149
150
153
153
155
157
158
157
156
157
158
157
157
157
159
157
159
159
160
157
157
157
157
157
157
156
157
156
156
155
154
153
154
155
154
151
152
152
154
153
153
151
151
151
150
148
143
145
145
148
150
150
151
152
156
157
157
156
159
159
157
158
159
158
159
159
159
156
155
153
153
152
152
151
152
151
152
149
147
152
150
147
148
146
146
146
149
151
155
154
153
153
148
149
150
149
146
147
142
143
143
141
142
140
140
143
142
143
142
144
144
146
146
144
143
142
142
142
141
141
142
143
141
142
142
144
145
145
147
148
148
146
146
146
146
144
145
143
143
142
143
144
146
147
152
152
152
151
152
152
154
155
155
156
156
158
158
159
158
159
158
158
158
159
160
159
159
157
157
158
158
159
158
159
158
159
158
157
156
155
154
153
155
154
154
153
154
154
153
153
153
153
153
153
152
153
153
154
155
155
157
158
162
169
167
166
167
167
168
170
171
172
171
170
171
172
172
171
171
172
171
173
172
172
173
173
174
173
175
176
176
176
176
175
175
174
175
174
175
176
176
176
176
176
175
173
175
176
174
175
175
175
176
178
178
179
181
180
181
181
180
181
181
182
182
175
176
175
177
176
176
176
176
176
177
170
172
172
175
175
174
175
173
173
175
176
176
177
178
178
181
183
188
186
187
190
191
192
194
194
192
191
191
192
190
188
188
189
189
188
188
187
190
192
191
193
193
193
194
193
194
194
193
191
189
190
193
195
195
198
200
200
192
192
195
194
192
194
194
193
193
192
186
188
189
189
190
190
191
193
193
193
195
196
194
193
191
183
183
184
186
189
189
190
192
190
193
195
194
193
190
191
191
191
192
191
192
197
200
202
205
205
207
209
212
210
211
214
214
216
215
216
218
219
216
223
224
220
217
205
208
