47
47
46
47
43
44
44
44
42
43
44
44
44
45
45
45
46
48
49
51
51
51
51
52
52
52
53
52
53
52
53
53
52
52
53
52
51
49
49
49
49
49
50
52
53
52
52
52
51
51
51
52
51
54
54
53
53
52
54
55
56
53
53
52
54
55
58
60
60
60
63
62
61
62
63
64
64
64
63
62
62
62
63
64
64
64
64
64
64
64
63
63
62
59
61
62
62
61
61
61
60
61
62
64
63
62
60
61
61
61
62
62
61
61
61
70
70
73
74
74
76
76
76
78
79
79
81
81
82
81
72
70
71
69
69
70
72
72
71
72
72
75
75
74
75
75
75
74
73
74
74
74
73
73
74
74
77
74
75
75
75
75
76
78
80
78
78
76
71
72
72
73
75
74
75
73
72
76
75
72
75
77
78
82
82
83
84
88
88
87
84
84
85
85
88
90
88
87
88
87
88
88
86
87
89
88
87
85
85
87
86
85
85
83
83
82
81
81
81
82
84
84
83
84
81
82
82
80
81
80
85
86
85
86
83
85
84
85
85
82
82
80
80
77
77
78
76
77
74
76
76
80
84
85
88
89
92
91
93
94
97
97
99
102
100
101
99
103
107
108
109
109
108
104
107
103
105
105
105
104
104
102
98
97
92
90
91
91
95
95
92
85
83
86
88
80
80
80
84
84
86
85
86
84
83
78
78
80
82
84
82
85
84
82
83
85
89
86
84
83
82
86
87
88
91
95
95
96
98
100
97
98
100
103
104
104
102
104
103
102
104
105
106
103
104
104
104
108
108
110
109
109
109
109
108
102
101
104
104
104
103
101
102
104
104
104
97
102
100
99
100
99
94
94
94
93
94
95
96
96
96
97
98
98
98
97
98
98
103
104
104
101
100
100
100
98
99
98
99
97
97
98
99
95
96
96
98
98
94
93
94
92
91
91
91
89
89
89
88
87
89
85
82
80
77
77
81
81
85
88
87
87
88
87
89
87
89
89
84
74
72
74
74
73
70
71
69
70
68
70
71
73
72
72
72
73
74
72
76
76
78
77
73
74
73
72
73
72
71
73
75
76
77
76
77
77
75
76
76
74
73
71
69
74
75
72
71
70
66
69
69
70
71
70
68
69
68
67
67
69
71
71
70
68
69
70
77
82
85
84
86
89
89
88
88
89
90
89
91
90
89
87
86
85
84
83
84
83
83
83
85
85
87
86
85
84
83
84
83
83
82
81
83
83
83
83
83
84
83
83
82
81
81
82
82
83
82
82
81
82
82
81
78
78
78
79
82
81
81
81
82
82
82
81
80
80
80
78
78
77
76
76
76
75
75
76
75
76
77
76
76
76
77
86
91
91
91
90
89
88
88
87
88
87
86
87
86
87
87
89
90
89
91
91
93
92
93
92
85
80
81
79
80
79
79
79
80
78
76
75
75
74
73
72
72
73
72
71
70
66
69
68
69
70
70
68
69
70
69
68
68
67
67
67
67
70
70
69
69
68
67
65
66
65
63
64
63
63
67
67
67
67
69
68
67
82
83
84
83
84
85
82
85
83
82
82
81
81
84
83
82
84
74
76
77
79
79
79
78
78
79
84
85
85
84
83
83
83
83
83
83
83
84
83
83
84
82
82
84
87
87
85
85
84
85
85
85
86
86
86
84
83
81
78
78
77
77
77
73
70
71
70
69
71
71
70
66
67
67
67
66
64
63
63
57
55
55
61
61
60
65
65
63
62
63
60
61
62
62
63
66
65
66
65
65
63
61
62
63
66
67
67
65
64
64
64
62
63
63
66
66
66
67
64
64
65
64
62
61
62
64
64
63
66
65
65
63
63
63
62
64
64
64
64
64
61
62
62
64
66
66
64
65
65
65
64
64
65
67
66
67
67
68
67
67
68
69
70
69
69
69
67
66
65
64
64
64
65
64
65
63
61
61
62
64
64
64
64
65
66
67
69
70
69
69
68
68
69
69
69
70
70
70
71
70
70
70
69
64
63
61
62
61
61
61
62
62
62
62
62
62
62
63
62
62
62
62
61
61
62
61
62
62
61
62
63
62
62
62
62
60
60
61
61
62
62
64
64
63
63
64
65
66
65
64
64
63
63
62
61
63
63
64
62
64
64
63
62
62
65
64
63
62
62
65
64
53
53
52
51
50
50
50
51
51
52
51
51
51
50
49
48
47
47
48
48
47
48
49
49
49
48
48
48
47
49
46
46
47
47
47
47
47
48
49
49
51
51
51
52
52
53
53
53
52
52
52
53
53
52
52
52
53
52
52
52
52
52
52
53
52
52
52
49
47
47
46
46
43
42
42
42
41
41
42
41
41
44
44
44
43
42
43
43
43
43
42
41
43
42
43
43
44
43
43
43
42
42
42
42
42
41
42
42
41
42
42
43
43
43
44
45
45
45
45
46
45
46
46
47
50
47
46
46
47
45
44
45
44
43
41
41
39
39
39
39
40
39
39
38
37
37
37
38
39
38
38
37
36
36
36
36
37
37
37
38
38
38
38
38
37
37
36
37
37
38
38
38
39
40
38
37
38
39
39
38
39
39
37
38
38
39
40
37
40
40
42
41
41
40
39
40
41
41
42
42
42
42
42
43
43
43
44
44
46
45
44
45
44
43
44
44
44
44
44
44
41
41
42
41
41
41
42
43
44
42
42
41
40
40
39
40
40
40
41
40
40
38
38
37
37
37
38
38
39
39
35
30
31
31
31
30
30
31
30
31
31
33
34
34
34
35
35
35
35
35
34
34
35
34
35
35
35
34
35
35
35
34
35
35
35
35
35
35
35
35
35
35
35
34
35
35
37
36
36
36
35
37
36
37
37
37
36
35
34
34
34
35
41
