73
73
73
74
74
73
73
74
72
72
73
70
70
71
71
72
73
74
74
75
75
75
75
75
75
75
75
75
74
72
75
74
74
74
75
75
75
74
73
73
74
75
76
77
77
75
75
75
74
75
76
75
73
72
71
72
72
72
73
73
74
74
75
75
75
75
76
77
77
78
79
79
76
76
78
77
77
77
76
76
75
73
75
76
74
75
72
74
74
75
76
74
73
72
72
73
74
73
74
73
74
75
76
77
76
77
77
77
78
78
78
78
80
80
75
76
76
74
75
74
76
76
76
76
75
75
75
74
77
75
73
73
73
72
72
72
73
72
71
70
70
71
71
71
71
71
71
72
72
71
72
73
73
73
73
75
74
73
73
73
72
72
72
72
72
72
72
72
72
73
74
74
74
75
75
77
77
77
77
77
75
77
77
79
78
77
78
77
77
78
77
79
78
78
79
79
80
80
80
80
81
81
81
81
81
81
80
80
80
80
80
80
80
78
78
79
80
80
83
82
83
83
83
84
83
83
84
83
84
84
84
84
84
83
83
83
84
84
81
82
81
79
77
80
81
80
78
78
76
77
77
78
79
79
80
80
81
81
80
80
80
80
81
80
79
81
80
81
82
81
83
83
84
82
82
81
81
82
82
81
84
83
83
83
81
81
82
83
84
84
84
82
80
80
80
78
78
78
80
81
81
81
83
83
83
81
82
81
82
81
81
81
81
82
82
81
82
81
81
79
80
81
80
81
81
81
81
81
81
82
82
82
83
84
84
84
83
82
82
81
82
83
84
84
83
83
83
84
83
84
85
85
85
85
85
85
83
81
83
83
83
82
81
81
82
81
80
80
80
80
82
79
78
77
78
77
78
77
78
78
76
79
79
79
79
79
79
80
80
81
82
81
81
81
81
81
81
81
81
80
80
80
80
79
80
80
80
80
79
79
80
79
79
79
78
77
78
78
78
76
77
76
75
74
73
73
76
76
77
78
78
78
78
78
80
80
82
82
82
83
82
82
83
83
83
83
83
82
82
82
82
83
83
83
83
84
83
83
83
84
84
84
84
85
84
84
81
82
82
85
87
87
88
88
88
87
87
87
87
85
84
82
84
85
84
84
82
82
80
82
81
82
83
85
82
81
79
78
79
81
81
82
82
82
82
82
82
82
82
82
84
82
83
83
83
84
83
82
83
82
83
83
82
82
81
82
83
83
83
83
84
83
84
83
83
81
81
82
81
81
82
81
80
79
81
81
81
81
82
82
83
83
83
83
83
82
83
82
82
82
81
82
82
82
81
81
82
81
81
82
82
82
82
82
82
82
81
81
81
81
81
80
81
80
80
79
79
79
79
79
78
78
79
79
79
79
79
79
79
79
78
78
78
78
76
77
76
77
77
78
78
78
79
79
80
79
79
78
77
77
77
77
77
78
77
77
77
77
76
77
77
76
75
76
76
78
76
75
73
68
72
70
72
72
72
70
70
70
69
70
72
70
70
71
71
71
71
70
70
69
69
68
69
69
69
69
70
66
70
71
71
71
72
71
70
69
69
71
70
70
71
71
75
74
74
74
75
75
76
76
77
76
77
77
75
76
76
75
74
75
75
76
77
76
75
76
76
76
77
76
76
75
76
75
74
73
72
70
71
72
72
70
71
71
71
72
72
73
73
72
70
70
69
68
67
66
66
67
65
64
66
64
65
67
67
66
67
68
69
70
69
68
68
69
68
65
67
65
67
68
69
71
69
70
70
67
69
71
70
70
71
72
72
72
72
72
72
72
72
71
70
71
73
73
73
73
72
73
72
74
74
73
74
73
72
73
72
72
72
75
76
77
76
77
78
78
78
77
78
77
77
75
76
75
75
75
74
75
75
75
76
75
74
74
74
74
74
75
75
77
77
77
78
76
77
76
76
76
75
75
74
72
71
72
71
71
72
72
72
73
70
69
68
70
71
73
72
71
72
73
74
74
75
75
74
75
74
74
74
74
74
72
71
70
70
71
70
70
69
70
70
70
69
69
69
69
68
69
69
69
69
70
69
69
69
69
69
70
70
69
69
69
69
69
67
68
67
67
67
67
67
67
67
66
66
65
65
66
66
66
67
67
68
67
67
67
66
66
66
66
66
65
66
66
66
67
66
67
64
64
64
64
63
64
65
64
64
68
70
71
72
73
72
73
74
74
74
74
74
73
74
75
75
76
76
76
77
78
76
76
76
76
76
77
77
77
78
76
77
77
76
76
76
76
77
76
75
73
74
74
74
73
73
73
73
73
73
74
72
70
69
68
68
67
67
67
68
68
68
69
70
70
70
71
71
71
71
72
72
72
72
72
73
72
71
71
71
72
71
71
71
71
72
71
69
70
68
69
68
67
67
68
68
68
68
68
69
69
69
70
70
70
70
70
71
72
72
72
73
71
70
71
71
71
71
71
72
72
72
71
71
72
71
71
72
71
69
70
71
71
69
69
70
69
70
71
72
72
72
71
72
72
73
74
73
72
73
74
74
74
73
73
74
74
75
76
75
75
75
75
75
76
76
75
78
79
80
80
80
81
81
81
82
84
85
83
83
83
83
83
83
83
83
83
83
83
83
84
84
84
83
82
83
83
83
83
84
84
84
84
85
84
83
83
82
83
84
84
84
84
85
85
85
86
86
87
87
87
88
90
90
91
91
92
92
92
92
92
93
95
95
95
95
96
96
96
97
97
97
95
94
92
93
93
95
94
95
94
93
93
93
93
94
95
95
96
97
98
98
98
98
100
102
103
103
104
101
102
102
103
102
102
103
102
103
104
103
104
105
105
106
105
106
104
104
105
106
108
111
112
112
114
117
115
116
116
118
118
119
118
118
120
115
112
111
111
109
102
107
