24
24
24
24
24
24
24
24
24
24
24
22
23
23
23
23
23
23
24
24
24
24
24
24
24
24
24
24
24
24
24
24
24
24
25
25
25
24
24
24
24
24
23
24
24
23
24
24
24
24
24
25
25
25
25
24
25
24
25
24
24
25
25
25
25
25
25
25
25
25
25
25
25
25
25
26
25
25
25
25
25
25
25
25
25
26
25
26
26
26
26
25
25
25
25
25
25
25
26
26
26
26
26
27
26
27
27
27
27
27
27
27
27
27
27
27
27
27
27
27
28
28
30
30
31
31
31
31
31
32
31
31
31
32
32
32
31
31
29
29
28
29
29
29
29
30
30
30
30
30
30
30
30
30
30
30
30
30
30
29
28
28
28
28
28
28
29
29
29
29
29
30
29
29
30
30
28
28
29
29
28
28
28
29
28
28
28
28
28
28
28
28
28
28
28
29
30
29
31
31
31
32
32
32
31
32
32
33
33
33
34
34
34
34
34
33
34
33
34
34
33
33
33
33
33
34
34
33
34
33
33
34
35
35
34
35
35
35
35
35
35
35
35
35
35
35
36
37
36
35
36
36
36
36
37
37
37
38
38
38
39
39
39
39
39
39
39
39
40
40
40
40
40
40
40
40
42
42
42
42
43
42
42
43
43
43
44
44
43
41
42
41
41
42
42
41
42
42
43
43
43
43
43
43
43
43
42
42
42
42
41
39
38
39
39
40
40
40
40
41
41
41
41
40
39
40
41
42
43
43
42
42
42
41
40
37
36
36
38
35
35
36
36
36
36
36
36
36
37
37
38
38
39
38
39
39
38
39
40
40
39
39
39
39
39
40
39
39
41
41
39
38
37
37
37
37
37
37
37
37
37
38
38
38
37
38
38
38
37
38
37
38
38
38
38
38
37
38
38
38
39
39
38
38
39
39
39
38
38
37
38
38
38
39
40
40
41
42
41
41
42
41
40
40
39
38
38
38
39
39
39
38
39
39
39
39
40
40
41
42
42
42
41
41
41
40
41
42
43
43
43
43
42
41
42
42
42
41
41
42
41
41
41
41
41
41
41
41
40
40
40
40
41
41
40
40
40
40
40
40
39
40
40
41
40
39
39
40
40
41
40
41
41
41
41
41
40
41
39
40
39
39
40
40
40
41
40
41
41
41
41
41
42
41
41
41
41
41
42
42
41
40
41
40
40
38
37
38
38
39
40
40
40
40
39
38
38
38
38
38
38
38
39
39
39
39
39
39
40
40
39
39
38
38
38
38
39
39
39
39
40
41
41
41
40
41
41
41
41
41
42
42
42
43
44
43
43
43
43
42
43
42
42
42
41
41
41
41
41
41
41
42
42
42
43
43
43
44
45
45
43
43
43
43
43
43
43
43
43
43
44
44
44
43
43
43
43
43
43
42
43
43
44
45
40
40
42
41
42
42
42
42
42
42
42
43
43
43
43
40
41
40
41
42
42
41
42
42
42
43
43
43
43
43
43
44
44
43
43
42
42
42
43
43
42
42
43
43
45
45
45
45
46
46
47
45
45
44
45
46
46
46
47
46
45
45
45
44
44
45
46
45
45
45
45
45
45
44
43
44
44
45
44
45
48
49
50
51
50
51
51
51
52
51
52
53
53
52
53
54
54
53
53
53
54
54
54
54
54
53
52
52
52
52
53
52
53
54
53
52
52
49
50
52
51
51
52
52
53
53
54
53
53
56
57
60
61
61
60
61
63
63
63
63
64
64
66
66
65
65
65
66
65
65
66
66
66
67
67
67
67
67
67
67
67
67
67
67
68
68
68
67
68
68
67
68
68
68
68
68
66
65
65
66
65
64
63
63
64
65
65
65
66
67
66
67
66
70
69
69
68
69
69
68
66
65
65
65
65
65
65
65
65
64
64
63
61
61
61
60
61
60
60
60
60
61
62
62
62
63
62
63
65
65
64
67
66
67
68
68
69
68
68
69
70
70
70
71
71
71
72
74
73
72
73
74
74
74
73
74
75
74
74
75
75
75
75
74
75
75
75
75
75
75
76
75
75
75
76
76
77
76
75
74
72
74
74
73
73
74
75
74
76
77
76
76
76
76
75
75
75
74
74
70
69
71
71
72
72
72
72
72
71
69
70
70
69
69
69
70
71
71
70
70
68
69
69
70
66
67
69
69
69
66
57
58
59
59
59
58
59
57
57
57
57
58
59
62
62
62
63
62
62
62
62
62
62
62
62
62
62
62
62
63
64
64
63
63
61
62
62
62
63
63
63
62
62
63
63
62
63
63
63
64
66
67
63
65
65
65
65
65
65
65
65
65
63
63
62
63
62
63
64
63
62
62
62
62
62
64
64
63
63
62
62
62
62
63
63
62
62
62
62
62
62
62
62
62
63
62
62
63
64
64
64
65
65
65
66
66
65
65
64
65
64
63
63
63
62
60
58
58
59
58
58
58
58
58
59
59
58
58
58
58
58
58
58
58
58
59
61
61
61
62
63
62
62
62
62
61
61
62
63
62
62
62
62
63
63
61
60
60
59
59
60
61
61
61
61
61
61
62
62
63
63
63
63
64
63
64
63
66
67
65
64
65
66
66
66
66
65
65
65
65
64
64
63
63
62
62
64
64
65
65
65
66
66
66
66
66
67
67
66
66
66
65
66
66
66
69
71
71
71
72
71
71
71
70
70
71
70
70
71
72
72
72
72
71
71
71
71
72
73
73
73
73
72
73
74
74
75
76
76
77
77
78
79
79
80
81
81
81
82
82
83
84
83
83
83
84
83
83
82
81
82
83
81
82
81
81
82
82
82
81
81
80
81
81
82
82
81
80
80
79
79
80
80
81
81
80
80
80
79
79
76
75
74
73
74
