57
57
57
57
57
58
57
58
57
57
58
56
57
58
57
58
58
59
59
60
60
60
61
61
61
62
62
63
62
63
63
63
63
64
64
65
65
63
62
63
63
61
61
63
62
60
61
61
61
61
62
63
63
64
67
66
67
66
66
66
67
67
68
67
67
68
68
69
68
67
67
67
66
67
68
69
68
70
69
69
68
68
69
70
70
71
70
71
71
70
70
68
67
65
66
66
66
67
67
68
67
66
64
65
66
68
67
68
68
68
67
67
67
68
68
67
69
70
70
70
70
70
70
71
70
70
71
71
72
72
71
70
70
69
70
69
70
70
71
69
69
69
69
68
68
69
68
68
70
70
71
72
72
73
74
74
73
73
73
74
74
74
75
75
76
77
79
77
76
77
76
77
78
78
78
80
80
81
80
80
79
80
79
80
81
81
81
82
80
80
78
80
80
81
80
81
79
80
79
80
80
80
82
83
82
83
82
83
83
83
83
83
83
81
81
81
81
81
80
79
80
80
81
81
80
80
81
81
82
81
83
84
84
86
84
85
86
85
86
84
83
83
80
80
80
80
80
82
79
78
78
78
78
80
81
79
82
83
83
82
82
82
83
81
82
80
80
82
82
81
80
79
79
77
77
75
75
76
77
77
77
76
76
77
78
79
81
82
82
83
84
81
78
78
78
75
75
75
76
74
75
75
76
77
83
84
83
83
82
84
83
83
83
82
82
83
84
86
86
85
85
86
87
89
89
90
89
90
90
90
90
92
92
95
95
94
93
93
93
94
95
95
95
97
97
98
97
97
96
95
96
95
96
96
94
93
93
92
93
92
96
97
96
96
96
97
98
105
105
108
109
108
106
106
106
106
107
107
107
107
107
109
110
110
112
112
112
112
113
114
114
113
113
115
115
111
108
108
110
112
111
114
112
111
112
112
113
114
113
113
115
112
109
110
105
104
107
108
105
106
108
104
104
103
101
101
104
103
106
107
106
107
108
109
107
99
104
104
104
103
99
100
98
98
98
99
99
98
101
103
102
104
103
104
105
103
105
104
104
106
107
108
107
107
107
107
107
106
105
107
110
110
111
111
112
112
111
112
112
110
109
110
113
113
113
107
105
104
105
109
107
109
110
108
107
107
106
105
103
102
104
105
106
105
105
106
106
104
105
107
107
107
108
108
109
109
112
113
114
112
116
114
114
112
113
114
114
115
116
116
117
119
119
121
120
118
117
119
119
116
113
116
118
118
119
119
119
118
120
121
119
120
121
121
121
123
123
123
122
120
118
117
120
117
115
120
121
121
120
121
122
122
126
128
127
127
127
128
131
130
130
130
129
129
128
127
127
128
132
132
130
131
131
132
132
135
135
134
131
141
141
143
143
143
142
143
140
142
142
143
143
144
141
142
141
142
140
142
141
141
141
142
142
143
146
147
147
144
143
144
142
141
143
142
143
145
145
145
140
133
136
135
138
140
140
135
133
137
134
137
139
135
134
134
136
136
137
138
138
137
140
139
135
130
125
123
126
124
128
130
128
129
128
128
129
128
121
126
128
130
129
117
113
116
118
113
120
122
122
124
123
125
123
125
125
126
120
117
120
120
123
119
120
123
123
124
124
125
123
125
123
119
119
116
119
119
120
120
117
120
117
116
115
119
119
121
120
120
121
119
117
119
117
113
113
114
115
112
109
109
110
106
108
108
107
109
112
113
108
112
114
113
111
111
107
103
106
107
102
101
107
108
107
108
110
109
111
108
113
111
114
116
118
115
113
113
113
114
115
114
112
113
114
118
116
119
118
118
121
125
125
123
125
124
123
123
124
124
122
123
126
125
125
127
126
128
128
129
130
132
132
135
134
133
133
134
133
134
135
135
136
133
134
135
134
133
134
134
132
135
136
134
135
135
136
137
136
137
138
139
137
135
132
134
131
132
133
133
133
136
134
135
130
132
133
134
133
132
134
136
138
138
137
138
135
136
135
136
136
137
138
136
131
129
130
129
128
124
128
128
127
127
126
126
127
127
126
123
120
120
121
122
122
120
120
119
121
121
121
120
121
120
122
121
119
121
122
120
122
123
123
123
123
124
122
121
122
123
123
123
121
121
120
120
121
122
121
121
125
123
125
124
124
124
124
124
121
119
122
121
121
120
121
119
123
124
111
122
120
119
122
122
120
124
123
123
120
123
123
122
123
123
125
125
125
127
116
112
112
112
107
103
109
107
107
107
107
107
108
108
106
106
107
107
108
109
109
112
112
112
112
113
115
113
112
112
112
112
114
114
113
113
113
114
113
114
113
113
114
116
117
118
121
122
121
123
124
124
125
126
126
129
125
123
126
126
124
124
124
122
121
120
122
121
120
120
118
119
120
123
125
125
124
126
125
125
124
124
124
123
123
123
123
121
122
120
120
119
120
121
121
119
118
121
121
124
123
123
122
121
122
123
123
122
123
120
119
119
118
120
117
117
118
116
115
114
116
114
115
113
113
112
113
116
117
117
116
115
115
115
113
116
116
116
119
121
122
122
122
122
120
122
122
123
123
123
124
124
123
124
125
124
123
119
112
110
112
111
111
108
109
108
107
108
106
106
108
108
108
108
107
108
108
108
108
109
109
108
107
107
108
109
109
107
110
111
112
112
112
112
111
109
108
110
109
109
108
109
110
110
111
112
113
112
112
110
107
106
107
103
105
106
109
108
111
113
113
110
109
104
103
102
102
102
103
102
102
101
101
99
97
97
97
96
98
97
97
99
100
100
101
103
108
108
108
106
106
108
110
112
113
113
114
113
113
113
112
113
115
115
114
115
115
114
115
114
113
112
110
111
110
115
117
117
117
118
118
118
118
119
119
121
120
123
121
120
119
112
116
