99
99
100
99
88
88
88
86
87
88
88
88
87
88
88
89
90
91
91
90
90
90
88
88
76
74
74
75
77
77
78
77
79
80
81
82
82
84
84
84
84
85
86
88
88
87
86
85
83
84
85
86
87
86
86
87
87
86
90
90
91
90
91
90
92
93
93
93
93
94
95
95
93
93
93
92
92
91
91
88
87
86
87
87
86
95
96
96
96
96
96
94
94
93
98
99
99
99
100
99
97
99
100
100
100
100
100
101
99
99
97
98
97
99
96
94
95
100
99
101
101
101
104
102
103
102
106
105
105
105
102
99
98
100
101
102
103
104
103
100
100
103
101
99
98
98
99
102
103
102
114
118
117
117
121
119
116
117
118
118
117
118
120
121
122
124
123
123
119
120
120
118
119
118
121
125
127
127
125
126
129
128
128
128
128
129
129
130
132
131
127
128
129
129
130
130
132
130
128
126
127
128
129
129
129
127
126
124
125
92
93
89
94
93
91
92
92
92
93
94
95
93
95
95
94
94
96
96
95
93
94
94
93
92
89
88
86
82
84
81
83
84
84
83
83
83
84
86
84
84
86
87
88
88
86
86
86
86
88
88
86
86
87
89
90
92
89
89
90
89
88
87
90
91
91
96
96
96
99
103
104
100
101
103
101
99
98
98
99
100
100
96
93
96
97
94
92
91
91
90
88
90
89
89
89
88
87
86
88
86
88
88
87
85
86
88
89
88
87
86
88
86
86
85
85
86
87
86
85
85
87
87
87
86
86
85
96
97
95
95
94
94
95
95
95
94
94
93
91
92
92
93
95
96
96
94
93
93
92
92
91
89
90
90
94
92
92
93
93
92
92
94
92
93
94
95
95
94
95
95
93
92
94
93
95
96
97
96
98
98
98
98
98
97
99
99
100
100
98
97
96
114
115
114
116
119
119
121
118
117
120
119
118
118
118
116
116
117
115
114
115
115
114
114
110
109
115
117
120
120
119
118
118
118
121
121
122
121
120
121
119
122
121
124
122
126
124
123
124
124
127
128
125
127
125
126
127
125
122
125
133
129
125
128
128
129
129
128
128
132
130
129
129
129
128
128
128
129
128
126
127
129
132
132
132
131
127
132
127
130
127
129
133
137
136
137
134
134
132
131
133
132
133
133
136
137
136
136
137
135
137
137
138
138
138
139
142
142
143
142
140
141
140
140
142
144
155
150
149
151
151
153
153
153
154
150
150
153
152
151
151
151
154
152
152
152
152
153
156
154
155
152
152
153
154
158
157
156
154
151
150
155
154
153
151
155
154
153
153
153
149
150
151
152
151
152
151
152
155
159
153
154
155
155
156
156
154
154
155
155
154
154
156
156
156
156
156
156
156
155
156
155
156
155
155
157
158
160
162
164
168
168
169
168
168
168
166
170
169
168
167
166
166
167
167
165
167
167
165
168
167
167
167
169
171
171
174
172
168
143
164
154
161
165
157
155
156
159
157
161
169
162
165
165
163
165
164
168
168
166
166
167
169
168
164
164
164
164
167
168
166
165
164
167
166
164
160
161
166
169
170
169
170
166
170
169
172
173
175
172
173
171
172
172
171
174
170
168
154
161
164
165
165
171
170
170
171
173
168
166
164
174
185
182
185
184
180
183
186
185
188
185
186
187
187
186
185
186
186
185
183
183
180
180
185
183
183
186
179
173
172
173
174
178
178
177
179
176
175
180
180
180
174
169
157
152
153
153
156
161
161
155
153
151
157
157
162
166
165
166
168
167
170
169
164
165
160
187
190
189
187
189
188
191
190
191
191
192
193
195
194
193
195
192
194
194
202
202
204
205
208
206
204
206
204
205
205
205
207
207
212
206
208
208
209
210
205
206
209
207
204
207
205
207
204
205
209
209
208
207
214
231
233
233
236
237
239
237
240
238
238
237
238
238
237
240
241
241
241
240
236
237
237
238
242
243
243
245
248
249
252
254
253
252
257
256
256
257
255
255
259
260
259
257
261
262
262
257
258
261
263
261
262
264
265
269
266
265
266
271
276
273
278
273
270
255
253
244
247
247
247
250
245
243
235
241
237
233
233
234
235
235
241
237
236
238
244
240
239
237
238
238
236
243
242
240
237
246
268
262
261
256
255
253
253
251
247
246
240
243
243
240
239
230
232
233
227
238
235
240
241
244
248
251
251
253
259
264
264
261
260
260
272
253
257
254
255
253
250
252
254
253
258
262
260
260
263
257
258
259
255
258
256
257
260
265
263
261
262
262
261
261
264
266
267
266
266
270
272
272
271
270
272
269
272
272
273
273
274
273
271
268
271
274
272
276
278
278
274
277
275
277
275
277
280
275
270
276
271
286
285
286
288
288
289
286
281
283
282
280
280
283
283
285
286
282
282
283
285
287
287
286
284
283
283
282
280
279
282
279
278
280
282
282
283
289
290
293
296
298
299
299
300
298
295
292
293
298
295
296
290
282
306
302
304
304
310
313
313
308
309
308
306
302
302
301
298
297
295
296
289
282
285
289
283
285
288
288
281
277
274
277
269
259
266
265
262
253
259
257
256
253
252
246
247
247
244
253
255
247
252
250
249
250
252
248
252
249
238
242
241
237
236
231
240
215
210
205
211
215
221
221
224
229
230
228
230
226
225
223
226
227
224
225
219
220
219
219
227
226
227
222
227
224
219
220
217
212
202
192
196
196
198
198
206
205
202
203
201
200
198
202
204
205
203
201
202
198
194
198
201
198
198
201
208
216
207
210
213
211
208
219
225
208
213
224
223
224
222
224
216
216
216
218
220
227
228
226
229
228
226
225
225
224
236
248
244
237
231
231
231
234
238
245
239
245
241
234
228
225
227
228
226
226
221
219
219
211
218
