57
58
57
57
57
57
54
57
56
55
55
54
53
54
53
53
53
54
54
54
54
54
55
55
55
54
55
55
55
55
55
55
56
57
57
62
62
62
62
62
62
62
62
63
63
62
62
59
60
60
59
59
59
59
60
60
60
60
60
59
60
60
62
62
63
62
62
61
62
63
63
62
62
62
62
63
63
64
63
63
63
62
62
63
63
64
64
64
64
65
66
65
64
63
65
64
65
66
66
65
65
66
67
68
68
68
69
68
67
67
69
71
72
72
73
72
72
72
73
72
73
73
72
73
73
73
73
72
72
73
72
71
72
72
72
72
72
73
72
71
71
72
72
72
73
74
74
75
75
75
75
75
75
74
73
71
71
72
72
72
72
71
72
72
72
72
73
72
72
72
74
74
75
74
72
71
69
68
69
68
68
68
67
68
68
68
69
68
69
71
70
71
70
70
71
71
72
72
72
72
73
74
74
75
75
74
74
73
73
73
74
74
74
72
71
71
71
71
72
73
74
74
74
75
75
75
75
75
75
75
76
76
76
75
74
74
74
73
73
74
73
73
71
72
71
72
72
72
71
70
71
70
71
70
71
70
71
74
74
74
73
74
76
75
76
76
77
78
78
78
78
77
78
77
78
77
76
77
78
80
82
82
82
81
82
81
82
82
82
82
83
82
81
81
81
80
79
79
79
75
76
75
76
76
77
76
76
75
75
75
75
75
76
78
77
77
78
78
77
76
76
77
77
78
79
79
79
79
79
80
79
80
80
80
80
80
80
80
79
79
78
78
79
81
81
81
81
82
82
82
82
82
83
83
82
82
81
82
83
84
84
84
85
85
86
86
85
84
85
85
85
82
82
82
82
81
81
79
80
80
81
82
82
82
82
83
84
84
84
84
85
86
87
87
87
87
87
88
88
88
87
87
86
86
87
87
89
88
87
87
88
86
86
87
86
85
85
87
85
84
86
85
85
84
82
85
87
88
89
91
91
91
91
91
96
93
95
95
95
96
96
96
94
95
95
96
96
95
97
98
96
97
97
97
98
99
99
99
100
101
100
100
99
101
99
100
99
98
97
100
102
103
104
103
103
102
102
103
102
100
100
99
102
104
104
104
102
104
104
106
107
110
114
112
111
111
108
109
107
107
107
108
109
107
107
109
111
110
109
109
110
110
113
116
116
114
114
114
114
112
114
115
113
114
113
113
114
116
118
117
120
121
119
119
119
116
116
122
121
120
118
116
119
118
118
119
121
119
120
122
121
120
119
120
117
118
119
117
116
114
112
114
114
114
113
116
116
114
115
117
119
119
120
121
121
120
119
119
119
120
121
119
118
118
116
116
117
117
118
119
117
119
122
120
121
122
121
123
120
124
122
122
123
124
120
122
119
120
121
123
122
125
125
125
124
123
121
122
119
118
119
122
121
120
122
122
122
124
122
122
121
121
121
121
120
124
125
122
118
111
113
113
115
117
117
113
114
115
112
114
117
115
116
119
119
120
122
122
123
121
123
122
122
116
113
115
116
115
120
119
116
116
116
119
123
124
119
121
120
121
121
118
114
116
116
120
120
120
119
118
118
115
115
114
114
116
114
112
111
114
114
110
111
113
111
113
114
115
114
116
118
116
118
115
115
115
115
116
117
118
119
119
117
118
118
119
118
119
120
119
117
117
116
114
112
111
110
112
109
109
111
112
115
115
115
113
114
112
112
115
115
114
113
114
110
109
111
111
111
113
116
118
118
119
121
120
120
121
121
119
121
121
121
121
121
122
121
122
125
125
124
125
125
126
127
128
129
129
129
130
130
129
130
129
127
128
127
126
126
128
128
128
127
130
131
134
134
134
134
134
133
131
133
131
131
132
132
132
133
134
131
129
129
131
129
130
131
130
131
133
134
133
135
134
134
136
137
138
137
140
140
139
138
138
137
139
139
139
138
139
136
136
138
140
141
141
140
141
142
142
141
141
141
142
142
142
141
143
143
144
144
142
141
141
142
143
144
143
143
143
143
143
142
142
142
143
141
141
142
142
142
143
142
140
138
137
137
137
137
136
137
135
134
135
133
134
134
133
136
139
138
138
140
141
140
140
141
140
139
139
139
138
137
137
137
137
135
135
135
134
139
144
144
144
146
145
144
143
142
141
142
139
139
138
140
141
140
142
147
147
154
152
152
151
150
151
152
154
153
157
157
159
161
160
158
158
159
160
159
160
161
160
161
163
162
161
161
162
163
162
162
161
161
162
162
162
162
161
161
162
162
163
161
158
159
159
159
161
162
164
163
162
163
163
161
162
161
160
160
160
161
161
163
165
159
158
161
161
163
163
165
167
168
167
167
168
168
168
168
170
170
169
172
171
170
169
168
166
166
164
165
165
164
165
165
166
166
165
165
166
165
166
165
165
170
170
170
172
173
174
174
174
175
175
175
174
173
175
174
174
173
173
173
172
171
167
168
172
173
174
175
176
178
178
177
176
180
180
179
182
183
182
181
179
181
182
181
182
183
183
185
186
185
186
186
186
185
186
186
188
187
187
187
187
187
186
187
187
188
189
191
192
192
190
190
189
192
193
192
193
195
195
195
195
194
194
195
194
195
194
193
191
192
194
195
195
195
195
196
197
200
199
200
198
198
199
199
198
198
199
198
198
195
196
195
193
192
193
194
196
197
198
199
200
198
198
196
195
195
190
192
197
204
205
204
208
206
208
208
209
212
209
212
210
211
212
213
212
211
211
210
212
211
210
210
210
211
212
212
212
214
218
224
229
229
221
221
221
221
224
222
222
226
223
224
223
223
223
221
219
220
221
224
221
222
224
225
228
225
225
224
227
233
235
239
244
244
243
246
245
245
249
233
243
235
233
231
212
222
