66
67
67
67
67
68
69
69
67
67
68
67
67
69
68
68
70
70
69
69
69
70
69
70
70
70
70
70
69
69
70
69
69
71
71
71
70
69
68
69
70
70
71
71
70
69
69
70
72
73
74
74
74
74
74
74
74
73
74
75
76
77
77
77
77
77
78
79
79
80
80
79
78
78
79
78
78
78
78
78
77
76
78
79
78
78
77
78
79
78
79
77
77
75
76
77
79
77
78
78
77
78
79
79
80
79
79
81
80
80
80
81
82
82
81
80
80
80
80
79
80
82
81
81
80
80
80
79
80
80
79
78
79
78
78
78
79
79
78
76
77
77
77
77
78
78
78
79
79
79
77
78
78
79
80
80
80
80
80
79
79
78
78
78
78
77
76
76
76
77
79
78
79
79
78
76
76
77
77
78
77
76
76
75
75
76
77
77
77
77
77
78
78
78
79
79
80
80
79
79
81
81
81
81
81
81
82
81
81
82
82
82
81
80
81
81
81
81
81
82
82
82
82
83
83
83
84
84
84
83
84
84
84
85
84
84
84
84
85
85
86
86
86
86
86
87
87
87
87
86
86
88
88
88
89
89
89
90
89
88
89
90
90
89
88
89
90
91
92
92
93
94
93
92
94
93
93
94
95
93
95
94
94
94
92
92
93
94
94
95
95
94
93
93
93
91
91
91
93
91
95
96
96
96
95
94
94
95
95
94
94
94
94
94
94
95
96
96
96
96
98
98
97
98
98
99
99
99
99
100
100
99
99
101
102
103
102
102
101
100
100
100
101
101
101
100
100
100
100
100
100
100
100
101
100
101
100
100
101
101
102
101
101
101
102
103
101
102
101
101
100
99
98
98
98
97
98
97
99
100
100
101
102
103
104
105
106
106
106
106
105
105
105
106
107
107
107
108
108
107
107
107
107
107
108
110
110
110
108
108
109
107
108
109
107
106
107
110
108
107
108
106
103
99
99
98
106
106
107
109
112
113
114
115
116
115
116
117
115
116
117
119
119
121
121
120
120
120
121
121
120
122
122
123
123
122
116
115
119
120
120
118
113
116
114
114
113
112
112
117
119
119
121
121
121
120
120
121
120
118
114
113
114
117
114
115
111
112
111
113
115
117
121
121
119
122
119
119
118
120
121
121
123
122
120
121
123
124
122
122
123
122
124
123
122
122
121
120
120
118
118
117
116
116
115
115
115
116
116
116
117
118
115
113
113
109
108
109
110
108
107
106
107
108
108
112
111
105
110
107
108
109
111
110
107
108
107
107
108
106
107
108
108
106
106
108
107
106
106
102
103
103
104
104
103
105
104
103
102
101
101
102
102
101
102
102
100
100
100
100
100
100
101
101
102
102
102
101
99
97
96
96
96
96
96
97
97
97
97
99
97
97
97
96
98
99
99
96
93
92
93
96
98
98
98
96
96
95
94
93
93
92
93
92
92
93
92
91
88
81
85
83
84
86
87
84
84
86
85
87
88
87
87
87
86
88
89
89
88
87
86
85
86
86
85
88
89
89
92
94
94
95
98
97
94
93
94
95
93
93
94
97
97
97
94
91
90
91
89
89
89
88
87
86
86
85
84
84
84
84
86
87
88
87
85
84
85
85
84
84
82
77
78
76
75
78
77
78
78
77
79
77
76
76
78
79
78
79
79
78
77
79
77
73
74
74
76
76
74
73
75
73
70
71
70
69
70
70
70
71
73
72
72
75
74
75
78
76
77
78
79
80
79
82
80
78
80
80
80
80
80
80
80
80
81
79
81
80
81
80
80
81
83
84
83
82
81
81
78
80
80
79
79
78
78
78
79
79
78
81
82
82
80
82
83
87
88
89
87
89
89
88
88
87
86
86
85
86
85
86
85
84
82
82
82
82
82
82
82
82
83
82
83
84
84
86
86
87
88
89
88
88
89
88
87
87
88
87
88
89
85
84
83
86
87
87
87
87
88
89
91
92
93
95
95
94
93
93
91
91
93
92
93
91
93
93
92
92
92
93
94
94
93
93
93
92
92
93
94
96
95
96
96
95
95
95
96
95
96
96
96
96
96
95
92
93
92
92
92
93
94
94
96
95
94
94
95
96
97
97
98
97
98
98
99
97
97
95
97
97
98
97
94
90
91
90
90
89
89
89
89
88
89
89
90
91
88
95
97
98
99
98
98
99
100
101
101
101
101
101
101
102
103
103
103
103
106
105
105
105
104
103
105
103
104
105
104
105
106
106
105
104
104
103
103
102
104
103
103
104
105
105
102
108
107
109
108
109
110
110
109
108
107
107
107
108
108
108
108
108
108
108
109
109
109
110
109
109
106
108
108
109
110
109
109
109
108
107
107
106
106
105
106
105
106
105
104
104
104
103
104
105
106
107
106
106
108
105
107
108
107
108
106
105
105
107
108
108
110
109
111
112
114
112
112
111
111
111
110
110
110
109
110
111
112
110
106
107
108
108
108
109
109
110
111
111
111
111
110
109
109
110
110
110
112
109
111
112
111
109
108
107
108
108
108
109
108
109
110
108
108
108
109
110
109
109
109
109
108
109
105
105
104
105
104
101
103
103
102
103
103
102
102
103
103
103
104
105
105
105
103
104
105
106
105
105
105
104
105
105
106
105
105
105
106
107
108
108
109
112
113
112
113
115
115
115
116
116
116
116
115
115
114
114
114
114
114
113
113
114
113
109
111
110
113
113
113
113
112
116
117
117
117
116
118
117
117
117
117
117
116
116
116
116
116
116
116
117
118
118
117
119
123
126
126
129
128
128
129
130
129
131
131
130
132
133
134
135
134
135
135
136
135
135
136
137
138
137
140
140
141
141
142
140
141
141
141
141
141
135
134
134
135
136
133
132
129
122
130
