82
82
83
82
82
83
84
85
83
83
83
82
82
83
83
83
83
85
84
85
84
85
85
85
85
85
86
84
84
83
85
85
85
85
86
84
84
83
83
84
84
84
85
84
84
83
83
83
83
83
83
84
85
85
86
86
86
85
86
86
87
88
88
88
88
88
88
88
88
89
89
89
88
87
87
86
86
86
86
86
86
85
85
87
86
86
86
86
86
87
88
86
86
85
86
86
87
87
87
87
86
87
88
89
90
91
87
86
86
86
87
88
88
88
88
87
86
87
87
86
87
88
88
88
88
88
88
87
88
87
86
86
86
86
86
86
87
87
86
86
85
86
86
86
87
87
87
88
88
89
89
90
90
90
91
92
92
91
91
91
92
91
91
91
91
90
90
90
89
89
90
90
90
91
91
92
93
94
94
94
97
95
98
98
98
98
99
99
100
100
98
100
99
99
101
101
101
101
101
100
101
102
101
102
103
102
102
102
101
102
103
102
102
101
101
102
102
102
103
103
104
104
104
105
105
105
105
103
104
102
102
102
102
102
100
101
101
98
100
99
98
98
96
95
96
97
94
95
94
94
94
95
95
95
96
96
96
97
96
95
96
96
96
96
95
95
95
96
97
97
98
98
99
98
99
97
97
97
98
97
98
97
98
98
97
97
98
98
97
98
99
98
97
98
98
96
97
96
96
97
98
99
99
99
98
98
98
98
98
98
98
98
98
99
99
100
102
102
101
101
101
101
101
102
102
103
103
104
104
104
104
103
103
104
103
103
103
102
101
101
101
103
103
102
103
102
102
102
103
103
103
103
104
104
103
103
102
102
103
103
104
104
103
104
104
105
104
104
103
100
99
98
97
97
97
96
96
95
96
96
97
96
97
97
98
98
99
98
98
98
97
97
98
98
98
98
98
99
98
98
97
98
98
98
99
100
100
99
98
97
98
97
97
97
98
97
98
99
98
97
98
96
96
95
95
95
96
97
99
101
100
103
101
102
103
102
105
105
106
108
108
108
108
109
108
109
108
107
107
106
105
108
108
107
107
109
110
110
111
111
111
111
109
110
110
110
110
110
109
110
111
111
112
113
112
112
112
112
111
110
108
108
109
110
110
110
109
110
109
111
111
112
104
102
101
101
99
100
99
101
100
101
101
100
101
101
101
101
102
103
102
101
102
102
102
102
102
102
101
101
101
100
101
100
100
99
99
99
100
99
100
100
100
100
99
97
97
97
97
96
97
96
97
97
96
97
96
96
97
96
96
96
98
98
98
98
98
99
101
101
101
101
101
100
99
100
100
100
100
99
102
102
102
102
102
102
101
101
101
100
100
99
100
100
100
101
99
100
101
100
100
100
100
100
101
101
101
101
99
99
99
98
98
97
97
97
97
97
97
98
98
98
98
97
98
98
98
98
96
94
98
100
100
102
102
103
103
103
102
103
103
103
102
102
102
103
102
101
100
95
98
96
97
99
98
96
96
97
95
97
99
97
96
97
98
100
100
100
98
98
98
97
98
98
97
99
99
97
100
102
102
102
103
104
104
103
103
104
104
104
105
106
107
107
103
103
103
103
103
104
105
104
104
104
104
105
103
103
102
103
103
104
105
104
103
103
104
104
103
104
103
102
103
102
101
101
99
97
99
100
102
99
99
98
97
97
97
97
98
97
95
95
95
93
93
92
92
93
91
90
91
89
89
90
90
90
91
91
92
92
95
95
95
96
94
96
98
95
96
98
99
98
97
98
97
96
97
98
97
97
98
98
100
100
101
100
100
100
101
101
101
103
104
105
104
105
104
105
105
106
106
105
105
104
104
104
104
105
104
106
106
105
106
106
107
106
105
105
105
106
105
105
105
104
104
103
102
102
103
104
102
102
101
102
101
101
102
102
102
102
103
103
103
103
103
103
103
103
104
104
104
104
104
104
103
104
105
106
107
107
105
103
104
106
107
108
108
108
108
108
109
110
110
111
112
111
111
111
110
110
110
110
110
108
107
108
108
107
108
108
109
109
110
110
110
110
109
110
110
110
110
110
109
110
109
109
109
109
110
110
110
109
109
108
107
108
106
107
107
107
108
109
110
110
109
109
110
109
109
109
109
109
109
109
109
109
109
108
109
108
108
108
108
107
108
108
108
109
108
108
108
107
107
107
108
110
110
113
113
115
113
113
113
114
114
115
115
116
116
116
116
116
117
117
116
116
119
119
119
120
120
117
117
116
117
117
117
116
116
116
115
115
116
115
115
115
115
115
114
114
114
114
114
115
114
115
115
116
117
117
118
112
108
105
106
107
106
106
106
106
108
109
109
108
107
107
105
106
105
106
107
107
107
106
106
106
106
106
106
107
107
107
108
108
108
108
107
107
106
104
105
106
106
106
108
106
107
107
106
105
106
105
104
104
105
105
105
106
107
107
107
108
109
107
107
107
107
107
107
108
106
104
104
105
105
104
103
103
103
104
104
105
106
106
107
106
108
107
108
107
107
107
107
109
110
109
111
111
111
110
109
109
111
111
110
110
110
111
111
110
109
110
110
111
110
111
112
112
112
113
112
112
113
114
111
108
110
110
110
111
112
112
113
112
112
111
112
114
114
115
113
113
114
114
114
114
114
114
115
115
115
114
114
114
115
116
116
117
117
117
118
118
117
118
117
118
118
119
119
120
120
120
120
117
118
118
118
118
119
120
119
118
117
118
120
120
120
120
118
119
121
118
118
118
117
116
114
114
113
112
114
114
114
114
113
113
113
114
114
113
115
115
119
122
122
124
120
118
120
119
118
118
118
118
119
119
120
118
119
119
118
119
119
120
124
127
128
128
129
129
130
133
134
134
135
134
133
133
133
132
131
133
130
128
119
119
116
113
112
