53
53
54
54
55
56
55
56
53
51
53
51
51
53
53
52
55
55
54
54
54
54
54
55
54
52
53
54
55
55
54
53
52
53
55
54
53
51
50
52
54
54
54
55
55
52
51
52
51
52
52
51
51
52
52
52
53
51
52
55
57
58
58
58
58
57
60
59
58
59
58
57
55
56
57
57
57
57
57
55
53
51
51
52
50
51
49
50
50
49
52
50
51
49
48
49
49
50
50
50
50
51
51
53
53
53
53
53
52
53
56
56
56
57
56
55
55
54
55
56
58
59
59
59
58
57
56
55
56
56
54
54
54
54
56
56
57
56
56
54
55
56
56
56
56
58
57
59
57
55
56
57
55
56
58
58
57
56
57
57
58
57
58
59
60
60
60
58
56
57
58
57
58
58
60
63
65
65
64
65
65
65
66
66
64
65
65
66
67
66
62
64
65
65
66
68
69
68
67
67
67
69
69
69
69
69
69
68
68
69
70
72
72
70
71
73
73
76
76
74
78
77
77
78
77
77
77
77
77
78
78
79
78
79
78
80
82
82
82
82
81
83
80
79
81
81
81
81
75
77
77
80
80
79
83
81
82
84
85
85
87
87
87
88
86
88
87
89
90
90
90
91
92
90
92
89
91
91
92
92
95
96
94
94
92
91
94
95
97
95
95
91
86
89
91
88
88
88
90
94
94
94
96
96
94
93
91
93
94
93
93
94
94
93
93
94
98
97
96
94
95
97
97
98
99
101
101
101
102
101
101
101
103
106
106
107
106
107
105
105
103
103
105
104
106
105
104
106
105
105
105
107
108
108
106
107
106
107
108
110
109
112
111
111
112
114
113
112
113
111
112
109
105
106
107
106
106
105
108
109
110
112
112
113
115
115
117
116
118
118
118
117
118
118
119
118
118
118
118
116
115
116
118
116
118
118
120
117
114
113
114
111
111
113
111
104
106
110
104
99
102
98
94
91
91
94
103
102
105
109
107
108
107
107
109
114
108
110
111
111
111
114
114
114
113
114
113
114
113
114
114
116
115
116
119
118
112
107
110
112
115
114
109
109
108
105
101
99
100
101
101
102
103
105
105
106
105
105
103
103
93
90
90
91
89
87
83
84
82
82
84
92
88
89
88
89
86
85
83
86
89
90
90
89
92
91
91
92
93
95
94
95
95
95
94
94
94
95
95
94
93
91
91
89
87
88
87
88
88
87
89
89
89
88
90
88
91
91
91
90
91
90
94
93
93
95
96
96
98
99
97
98
99
94
96
99
97
97
96
97
97
99
99
101
100
100
101
101
103
104
103
103
104
102
103
105
105
104
101
93
90
90
92
91
92
92
90
90
90
91
91
89
89
91
92
92
92
93
93
90
89
88
88
84
83
83
83
82
82
82
82
82
81
82
81
79
78
72
67
64
66
67
66
67
66
66
66
65
65
65
66
65
67
64
65
65
65
65
63
57
63
62
65
68
67
67
68
68
67
67
69
69
68
69
68
70
72
68
68
67
67
62
64
62
60
61
61
59
60
64
67
68
71
71
69
70
70
69
66
65
67
70
74
74
72
72
74
75
75
76
77
76
77
79
77
78
75
74
74
76
76
76
76
75
76
78
77
77
79
78
77
75
73
69
70
71
70
67
67
68
69
67
68
69
73
75
73
73
73
72
71
71
69
65
63
62
62
62
58
56
56
52
54
57
57
55
56
50
45
47
48
46
48
48
47
46
45
44
44
46
48
49
49
50
51
49
50
51
52
52
52
54
57
58
59
57
58
59
59
59
59
62
64
63
63
63
61
62
61
63
63
60
61
58
59
58
59
60
60
61
62
61
60
62
61
57
63
66
65
67
68
67
67
65
63
62
59
61
61
63
62
61
60
62
64
64
65
65
66
66
68
68
68
69
69
71
72
74
75
74
73
71
70
70
68
68
70
69
69
70
68
65
64
64
66
67
66
63
64
66
68
69
70
69
70
70
68
68
76
77
78
78
81
80
80
80
78
75
76
78
80
79
79
78
79
79
79
78
78
80
80
81
82
81
82
82
83
82
82
82
82
83
84
82
77
79
77
79
78
79
79
76
76
75
75
74
73
75
77
78
80
80
81
83
81
81
80
79
76
75
77
77
80
78
79
76
76
77
76
76
76
73
71
72
74
75
83
89
89
92
94
91
92
93
92
94
94
97
97
95
99
101
104
105
105
107
109
109
109
107
106
105
107
106
106
107
108
107
108
109
107
107
108
110
110
110
108
107
109
109
106
107
107
111
111
111
111
115
123
127
129
129
128
127
128
128
127
126
125
126
127
127
128
129
127
127
128
129
119
125
127
131
133
129
127
129
129
124
124
123
122
123
127
126
124
125
119
120
121
117
120
123
124
123
125
123
125
122
124
124
126
126
121
120
120
121
114
113
114
114
113
113
112
110
109
108
108
108
111
112
112
114
114
113
114
110
104
107
111
111
111
111
111
111
110
110
110
108
105
107
105
107
111
111
111
104
104
106
106
104
102
104
105
107
107
110
111
114
114
114
112
112
114
115
116
115
119
117
117
124
121
120
120
122
120
121
120
117
116
115
117
119
117
116
115
111
113
113
113
116
113
112
109
111
109
108
108
110
115
120
118
121
120
122
124
125
127
128
128
127
128
130
130
131
130
133
132
135
136
138
139
140
142
142
141
143
144
142
141
145
146
145
144
145
145
144
142
143
140
141
145
144
143
143
145
145
148
147
146
145
145
144
144
145
148
150
152
155
154
153
154
156
158
159
160
160
158
158
164
165
164
163
165
163
166
169
167
169
170
169
170
172
174
173
174
176
173
171
173
172
175
181
182
179
180
182
184
188
186
186
185
185
177
185
181
178
172
162
170
