90
90
90
90
89
90
91
91
90
90
91
89
89
91
90
90
90
92
91
92
92
93
93
93
93
93
93
94
93
93
94
93
92
93
93
93
93
93
92
93
94
95
96
96
95
94
94
93
92
93
93
93
92
92
91
92
91
91
93
93
94
94
95
95
95
95
95
96
95
97
98
98
95
95
96
95
95
96
95
95
94
93
94
95
93
95
93
94
95
95
96
93
93
91
92
93
93
93
93
95
94
96
97
98
98
99
100
100
100
101
101
101
104
103
105
105
104
104
106
106
106
107
107
106
105
107
106
105
106
106
104
103
103
103
102
102
103
103
101
100
100
101
101
102
103
104
104
105
107
108
108
110
110
110
112
112
110
110
110
110
109
109
108
107
105
104
103
104
103
104
106
106
107
107
106
108
108
108
106
107
107
107
106
107
106
106
108
108
108
109
107
109
108
107
108
109
109
109
109
109
110
111
110
111
111
111
110
109
108
110
111
111
111
108
106
108
109
108
110
109
111
111
112
113
113
113
113
113
113
113
113
114
114
113
113
113
114
114
115
117
115
114
112
114
113
114
113
114
108
108
108
110
111
112
113
112
113
114
113
114
115
116
116
116
116
117
116
118
118
118
118
118
118
115
116
113
113
115
115
114
117
115
114
116
114
114
115
117
120
120
120
117
116
116
117
114
115
115
117
118
119
119
119
120
118
118
118
118
118
116
116
116
116
117
117
117
119
119
117
116
114
115
114
114
115
116
116
116
116
116
118
118
117
118
119
120
119
118
117
117
116
117
117
118
118
117
116
116
116
116
116
116
116
116
115
114
113
114
115
115
115
114
113
113
114
111
110
109
109
109
108
106
105
105
105
104
104
105
107
105
105
106
106
107
108
109
110
110
110
110
110
109
109
108
110
109
110
109
109
109
108
108
108
108
109
107
109
108
106
106
106
104
104
106
105
104
104
105
104
102
102
100
100
100
99
98
100
101
104
103
103
103
104
105
107
105
108
107
107
108
108
108
109
109
108
108
108
107
108
109
108
110
109
110
112
111
109
110
110
110
111
112
112
114
114
111
113
112
114
115
116
115
118
118
118
116
117
117
115
115
112
112
114
115
114
116
113
114
113
117
117
120
120
120
116
119
117
115
115
118
119
118
120
119
120
119
119
119
121
121
122
123
124
123
124
123
123
122
122
121
121
119
119
121
118
120
121
119
120
119
120
120
119
119
119
116
116
118
118
117
117
116
118
118
118
118
118
117
118
117
116
116
119
117
116
117
117
115
116
115
115
116
116
117
115
118
117
117
117
118
119
119
119
120
119
119
119
117
117
118
117
117
118
118
117
117
117
118
118
117
115
115
115
114
116
115
115
115
114
113
113
112
112
111
108
110
109
110
110
111
112
112
112
111
111
104
102
102
101
99
99
99
99
101
100
100
100
99
99
99
99
97
99
98
98
99
99
98
95
89
93
91
93
93
91
89
91
92
91
92
94
92
91
92
93
93
94
92
91
89
88
86
88
87
87
89
89
87
90
92
94
93
95
95
94
94
93
94
92
94
96
98
100
101
100
99
99
99
99
99
100
100
100
101
99
99
97
99
97
98
98
98
99
98
98
97
97
97
96
96
95
95
96
95
94
94
93
93
94
94
95
93
93
94
96
96
96
97
97
96
94
95
94
91
92
91
91
91
89
87
86
84
85
87
86
85
86
86
87
87
86
86
86
88
87
86
87
85
85
87
87
89
88
89
92
91
94
100
97
92
95
95
96
97
96
97
97
97
96
96
96
98
99
99
99
99
98
99
98
101
100
99
100
100
100
100
101
102
102
104
105
104
105
106
105
106
106
105
105
106
105
104
104
103
101
101
100
100
100
103
102
101
100
102
99
99
99
99
99
100
100
100
101
100
100
101
101
102
101
102
102
102
101
102
100
101
102
102
102
102
99
98
98
100
101
102
102
101
102
103
104
104
105
106
105
105
105
106
106
105
105
107
108
108
108
107
106
106
107
107
108
108
108
108
109
109
109
109
109
109
109
109
108
108
108
108
108
107
107
107
107
106
106
105
102
103
102
101
103
100
101
101
103
102
102
102
103
103
101
102
103
102
102
101
100
100
99
98
100
100
100
100
100
98
99
101
101
101
101
102
102
102
102
101
103
103
101
105
108
109
108
107
107
107
107
107
107
109
108
109
109
108
108
109
107
108
110
109
109
111
110
109
108
110
111
111
111
110
111
111
110
111
110
111
111
111
113
112
112
111
111
110
110
111
111
111
111
112
111
110
109
109
110
108
109
110
111
111
110
110
112
112
111
112
112
112
112
113
112
113
113
114
114
113
112
112
112
112
112
113
112
112
113
113
113
114
112
112
112
111
111
113
112
112
112
112
113
113
113
113
112
113
112
113
113
114
113
114
116
117
117
118
119
119
119
119
121
120
121
121
121
120
121
121
121
120
120
120
122
122
122
122
122
122
122
121
122
122
120
121
119
120
120
120
120
120
121
121
122
122
122
122
122
122
122
122
122
123
122
123
122
123
123
124
124
123
124
123
123
123
122
123
122
120
119
119
119
119
119
120
121
119
118
119
117
117
117
117
116
118
116
116
116
115
117
116
115
115
119
120
120
116
111
110
110
110
110
110
110
114
113
113
113
114
114
115
115
115
117
115
116
118
118
118
118
118
119
118
118
119
119
119
120
119
120
121
120
120
119
120
119
120
121
120
122
121
121
121
120
118
118
117
118
117
117
117
116
117
117
117
117
118
119
122
121
122
121
121
122
123
124
124
125
124
127
127
127
127
127
127
127
128
128
128
129
131
131
135
133
134
135
136
138
135
135
135
135
136
135
137
138
138
136
137
137
137
133
124
129
