46
46
46
46
46
47
48
48
45
46
46
44
45
46
45
46
49
49
48
47
45
44
44
44
44
44
44
44
44
44
44
45
45
45
45
45
43
40
41
42
42
43
43
41
40
39
39
38
39
39
40
41
42
41
41
43
40
37
37
38
39
39
38
38
39
38
39
40
40
41
42
41
40
40
41
41
40
41
41
40
39
39
39
40
39
39
38
39
38
38
38
37
36
35
34
35
36
35
35
34
34
34
34
35
34
34
34
36
35
35
35
34
35
35
35
34
36
36
36
36
36
36
35
35
37
37
37
37
37
37
36
36
35
34
35
36
36
36
36
35
36
36
36
36
37
37
37
37
36
36
35
35
35
35
35
35
34
34
34
35
34
34
34
34
34
34
34
34
34
34
36
36
37
37
37
39
39
40
40
40
39
40
40
40
41
41
41
41
41
40
39
40
40
41
42
43
43
43
42
42
43
44
45
44
46
46
47
45
46
46
47
46
47
46
46
47
47
47
48
47
48
48
49
49
49
49
50
50
50
50
51
52
53
53
52
52
51
51
52
52
51
51
49
50
49
52
51
51
49
48
46
48
49
48
48
47
49
50
51
50
50
50
51
52
51
49
48
49
49
50
53
53
53
53
55
54
54
54
55
54
55
54
54
55
54
53
54
54
55
55
56
54
52
52
53
51
52
52
54
56
56
55
56
57
57
57
59
57
57
58
58
59
59
58
57
56
57
57
56
56
55
55
55
54
55
55
54
56
57
56
56
55
55
56
55
55
53
53
54
54
53
54
56
57
58
57
52
52
52
52
50
51
51
51
50
49
49
49
50
49
50
50
49
49
48
48
48
49
49
50
50
50
51
50
50
49
51
51
52
51
51
51
53
53
53
54
54
54
54
54
54
54
54
54
54
53
53
53
53
53
51
50
48
49
49
48
48
48
47
47
47
46
46
47
46
46
45
45
45
45
47
45
45
45
44
43
45
45
47
48
49
48
48
48
50
49
49
50
50
51
50
50
51
51
51
51
50
49
50
50
50
51
50
51
51
50
48
49
51
52
51
50
48
48
47
47
46
46
47
48
47
49
49
49
50
51
50
50
50
50
48
48
48
50
48
48
45
45
45
45
47
48
48
50
51
52
53
52
53
55
54
55
55
55
54
55
56
58
59
59
59
60
61
62
61
61
62
61
59
60
59
59
59
58
56
58
58
58
59
60
61
61
62
62
63
64
64
62
63
64
63
60
60
59
59
59
60
57
58
57
58
58
57
59
60
59
60
60
59
58
57
59
58
58
57
58
59
58
58
59
60
60
60
60
60
60
60
60
59
59
59
59
58
57
57
58
58
58
58
59
58
58
60
60
60
61
60
61
61
60
60
61
63
65
64
65
64
65
64
67
68
66
66
67
68
67
66
67
66
65
64
65
65
64
66
65
65
65
65
66
68
70
70
69
68
70
69
68
65
56
61
59
61
59
59
58
58
59
59
60
61
62
62
63
61
61
60
60
60
59
60
59
60
60
58
60
60
62
64
65
65
64
65
64
64
62
62
64
63
61
60
60
61
62
62
62
63
66
66
68
70
71
72
72
70
71
70
69
69
70
70
70
71
72
73
73
73
73
72
72
72
70
71
70
71
70
70
67
68
68
71
71
70
71
72
72
71
72
71
71
70
70
70
70
72
68
70
70
65
65
67
65
65
65
68
66
68
67
65
68
67
65
61
61
56
54
55
54
57
59
58
58
55
57
59
57
61
61
60
60
62
63
64
63
63
64
65
64
65
64
65
66
64
65
66
66
65
66
65
65
64
64
63
63
63
62
62
62
61
62
63
61
59
61
60
60
60
61
62
62
62
60
59
58
58
57
55
55
55
56
56
55
55
55
55
56
56
55
55
55
55
54
55
54
56
56
55
55
56
54
54
53
51
50
51
52
52
52
53
53
52
52
52
52
52
51
51
50
49
48
48
49
49
50
51
50
51
51
51
50
50
51
53
52
52
52
52
52
54
53
54
54
53
53
54
54
54
54
55
55
55
55
55
56
55
55
56
56
55
55
55
55
56
56
55
56
55
55
56
57
57
56
56
55
56
54
55
55
52
53
53
54
55
55
55
55
54
54
54
54
54
55
55
54
56
57
59
59
59
59
60
59
58
58
58
58
59
62
63
63
63
63
64
64
64
65
65
64
65
63
62
62
61
62
64
65
68
68
69
66
67
66
68
68
67
68
68
68
69
69
69
69
70
70
68
68
66
66
67
66
66
67
66
67
66
67
66
68
68
68
67
68
67
65
65
66
65
65
67
68
67
67
68
68
66
66
66
67
67
67
67
69
68
67
66
66
66
67
67
67
67
68
69
69
69
69
67
68
67
66
67
66
67
66
67
66
66
65
65
66
65
66
65
65
65
64
64
65
66
67
65
65
66
65
65
64
65
65
65
66
67
67
66
66
65
64
63
64
64
64
64
64
63
62
62
61
62
62
62
62
62
63
66
66
66
64
65
66
66
65
66
65
66
66
67
68
68
68
68
67
66
68
68
68
68
68
68
68
68
68
68
68
68
69
68
67
67
69
69
68
68
68
68
68
67
66
66
67
67
66
64
65
65
65
66
68
69
68
69
69
68
69
68
68
69
70
70
71
71
70
71
72
73
73
73
75
75
75
76
77
77
77
77
78
76
77
78
78
77
78
78
78
78
77
78
78
77
78
77
76
78
78
79
81
81
81
82
82
81
81
81
81
81
81
82
82
82
84
83
82
82
83
84
85
85
84
85
85
86
87
87
87
88
88
89
89
89
90
91
91
92
92
93
92
93
93
94
94
95
94
95
95
97
96
97
97
98
99
100
98
98
99
96
95
96
94
92
88
90
