56
56
56
56
55
55
55
55
52
52
52
50
51
51
51
52
52
54
54
54
55
55
54
54
55
54
54
54
54
52
52
52
51
51
52
51
49
48
48
49
49
50
50
50
48
47
48
48
46
46
47
47
48
47
47
48
50
49
52
53
54
54
55
54
54
54
55
55
55
55
55
55
52
53
55
54
54
54
54
53
52
51
52
52
52
53
53
54
54
55
54
53
52
49
49
49
50
50
49
49
48
48
47
47
49
50
51
51
50
49
50
50
51
50
50
49
48
49
48
47
48
49
49
49
48
48
48
48
48
48
48
47
48
48
49
49
50
48
47
48
48
48
48
48
49
50
49
51
52
52
52
54
52
52
54
53
52
51
52
52
52
51
52
52
54
53
52
52
51
51
52
52
53
52
52
52
52
52
54
54
55
55
55
54
54
54
54
58
57
57
55
56
56
55
56
56
57
55
56
56
56
57
57
57
57
57
56
55
54
55
56
55
55
54
57
56
56
56
57
58
58
58
58
59
59
59
59
59
59
58
59
60
60
59
59
59
60
60
60
60
61
61
60
59
61
63
60
62
59
60
66
66
65
65
66
65
66
67
66
65
65
66
65
66
67
68
68
69
69
68
68
69
68
67
67
66
66
67
68
67
67
66
66
66
65
66
67
67
66
66
67
66
64
64
65
65
64
64
64
65
65
65
65
65
65
64
62
64
65
65
65
64
63
62
61
61
62
62
61
60
60
60
60
59
60
61
61
62
61
61
61
61
61
63
63
63
65
64
64
65
64
64
65
65
65
65
63
64
63
64
64
64
64
64
64
64
64
64
65
64
64
64
63
64
64
66
65
66
65
65
66
65
63
63
63
62
63
62
62
62
62
62
62
62
63
63
63
63
63
63
64
63
63
64
63
62
62
63
62
62
62
63
63
62
63
63
62
62
62
62
63
61
61
62
60
59
59
60
58
57
59
58
57
56
55
56
58
59
60
60
60
61
61
60
60
65
62
62
63
64
64
65
65
65
66
65
66
66
66
67
67
69
69
69
68
67
66
65
66
67
67
66
65
66
63
64
62
62
62
65
66
67
66
66
67
66
67
67
66
66
65
65
67
68
68
69
66
68
66
67
67
69
70
70
69
71
70
71
71
72
71
73
75
75
77
78
78
80
80
81
81
81
81
80
81
83
82
84
84
84
85
85
85
84
83
84
85
85
85
85
86
85
84
84
85
83
84
85
85
84
84
84
84
83
83
83
83
84
84
84
82
82
82
81
81
82
84
83
82
83
86
88
86
86
87
90
90
91
91
92
93
92
92
92
92
92
91
91
90
91
90
89
91
88
88
89
89
89
90
89
88
88
88
88
89
90
90
89
88
87
86
85
85
86
84
86
86
86
87
91
90
90
89
91
92
94
93
94
92
89
89
89
91
91
91
90
97
98
95
96
96
96
98
97
99
99
98
96
92
87
91
88
88
91
92
91
93
97
96
97
99
99
98
99
100
100
101
100
100
98
97
92
93
92
87
86
90
91
97
95
94
94
96
95
94
91
91
92
91
89
90
89
94
94
91
92
94
95
97
97
95
97
101
102
100
101
101
99
99
102
101
104
105
106
105
105
104
104
103
104
103
99
100
97
98
94
94
94
95
96
98
94
94
96
96
97
96
97
96
95
94
93
91
89
88
87
87
87
84
82
85
81
82
84
85
83
84
85
83
88
87
88
92
94
92
88
92
91
92
94
94
95
94
95
95
94
97
99
99
100
101
102
103
101
102
103
103
104
104
103
103
103
105
105
104
104
104
105
105
106
106
105
107
105
106
106
107
109
106
107
107
107
107
108
108
109
108
109
110
109
110
108
108
112
113
113
114
114
116
117
116
116
116
116
115
115
115
116
118
119
120
119
118
116
116
116
116
116
117
118
116
115
114
114
113
114
116
115
116
117
114
117
115
117
119
121
119
119
122
123
126
125
126
126
125
125
124
125
125
126
126
125
124
125
127
121
116
117
118
118
119
120
120
122
121
119
120
118
117
118
116
119
119
120
118
116
117
116
113
113
115
113
113
110
107
111
110
109
110
109
108
108
111
112
111
114
115
114
115
113
111
112
109
111
108
107
107
106
110
110
114
112
110
109
112
113
112
112
112
113
114
116
113
115
119
118
128
132
135
135
134
132
130
129
129
129
128
130
132
125
127
126
125
127
128
129
130
129
128
126
125
125
124
123
124
126
126
126
126
129
127
128
126
124
127
126
124
123
124
123
123
124
124
128
127
130
130
134
136
136
134
131
129
128
129
129
121
121
121
121
124
122
123
123
120
120
121
120
115
117
121
123
124
122
121
120
119
119
118
119
119
118
120
117
117
116
114
115
115
110
112
115
121
117
120
119
120
118
121
124
121
121
117
117
118
118
118
120
122
123
122
121
123
121
126
128
128
128
127
127
130
130
129
128
131
126
124
127
126
127
126
126
127
126
125
125
127
126
125
126
127
129
130
130
132
128
129
130
130
130
128
129
133
133
132
130
127
127
127
129
129
128
126
127
126
126
125
124
123
125
125
126
127
127
125
124
124
120
120
123
120
122
121
118
118
115
115
115
117
115
114
114
113
114
115
115
113
115
117
123
122
120
118
120
120
121
118
118
116
114
114
116
116
119
117
117
116
116
119
119
120
119
120
119
120
120
120
119
117
119
117
117
118
116
121
122
121
123
123
123
122
122
123
123
124
126
124
123
123
124
123
124
124
122
123
123
124
123
123
122
120
122
125
126
123
126
122
121
126
125
123
122
122
122
122
122
119
119
122
124
127
128
128
130
133
135
133
132
134
133
133
135
134
135
135
136
135
133
135
136
139
141
138
140
135
133
130
123
126
