84
85
85
86
85
85
85
86
85
84
86
84
82
83
80
81
82
84
83
84
84
85
84
83
83
83
83
82
81
82
82
82
82
83
84
85
85
85
86
87
88
87
87
87
87
86
87
86
85
86
87
87
87
87
86
87
87
87
88
87
87
87
87
86
86
87
87
88
88
87
88
88
85
84
85
83
83
81
80
81
80
79
81
82
80
81
79
82
83
83
84
80
77
77
79
80
81
83
83
83
84
84
84
85
85
87
88
87
88
88
88
88
89
89
89
87
87
87
87
86
85
84
83
84
84
84
85
85
84
83
83
83
81
80
81
81
82
83
82
83
82
82
82
81
82
82
82
85
84
85
84
86
85
85
88
89
86
86
85
85
85
84
84
85
84
83
84
84
84
84
86
86
86
87
88
90
89
89
89
89
90
91
90
90
89
90
90
90
91
90
88
88
88
88
89
89
90
90
89
88
90
90
89
89
89
88
88
88
89
90
91
90
90
88
87
88
88
88
89
88
89
89
89
90
90
90
89
89
90
89
90
90
91
91
91
91
92
93
92
93
92
91
90
90
90
91
91
92
90
92
91
93
92
94
95
95
95
96
96
96
95
95
97
94
95
95
96
97
99
100
99
99
99
99
99
98
98
98
99
97
99
99
98
98
97
97
99
99
99
99
100
99
99
100
100
98
99
98
100
100
100
100
101
101
101
101
102
102
103
103
103
102
104
105
105
106
106
105
105
105
106
105
105
105
105
106
106
106
106
107
107
107
107
109
108
106
106
105
105
105
104
105
105
106
107
106
106
106
106
107
107
107
106
106
106
106
106
106
107
107
107
107
106
107
108
108
108
108
107
107
107
106
105
105
105
105
104
104
105
105
106
107
106
106
106
106
107
106
106
105
105
105
106
106
107
107
107
108
108
107
105
105
103
102
104
104
103
102
101
100
100
100
100
101
100
100
100
100
99
98
100
102
102
102
104
102
105
104
106
107
107
108
107
108
108
109
108
109
110
111
111
110
109
110
109
108
108
108
108
109
109
110
111
111
111
111
111
112
113
112
112
113
112
114
114
113
114
112
112
115
117
116
118
119
118
118
119
119
118
119
120
121
123
124
124
125
124
125
115
115
112
113
115
114
114
114
112
112
110
111
112
112
113
112
112
114
113
114
113
113
114
111
113
113
111
110
110
110
111
110
109
107
105
105
104
105
106
106
106
107
108
109
113
113
113
110
110
111
112
112
110
111
113
110
110
108
108
107
108
107
107
107
107
107
107
107
108
107
107
105
104
105
100
101
100
102
102
100
101
100
102
102
102
102
103
102
102
102
102
101
100
101
100
99
99
98
98
97
99
98
98
98
98
99
101
100
99
99
97
96
97
96
94
97
96
97
97
98
97
97
97
97
98
98
97
97
97
97
96
96
96
96
97
98
98
98
97
96
95
96
96
96
97
97
97
97
96
95
94
92
89
86
89
90
89
86
87
87
86
86
88
86
87
89
89
90
91
91
92
92
91
91
91
90
90
91
91
90
92
93
93
94
96
95
96
96
96
98
98
100
100
99
100
100
99
100
100
101
101
103
101
100
98
96
95
96
96
95
94
94
95
96
97
97
97
97
97
98
97
98
96
97
98
98
98
98
96
96
98
99
100
99
99
98
98
100
99
101
101
101
99
99
99
98
98
96
96
94
93
93
92
90
89
90
91
90
92
91
88
88
88
86
86
86
84
80
81
80
81
82
82
83
84
86
87
86
87
86
86
87
89
91
91
92
92
90
90
90
92
91
91
93
94
93
92
92
91
91
92
95
94
94
95
94
94
95
94
95
95
97
96
96
96
96
96
95
95
95
97
97
96
96
96
95
94
95
94
96
97
97
96
96
96
97
95
93
93
93
94
95
95
95
95
95
95
96
96
96
96
96
97
96
96
96
96
98
99
97
98
98
97
96
96
98
99
100
100
100
99
99
101
101
101
101
101
100
101
101
101
102
104
105
104
104
105
107
106
105
105
104
105
103
106
105
105
106
105
103
103
103
102
103
102
102
102
101
103
102
103
103
104
104
104
102
99
101
98
98
98
99
100
100
102
103
103
104
103
103
102
101
99
99
96
97
96
96
95
95
96
95
96
96
96
95
96
95
95
93
92
92
93
91
87
87
89
89
88
90
93
95
98
96
95
95
96
95
96
96
97
98
98
98
98
100
100
102
103
104
103
106
104
102
102
104
104
105
103
103
103
103
102
103
105
105
107
107
107
106
105
104
105
104
105
106
105
106
107
108
107
108
107
107
106
104
105
105
105
105
105
105
107
106
109
109
110
110
111
110
110
110
110
110
109
108
108
108
107
106
105
103
103
103
105
105
105
105
103
101
102
101
100
100
99
100
100
101
102
101
102
102
102
103
102
102
103
103
102
101
102
100
100
98
96
97
97
96
94
95
96
94
94
94
94
93
94
93
92
93
94
93
93
93
93
92
92
92
93
93
93
91
92
92
94
95
95
94
95
94
94
93
93
94
94
94
94
93
93
94
96
94
92
95
94
95
95
96
96
78
78
81
79
79
78
78
78
79
79
80
79
78
79
79
79
78
78
77
76
77
76
76
75
74
74
73
75
74
76
74
74
75
75
75
75
75
73
74
75
74
74
75
75
75
73
74
76
76
76
77
77
77
77
77
77
78
78
78
79
79
79
80
80
79
78
77
75
75
74
74
73
73
73
73
75
75
73
74
74
74
74
75
75
76
76
77
77
76
76
76
77
76
76
77
77
78
78
77
77
76
76
77
77
78
78
78
78
79
78
77
77
77
78
78
78
78
77
77
75
75
75
73
73
73
72
71
71
71
72
73
73
73
72
72
71
70
72
70
70
67
68
