55
55
55
55
54
54
55
55
54
54
55
54
55
58
58
59
59
60
59
60
60
60
59
59
59
59
60
60
60
60
61
61
61
62
61
61
61
60
59
59
60
60
61
61
61
60
59
60
60
59
59
60
60
60
60
61
56
60
61
61
61
61
61
61
60
60
61
60
61
61
60
60
60
60
59
59
59
59
59
59
59
58
59
59
59
60
59
59
59
60
60
59
58
58
58
58
58
59
60
61
60
61
61
62
61
62
63
63
63
62
62
62
62
62
62
62
61
61
61
65
64
65
64
64
64
64
63
63
63
63
62
62
61
61
61
62
62
63
62
62
62
62
63
63
63
63
63
64
65
65
66
66
66
66
67
66
66
65
65
65
65
65
65
65
64
64
64
64
65
65
66
67
67
67
68
69
69
69
68
68
68
69
68
69
68
69
68
68
61
62
61
63
62
63
63
64
63
63
63
63
63
64
65
65
66
65
65
65
65
66
67
66
66
65
65
65
65
65
66
66
66
66
66
66
66
65
65
65
65
64
63
64
64
62
62
64
63
64
64
64
63
64
63
63
63
64
64
64
63
62
63
62
62
62
63
64
66
66
65
66
66
66
66
67
64
64
63
64
63
62
63
62
64
63
63
62
63
63
63
63
63
63
62
62
61
61
60
60
60
61
61
59
58
59
59
58
57
58
58
58
58
58
58
58
58
58
58
60
60
60
59
60
60
60
60
61
62
61
61
60
61
61
61
61
61
61
61
61
61
59
59
60
61
62
61
62
61
61
61
61
61
60
63
60
60
60
60
59
59
60
60
61
61
61
61
61
61
61
61
61
62
61
62
62
62
62
63
63
63
63
62
61
60
59
59
59
60
60
60
61
61
62
63
63
64
63
64
64
64
64
64
64
64
64
64
64
64
64
64
64
65
64
65
64
65
65
65
64
63
62
62
64
61
61
61
60
60
60
60
60
60
60
59
59
59
58
60
59
60
61
61
61
62
62
62
62
63
63
62
62
63
64
64
62
63
63
63
63
63
63
62
63
62
62
62
62
62
62
62
62
62
62
63
63
63
62
63
62
63
64
64
65
65
65
65
65
65
65
64
64
63
63
63
63
63
63
63
63
62
63
63
64
64
65
64
64
64
64
64
65
66
66
67
66
66
66
67
68
68
68
67
68
68
68
70
71
73
72
72
71
71
71
71
71
69
71
71
72
71
72
72
72
72
71
71
70
70
70
71
71
71
71
72
72
72
73
73
72
73
72
72
72
73
72
72
73
73
73
75
76
75
76
75
74
70
73
74
73
74
73
74
74
73
74
73
73
73
73
73
73
73
74
73
74
72
74
73
74
74
74
74
74
74
75
75
76
76
75
75
75
74
73
73
73
73
74
73
73
73
74
74
74
76
76
75
75
74
74
74
75
73
75
79
79
78
78
78
78
77
78
77
77
77
76
77
77
77
76
74
72
74
73
73
74
74
72
73
74
73
74
75
73
73
74
73
74
74
73
73
74
74
74
74
73
72
73
78
77
80
81
81
81
81
81
81
80
79
80
79
79
80
79
79
81
81
77
73
70
72
70
70
69
68
70
71
71
71
72
72
73
72
73
74
74
73
74
74
75
75
76
75
75
75
75
76
76
75
75
77
78
79
76
76
76
77
77
77
78
78
77
75
75
74
73
73
74
74
75
72
71
73
71
71
72
71
70
71
71
72
72
71
71
69
69
67
66
68
66
67
68
69
69
68
68
68
67
72
74
74
73
74
74
76
76
76
76
77
77
76
76
76
77
78
77
77
78
76
78
78
79
79
80
80
79
79
79
78
78
77
78
79
78
78
79
79
78
78
78
78
79
78
78
78
77
76
77
77
78
78
79
78
78
77
78
77
76
76
77
77
79
79
79
80
79
79
79
80
80
80
80
79
79
79
79
78
78
79
79
80
80
77
77
77
78
79
81
81
81
82
82
83
84
85
85
86
85
85
86
85
85
86
85
85
85
86
85
85
82
80
81
82
82
82
82
81
82
82
82
82
81
81
82
82
82
83
83
83
83
83
84
84
84
83
82
82
82
82
81
81
81
81
81
81
81
81
81
82
82
81
81
81
81
80
80
80
80
79
79
79
79
80
80
80
80
82
82
82
82
81
82
82
81
83
82
83
83
81
84
83
83
83
83
82
83
83
84
84
84
84
84
84
83
82
83
83
83
83
83
83
83
84
82
81
82
82
82
82
82
82
82
82
82
82
81
82
82
82
82
82
83
82
82
81
81
81
81
81
82
83
82
83
83
83
82
83
83
83
83
82
84
85
85
84
84
84
85
85
82
83
84
84
84
84
84
84
83
82
81
80
80
80
80
80
81
81
81
80
80
80
79
79
80
80
81
81
80
80
79
79
79
79
79
79
79
80
81
81
81
82
83
83
83
83
83
83
77
77
79
80
79
79
78
78
78
79
78
79
79
79
80
80
81
81
80
81
81
81
82
81
81
81
80
80
81
83
83
83
83
83
84
84
83
83
83
83
84
84
85
84
84
83
84
83
84
84
85
85
85
86
86
86
86
87
87
87
87
87
85
85
83
83
83
82
82
81
81
81
81
82
82
80
81
81
82
81
81
80
79
80
80
81
81
81
81
82
83
82
83
81
81
81
82
82
82
82
82
82
82
82
82
83
84
84
84
84
83
83
84
83
84
84
84
84
85
85
85
85
85
84
85
85
85
86
90
91
91
92
92
92
91
90
90
91
91
91
92
93
94
94
94
94
95
95
98
96
96
96
96
96
96
94
95
95
95
95
96
96
97
96
95
96
96
96
96
96
96
96
97
97
97
96
97
97
98
98
98
99
99
99
99
99
98
98
99
99
100
99
94
95
