45
45
46
46
46
46
46
46
46
46
46
45
44
45
46
46
47
47
47
47
47
47
47
46
46
46
45
46
46
46
46
46
46
47
47
47
47
47
46
46
46
46
46
46
46
46
46
46
45
45
45
45
45
46
45
45
46
46
47
48
48
48
49
49
49
49
49
49
49
49
48
49
48
47
48
47
46
47
47
47
46
45
46
46
45
46
45
45
45
45
45
45
44
44
44
45
45
45
45
45
45
45
46
45
45
46
46
46
46
46
46
46
46
46
45
45
47
47
47
48
48
48
48
49
48
48
48
49
49
49
49
49
49
49
49
49
49
50
50
49
48
48
49
49
49
49
50
50
50
50
50
50
50
51
51
52
52
51
52
51
52
51
51
51
51
51
51
51
50
50
51
51
52
52
52
52
53
53
53
53
54
54
54
54
54
54
54
54
55
54
53
54
54
54
55
56
56
55
56
55
56
57
57
57
57
57
57
56
57
57
57
57
57
56
57
57
58
58
58
58
60
59
59
60
59
59
60
60
60
59
60
62
61
62
61
62
63
62
63
62
62
62
60
59
59
59
59
58
56
56
55
53
53
54
54
51
54
54
55
55
56
54
55
55
55
55
55
56
56
56
56
56
55
55
55
54
52
52
52
53
53
53
52
53
53
53
54
54
54
53
52
51
51
51
51
50
49
49
50
50
51
51
51
50
49
48
47
47
47
48
48
48
48
48
48
48
49
49
49
48
48
49
49
49
49
50
50
50
50
50
50
50
50
51
51
51
51
51
51
51
51
52
52
51
51
52
51
51
50
49
49
49
49
50
49
49
49
49
50
50
50
49
49
50
49
50
49
52
55
54
54
54
54
54
54
55
55
54
55
55
55
56
56
56
56
56
56
57
57
57
57
56
57
57
57
57
57
57
57
56
56
56
56
55
56
56
56
56
55
55
56
55
55
55
55
54
56
56
56
55
56
55
54
54
53
52
55
54
55
57
55
56
58
59
59
58
59
60
59
59
59
60
60
61
60
60
60
61
61
60
59
60
60
60
60
60
60
59
58
59
59
59
57
57
57
57
57
56
56
57
58
58
59
59
58
58
58
58
57
57
56
55
56
57
57
57
56
57
56
57
56
55
56
56
55
55
54
54
54
56
57
57
58
60
61
61
62
62
62
62
62
63
63
63
64
65
65
64
64
63
64
64
64
64
63
63
64
64
64
64
65
65
65
66
66
65
65
67
67
67
67
66
66
66
67
68
68
67
68
68
67
66
67
68
67
65
65
64
64
64
64
64
64
63
63
64
64
63
64
64
64
64
65
64
64
65
64
64
64
64
64
63
62
63
63
63
62
62
63
63
63
62
63
64
64
65
65
64
64
63
62
62
62
63
62
63
63
62
63
64
64
64
65
65
65
65
65
66
66
67
69
70
70
71
71
70
71
71
71
72
71
70
71
71
71
71
71
70
69
65
68
67
69
69
69
68
68
68
67
68
69
68
68
69
69
70
71
70
70
70
70
70
70
69
68
69
71
71
74
75
73
74
75
75
75
75
75
75
75
76
76
75
76
80
80
79
81
81
81
82
81
82
81
82
81
82
82
82
82
83
85
86
87
90
90
89
89
90
89
90
90
92
93
92
92
91
90
89
90
90
91
87
87
87
88
88
88
88
89
88
86
82
80
80
81
78
79
79
76
74
75
74
74
75
75
75
75
76
77
75
75
75
76
77
75
71
74
72
76
78
80
82
81
82
83
82
83
85
85
85
88
87
89
89
87
87
87
88
88
87
88
90
90
88
88
89
89
89
88
89
89
88
90
89
89
89
90
90
90
89
90
89
89
90
89
89
88
88
89
89
89
92
86
88
87
85
84
85
85
86
85
85
85
85
83
84
83
83
84
85
85
85
85
85
85
85
85
85
85
85
85
84
83
85
84
85
85
86
86
87
85
83
82
83
85
86
85
84
83
84
86
86
85
85
85
84
83
83
84
83
83
84
84
84
83
86
85
84
85
84
85
84
85
85
84
83
81
76
75
74
75
76
75
74
75
75
74
74
74
75
79
76
77
76
75
76
76
76
77
77
78
78
79
79
78
78
79
79
78
79
79
78
78
77
77
77
75
76
76
76
76
76
76
81
82
81
79
80
83
85
84
83
81
80
81
81
80
82
81
81
79
79
80
81
80
81
80
80
81
80
79
78
78
79
79
80
80
82
82
80
80
79
79
78
78
79
78
76
77
77
77
76
76
77
79
80
81
82
79
81
81
80
81
81
80
80
80
81
81
82
81
81
80
80
82
82
82
82
83
83
83
83
82
83
82
82
83
82
82
83
83
83
84
84
84
84
84
85
85
86
86
86
87
88
86
87
87
87
87
86
87
87
87
87
87
88
88
88
87
88
87
89
88
88
89
89
89
89
89
89
89
89
91
89
90
91
91
91
90
89
89
90
89
89
90
89
88
89
89
90
89
90
91
90
91
91
92
92
92
92
92
93
92
91
92
91
92
93
94
93
93
94
94
94
93
94
93
94
94
94
93
94
95
96
97
97
97
98
99
99
99
99
100
101
102
103
103
101
99
99
100
99
99
98
99
98
99
99
99
99
98
98
99
100
101
102
102
102
102
103
104
104
103
103
103
104
105
104
103
103
105
105
106
106
105
104
104
105
105
106
107
107
108
109
109
110
110
108
108
108
108
108
109
109
109
109
108
109
108
108
109
108
108
109
109
109
110
109
109
109
110
111
111
110
113
114
116
116
116
117
118
117
115
115
115
112
112
112
113
113
115
114
114
115
116
116
116
116
114
113
114
115
116
115
110
112
112
112
115
112
112
112
114
113
114
115
114
114
116
116
117
115
112
112
114
114
112
107
109
