91
93
92
92
93
93
92
93
92
92
93
91
91
93
92
93
94
95
95
95
94
95
94
94
94
94
94
94
94
94
93
93
93
93
94
94
96
94
93
92
93
94
95
95
94
92
91
90
88
89
89
92
93
92
92
92
92
93
94
93
94
94
96
96
97
96
98
98
98
98
98
98
96
97
99
99
98
97
97
97
96
96
98
99
97
98
97
99
100
100
102
99
98
98
100
101
100
100
101
102
99
101
102
102
102
105
104
105
105
104
103
105
105
98
99
100
100
100
100
101
102
103
102
103
102
102
103
103
104
104
102
99
99
98
99
99
100
99
98
99
98
99
100
100
101
102
102
104
104
105
104
105
106
106
107
106
106
106
107
107
108
107
107
105
106
105
104
104
103
103
104
103
104
104
104
107
106
102
100
102
102
102
102
102
101
101
101
100
100
100
98
100
100
99
100
101
102
101
100
101
102
101
99
100
100
100
99
99
99
99
99
98
97
95
96
96
97
96
98
99
100
99
100
100
100
100
100
99
98
99
100
101
101
101
101
103
104
105
105
105
104
104
104
109
110
109
109
108
105
105
106
107
108
109
110
110
111
113
111
112
115
113
114
113
112
112
111
112
113
113
113
113
113
113
114
113
113
114
114
112
114
111
109
109
107
108
108
109
109
111
112
111
109
112
114
109
109
110
110
109
111
111
112
111
110
110
104
99
98
101
99
101
102
102
102
104
105
105
102
101
103
102
102
101
101
101
100
101
100
100
101
102
103
105
105
105
104
105
105
105
104
105
107
106
106
106
105
106
105
105
105
105
105
105
104
104
102
102
103
103
102
100
100
101
105
108
105
105
106
105
105
105
103
103
103
103
104
103
104
103
103
103
105
104
105
104
104
103
104
103
104
103
103
103
104
104
104
103
103
102
103
104
102
101
101
102
103
102
101
101
101
100
100
100
99
98
98
98
98
97
99
98
97
96
95
94
96
97
100
108
106
107
108
109
110
110
112
111
112
113
112
113
111
112
112
114
114
112
112
114
114
118
116
117
116
116
115
116
116
117
116
116
114
115
113
112
112
112
111
114
114
115
116
115
115
114
114
114
114
114
113
113
117
118
117
118
115
115
112
114
114
115
116
114
117
119
119
120
119
120
119
120
120
119
119
118
119
119
120
120
120
119
121
121
121
121
121
120
121
119
120
121
119
117
117
120
122
122
123
123
124
124
125
124
123
121
122
125
124
124
124
124
126
125
125
126
126
125
125
124
124
125
124
124
124
124
124
127
126
125
126
127
127
128
127
129
130
131
131
131
131
131
132
133
135
134
133
133
135
135
134
133
134
134
134
133
133
134
135
134
133
133
134
135
136
137
137
135
133
131
130
129
129
129
129
130
128
127
127
130
130
132
131
130
131
131
131
133
131
130
132
132
133
133
133
133
135
135
131
133
133
131
129
128
128
129
129
128
125
116
121
118
124
125
124
119
120
122
121
122
124
123
122
124
125
125
125
123
123
120
120
119
119
116
115
118
118
116
120
119
118
119
120
120
120
119
118
121
121
121
123
122
124
124
127
127
129
129
128
132
133
132
131
132
132
133
131
130
129
130
132
132
132
133
133
133
134
134
133
133
131
128
131
130
130
129
129
130
131
132
134
130
130
131
134
134
133
135
136
135
133
130
128
128
130
128
127
127
124
125
127
124
125
126
127
125
122
121
118
122
119
118
118
117
114
113
117
115
118
119
120
122
121
123
122
120
121
122
122
121
123
126
126
126
127
128
128
128
129
128
129
130
128
130
129
130
130
130
130
133
132
131
133
131
131
133
131
131
131
133
135
135
136
137
137
136
138
137
138
134
133
131
131
132
130
131
131
133
134
135
135
135
135
136
134
134
136
135
136
138
137
137
138
137
138
139
138
138
138
139
139
138
135
136
134
136
136
137
136
139
135
134
133
135
134
141
141
141
143
144
147
146
151
149
150
149
148
149
150
149
149
152
155
157
157
159
160
157
157
158
157
157
158
159
159
159
158
159
158
159
160
161
162
158
159
158
159
157
157
157
157
157
159
158
151
152
153
153
155
154
156
156
158
158
157
157
159
158
157
157
159
159
158
158
160
158
157
155
156
155
156
157
157
156
157
147
138
138
140
139
139
138
137
137
140
140
144
145
142
143
140
142
140
139
136
137
135
138
139
137
138
134
134
136
135
138
136
138
139
140
139
138
138
137
136
137
135
136
137
137
134
135
135
137
135
137
140
139
137
139
140
140
143
143
142
142
147
142
144
144
144
141
142
145
146
146
146
147
148
149
149
149
150
153
153
154
154
155
155
157
157
156
156
154
154
153
153
153
156
156
157
157
156
157
156
157
156
156
156
154
155
155
155
156
156
157
155
155
156
156
156
156
154
156
157
158
159
159
160
167
172
171
171
171
174
173
173
174
174
174
174
173
172
173
175
173
174
177
175
176
176
178
178
178
179
181
182
184
183
184
186
186
185
183
185
184
185
185
186
184
186
185
186
185
184
184
183
185
183
183
183
182
181
182
183
183
184
185
184
184
184
185
177
174
173
173
175
174
176
177
178
178
177
177
176
176
178
179
180
182
180
180
181
182
180
181
180
179
180
182
184
182
183
184
185
187
189
189
189
189
188
189
185
184
182
181
180
179
178
178
180
182
183
184
184
185
184
185
185
186
186
184
182
181
187
189
186
188
191
195
199
196
197
198
198
197
195
196
195
194
192
193
196
195
199
199
199
198
196
197
198
198
196
197
200
195
195
195
197
199
198
198
197
196
198
198
198
195
194
194
194
194
196
194
195
198
201
202
206
208
207
208
211
211
208
209
211
218
213
216
218
218
217
216
214
216
212
200
202
