48
49
48
48
49
49
49
49
46
46
46
45
46
47
47
48
48
49
49
48
47
48
50
50
50
50
50
49
49
48
48
48
49
50
50
51
50
51
50
50
50
52
52
52
52
52
52
51
49
50
51
54
55
52
53
54
55
56
57
57
58
59
58
58
58
58
59
60
59
60
60
61
60
62
63
62
64
63
63
64
63
63
64
64
64
65
64
64
65
65
65
63
61
60
59
61
62
62
62
63
63
64
65
66
66
68
67
68
68
68
69
70
70
70
66
64
63
63
63
65
65
66
65
65
64
64
66
67
69
68
68
66
64
64
65
67
68
66
64
62
62
61
63
63
65
65
65
66
66
66
65
66
65
65
65
64
63
64
65
66
63
63
64
64
64
64
64
65
64
64
65
66
68
69
69
71
72
73
72
70
72
73
72
73
72
69
70
72
72
72
70
71
71
71
72
76
76
74
74
74
75
75
75
75
76
74
75
77
77
78
79
79
80
78
80
80
82
83
82
83
83
82
83
83
83
84
84
83
83
83
86
87
85
85
85
89
89
88
90
88
87
86
85
84
83
85
85
86
84
83
83
84
84
85
85
85
87
87
86
86
87
88
88
88
89
88
86
89
89
88
87
84
85
83
84
84
85
85
86
86
89
88
88
90
89
90
90
93
94
94
94
90
90
91
91
88
89
90
90
90
92
92
92
91
89
88
88
86
86
82
83
84
84
84
83
83
83
84
85
85
86
85
84
84
84
85
87
87
87
88
87
88
90
92
92
91
91
90
92
92
91
92
93
92
91
91
91
92
92
93
93
94
96
96
94
94
94
95
98
98
101
100
98
99
99
100
100
99
99
100
101
100
99
100
101
101
102
102
101
101
99
101
101
101
101
100
100
101
101
102
102
102
103
103
102
102
101
101
101
100
100
100
100
97
98
98
99
99
98
97
99
96
96
96
96
95
96
96
94
93
96
94
90
87
84
84
86
87
89
91
90
91
92
93
93
95
97
99
100
101
100
98
98
98
97
97
98
98
98
100
100
103
102
103
102
104
103
102
103
103
104
105
104
108
108
107
106
105
105
110
113
114
114
114
114
113
112
112
112
110
108
108
109
111
111
111
109
109
105
107
106
107
105
101
99
104
100
100
97
98
101
104
104
103
103
104
106
108
106
107
109
110
112
111
108
107
107
107
108
105
106
105
103
101
99
95
98
98
98
98
98
100
100
99
99
93
94
93
92
91
92
92
93
94
93
95
97
97
97
98
98
99
101
100
100
101
100
98
94
96
98
99
99
97
94
96
97
95
96
97
99
97
98
96
95
95
95
94
98
99
98
97
98
97
95
95
93
93
94
94
92
91
91
92
92
92
91
89
88
85
83
82
79
80
80
80
79
80
78
76
78
79
79
78
79
78
79
77
78
77
77
77
85
86
86
85
84
85
84
84
84
82
83
82
82
83
82
81
79
78
79
77
80
81
81
80
82
80
80
82
84
81
80
81
81
81
81
80
76
75
72
71
72
70
69
79
80
77
80
82
84
84
85
86
84
86
80
81
82
80
73
72
71
70
68
68
68
68
67
67
68
69
68
68
66
64
62
62
60
62
63
64
62
62
61
62
62
62
62
64
62
64
64
63
64
63
62
62
60
62
61
59
59
59
60
60
61
60
61
61
59
61
60
57
58
56
53
52
50
48
48
46
46
45
45
43
46
44
46
48
49
47
48
49
45
42
40
40
41
42
43
43
44
45
43
43
44
44
43
44
46
47
49
48
50
47
48
49
49
48
46
46
46
49
49
51
49
48
48
48
46
47
46
46
44
44
43
44
45
44
42
42
40
41
42
44
43
44
44
45
46
43
41
41
39
40
38
37
37
38
37
35
35
36
37
38
39
40
41
44
44
44
46
47
47
49
48
49
50
49
48
47
46
46
46
47
48
48
49
49
48
47
44
45
46
47
46
44
48
48
50
52
52
53
52
52
52
52
52
52
52
52
54
53
51
48
46
44
45
44
46
45
45
43
44
44
46
45
45
46
46
46
47
45
47
47
47
47
47
47
47
50
53
53
51
53
52
52
55
55
55
54
57
56
56
57
59
58
58
59
59
58
59
58
59
59
57
56
56
55
54
53
54
54
53
54
54
59
60
59
59
57
55
55
56
57
56
58
57
59
59
60
60
59
61
61
61
61
61
62
63
64
62
64
62
68
69
68
68
67
67
67
69
67
69
69
71
70
70
70
69
69
69
70
71
70
71
72
71
71
71
71
72
72
72
73
74
80
80
79
79
79
80
79
79
79
79
78
78
78
78
77
76
76
76
75
75
75
73
75
76
78
78
77
77
77
77
76
75
75
75
76
77
77
77
77
73
75
80
77
79
80
81
84
83
82
83
83
84
85
87
86
84
84
84
83
83
85
85
87
84
85
91
88
88
87
89
89
90
89
89
89
90
90
89
88
86
87
89
88
89
90
89
90
92
90
92
91
89
90
90
91
85
89
90
86
88
88
89
88
91
91
94
91
91
93
92
89
86
86
87
87
89
93
94
93
94
94
94
95
95
95
91
94
93
88
86
85
86
84
85
81
81
81
81
79
81
83
84
85
82
83
84
86
89
89
91
89
89
90
89
90
90
90
88
88
88
86
85
86
89
89
86
86
85
86
87
87
87
86
85
83
83
83
83
84
86
86
86
87
88
86
86
86
86
90
88
88
88
88
87
86
90
89
89
87
88
86
86
88
88
90
91
91
91
90
92
92
93
88
87
86
82
79
79
77
78
78
80
81
82
85
84
82
83
84
85
83
81
81
80
81
81
81
82
82
82
83
82
79
81
83
84
85
85
86
86
86
88
88
87
89
86
89
87
87
84
81
84
