107
107
107
111
110
111
111
113
107
107
110
108
110
111
112
114
118
119
118
118
118
119
119
118
117
114
115
116
116
114
115
115
113
116
118
116
115
113
110
113
115
116
118
119
118
114
116
117
113
118
118
120
119
117
116
116
114
113
118
118
119
123
124
125
128
127
130
129
129
130
130
132
126
129
131
129
128
128
128
126
122
120
123
126
125
125
123
127
130
130
129
125
122
111
113
115
114
115
116
116
116
115
115
115
114
122
123
124
125
122
121
126
129
132
132
129
128
130
131
132
136
137
137
136
131
133
133
132
135
134
130
133
133
132
134
132
137
134
132
128
129
130
131
128
132
131
132
136
137
136
136
140
141
145
151
150
148
146
149
149
147
145
146
143
142
139
138
136
134
138
140
139
131
133
133
136
133
141
146
145
148
146
146
149
147
146
148
149
148
148
144
145
143
141
145
150
152
149
149
145
150
150
151
153
153
153
148
149
148
148
150
150
151
148
149
150
151
153
156
155
157
156
156
159
157
157
157
156
157
155
156
158
160
156
154
155
158
157
157
154
150
150
148
142
143
146
131
133
128
130
131
135
137
137
139
137
138
139
137
135
138
140
141
141
142
145
142
145
146
148
149
146
146
144
144
142
142
145
147
146
146
146
144
146
142
144
148
150
153
154
155
152
148
149
150
146
149
149
153
155
154
154
154
154
151
156
154
152
153
153
152
152
150
152
151
152
155
151
144
145
145
145
145
145
146
148
144
144
143
144
143
143
143
143
144
142
142
141
138
139
138
138
140
140
138
139
138
139
138
139
140
141
141
141
140
143
138
140
141
139
140
139
140
139
141
137
145
146
149
148
145
143
153
144
145
143
146
143
148
147
146
146
151
150
151
152
153
152
153
151
151
152
152
154
153
153
154
151
153
151
153
153
153
152
153
155
155
155
153
152
153
150
150
149
145
141
144
144
143
142
144
141
142
142
142
141
147
151
154
155
155
158
158
154
166
168
172
172
172
174
172
174
176
174
174
175
175
173
176
176
178
184
184
185
185
184
186
185
185
189
188
189
184
186
184
184
182
179
174
192
192
189
191
192
192
191
193
195
194
191
190
189
193
197
198
201
195
199
195
201
198
200
200
201
200
204
201
204
199
202
207
215
212
210
208
208
209
212
212
212
213
211
213
214
212
213
213
212
215
214
213
210
204
204
203
197
198
198
199
196
198
195
197
196
198
193
196
199
201
202
200
200
201
194
196
197
196
193
197
194
190
191
196
194
191
194
197
183
183
180
176
179
180
180
180
185
186
187
186
189
189
188
190
190
188
192
192
188
188
187
185
186
188
188
187
188
186
184
187
185
185
183
184
186
188
188
185
185
184
179
177
175
175
171
169
169
170
173
172
176
175
175
175
170
168
163
174
177
180
175
173
177
178
179
178
176
176
175
171
172
173
170
173
175
176
178
183
183
182
168
173
169
170
171
169
165
162
167
164
166
168
165
162
163
164
168
168
166
165
161
158
157
158
153
147
146
147
146
150
155
155
157
160
159
157
155
152
156
156
156
157
153
166
148
150
154
157
162
161
161
161
161
158
155
155
157
157
154
151
157
157
159
160
165
163
165
166
166
164
164
162
158
159
156
156
149
147
147
145
147
153
146
143
147
148
150
149
150
149
148
144
149
143
138
139
136
136
135
131
130
130
125
132
136
133
134
133
134
135
135
134
134
137
140
137
133
138
131
132
134
137
139
139
145
148
148
152
152
155
156
157
159
159
160
158
159
160
160
164
166
167
174
177
178
177
177
174
176
177
179
177
180
184
182
182
182
182
182
184
186
187
186
187
192
190
189
187
187
175
180
177
175
175
175
175
175
175
176
176
176
173
172
169
167
168
166
169
168
168
175
174
172
175
173
175
174
174
175
178
180
179
177
174
176
176
175
177
179
178
180
171
160
159
163
164
167
166
163
167
170
172
175
174
175
175
176
178
179
184
187
186
190
189
191
193
192
192
189
188
190
191
190
190
188
186
186
184
183
182
184
183
185
185
181
181
181
181
179
179
179
179
179
181
172
165
168
167
164
164
163
163
160
164
164
162
161
163
162
161
162
162
163
164
167
165
162
162
159
162
159
164
163
166
165
168
156
152
150
149
152
150
150
152
153
155
155
157
161
165
163
164
164
163
164
161
163
164
166
165
164
164
162
163
169
170
169
174
173
174
178
177
176
174
175
175
178
181
181
182
184
182
184
183
184
185
186
186
182
184
182
185
185
186
186
185
186
188
190
180
173
170
175
176
174
172
173
174
173
173
174
175
175
175
177
176
175
180
182
180
180
179
178
178
178
176
176
176
176
177
178
178
179
177
173
173
174
172
170
171
169
170
170
171
170
172
170
166
165
167
168
167
169
168
170
169
169
170
171
174
178
182
185
186
186
186
187
187
184
186
184
184
185
185
184
188
185
175
178
180
180
181
180
181
179
183
186
188
190
192
189
189
189
191
192
194
195
196
197
197
195
194
195
189
191
190
189
188
192
193
192
191
192
193
193
193
193
194
196
198
196
190
191
191
191
182
177
178
177
176
177
177
178
178
178
175
171
172
174
174
174
171
170
168
168
169
168
169
167
168
170
172
173
172
171
168
174
174
177
175
173
172
171
171
171
173
175
178
182
182
183
185
185
185
186
184
182
181
177
177
178
178
177
176
177
179
182
165
163
161
162
161
162
165
164
164
164
163
163
162
163
162
162
160
162
162
166
166
169
168
168
165
168
170
168
169
169
169
170
171
169
169
167
166
164
165
165
166
166
169
172
170
170
171
169
168
170
169
169
170
167
167
170
173
170
172
167
167
176
174
180
186
184
182
183
181
181
177
169
173
