71
71
71
71
71
70
69
69
70
70
70
71
71
72
71
72
73
74
73
73
73
73
74
74
73
72
72
73
73
73
74
75
74
75
75
76
76
76
76
76
77
78
77
78
78
78
79
79
78
78
78
79
78
79
79
78
78
78
79
79
79
79
78
78
79
78
79
78
78
78
78
77
77
76
78
77
76
75
75
76
76
75
76
76
75
75
75
75
75
75
76
74
74
73
74
75
75
75
75
74
74
75
76
77
77
77
78
77
77
78
77
77
78
78
79
78
78
78
78
78
78
78
79
79
77
78
77
77
77
77
74
74
74
74
73
74
74
74
73
73
72
73
73
73
73
73
73
74
74
74
74
75
75
75
76
76
75
76
76
75
74
74
74
73
74
73
72
72
73
73
75
74
74
75
75
76
76
75
76
76
76
76
77
77
77
77
77
77
78
78
77
78
79
78
78
79
79
79
79
79
79
80
80
81
81
81
81
81
80
80
80
80
79
79
79
78
78
77
78
77
78
78
78
79
79
79
79
79
79
78
78
78
78
78
77
78
77
77
76
76
75
75
74
74
75
75
74
74
73
72
73
73
74
74
74
75
75
75
75
73
73
73
73
74
75
74
74
75
75
75
75
75
75
75
76
75
74
75
75
74
76
76
77
77
76
76
76
77
77
77
78
77
77
78
78
77
77
77
77
77
77
78
78
78
78
79
80
80
80
80
79
78
78
78
79
79
79
79
76
77
77
76
76
76
76
76
75
76
76
77
77
77
77
77
77
77
77
76
76
75
75
75
76
76
76
76
76
76
75
75
75
75
76
76
76
77
77
77
77
77
77
77
77
77
77
77
77
76
75
75
76
74
73
73
73
73
74
74
74
74
74
74
75
74
75
75
75
76
76
76
76
75
76
75
76
76
77
77
77
77
76
76
76
76
76
76
76
77
76
76
77
76
76
76
77
76
77
77
77
77
78
78
78
78
78
73
74
74
75
76
76
76
76
77
77
76
77
76
76
78
78
78
79
79
79
81
83
83
84
84
85
85
85
86
85
86
87
86
86
84
85
84
84
84
83
84
84
84
83
85
86
85
87
87
86
86
87
87
86
86
86
87
89
90
89
91
88
87
87
87
86
87
88
88
88
88
87
87
85
86
86
87
87
87
87
87
87
86
85
86
84
83
84
85
85
84
84
84
84
83
83
83
83
82
82
81
82
82
83
82
82
82
83
83
83
81
82
82
82
82
81
80
81
80
81
81
80
80
81
80
79
78
79
78
78
79
80
79
79
78
78
79
79
78
78
79
78
78
79
78
79
79
78
76
76
76
76
75
75
75
75
75
75
74
74
73
73
73
73
73
72
72
73
73
73
73
73
73
72
72
72
72
72
72
71
73
73
74
73
74
74
74
74
74
73
73
73
73
73
71
72
72
72
72
72
72
72
73
73
72
71
72
72
72
72
70
69
68
68
64
65
64
65
66
65
64
65
65
64
65
67
64
64
65
64
65
65
64
64
63
64
63
64
64
64
64
65
64
65
66
66
66
67
67
67
67
60
59
59
59
59
59
59
58
58
58
58
58
57
58
59
59
59
58
58
58
58
57
56
59
60
61
61
60
60
60
60
60
59
59
59
59
60
60
59
59
59
59
61
60
60
59
59
60
61
61
61
61
62
61
60
62
62
63
65
64
64
64
62
62
62
62
61
62
63
63
64
64
65
66
67
67
66
67
66
65
66
65
66
67
66
64
64
65
66
66
67
68
67
67
66
66
66
67
68
68
68
68
67
67
68
68
67
67
68
68
67
68
68
68
69
68
69
69
69
69
68
68
68
69
69
69
69
70
70
69
69
69
70
69
69
69
67
67
67
67
67
68
69
67
67
66
65
66
63
68
69
70
70
70
71
71
71
70
70
71
72
71
71
71
71
71
71
71
71
71
71
71
72
72
71
72
72
72
73
73
73
73
74
74
74
74
73
74
74
74
74
74
73
74
74
74
74
73
73
73
74
73
73
73
74
73
74
74
74
74
73
72
75
74
73
73
72
72
71
71
72
71
72
73
73
73
72
71
71
72
72
71
72
73
72
72
72
73
72
72
72
72
72
72
72
72
70
69
69
68
68
67
68
69
69
69
69
68
69
69
69
70
70
70
70
69
70
70
70
70
69
71
71
71
71
72
69
69
69
70
70
71
71
71
71
70
71
71
70
70
70
70
70
72
72
71
71
71
72
72
71
69
69
70
69
69
69
69
68
68
68
69
68
68
68
68
68
68
68
67
67
68
67
67
66
66
66
66
67
66
67
67
68
68
68
68
68
69
69
71
72
72
71
72
71
71
70
71
70
70
70
70
70
70
71
70
70
71
70
70
70
70
70
70
69
70
71
71
72
72
72
72
72
73
73
74
73
73
74
74
74
75
75
75
75
76
75
75
75
75
76
76
76
76
76
76
76
76
76
75
77
78
79
79
79
78
78
78
78
79
80
80
79
79
80
79
79
79
80
79
74
75
76
76
76
76
75
76
76
76
76
76
76
75
76
75
73
74
75
76
76
76
76
76
76
76
78
79
79
80
80
80
80
81
81
81
81
81
81
81
81
81
81
79
80
79
80
80
81
78
78
78
79
79
78
78
80
80
80
79
79
80
80
80
80
80
80
81
80
79
79
79
79
79
78
79
79
79
79
80
83
85
86
86
87
86
86
86
87
87
89
88
89
88
88
87
87
88
89
89
89
89
90
90
91
91
90
95
99
96
98
97
97
97
97
97
98
98
98
97
98
97
97
96
97
97
98
98
97
100
99
99
98
98
100
100
99
99
99
100
100
100
102
100
100
100
101
101
105
105
104
105
106
106
107
108
109
108
106
105
103
98
100
