60
60
60
60
59
59
59
59
57
57
59
58
58
59
60
60
61
61
62
62
63
63
62
63
63
62
63
63
62
62
63
63
63
64
64
65
65
63
62
62
64
63
64
64
65
64
64
63
63
64
64
65
62
62
61
61
60
60
62
63
64
64
64
64
65
64
63
63
62
61
61
61
60
60
61
61
60
59
58
58
58
57
58
58
57
58
58
59
59
59
59
58
56
54
56
57
57
57
58
57
57
57
59
59
59
60
60
60
60
59
61
60
60
60
61
61
61
62
62
62
63
63
63
63
62
61
61
60
60
60
60
59
59
59
60
59
60
60
60
59
58
59
60
60
61
61
61
61
62
62
62
63
63
63
64
63
62
62
62
62
62
61
61
61
61
60
60
60
59
60
60
61
62
62
63
64
64
64
65
66
67
67
67
67
66
67
67
67
67
67
66
66
66
66
67
68
69
69
69
69
70
71
71
72
72
72
72
72
71
72
73
72
72
71
70
71
71
71
72
72
73
73
73
74
73
73
73
74
73
73
72
73
73
73
72
74
74
74
75
75
75
73
74
72
72
72
71
71
69
69
70
69
71
70
70
70
70
71
70
70
69
70
71
71
72
73
72
73
75
75
76
76
75
74
74
72
73
73
74
73
73
73
73
73
71
72
73
74
74
74
74
72
71
71
72
70
70
71
71
71
72
72
73
74
74
73
71
72
71
72
72
72
72
71
71
72
73
73
72
71
71
71
71
72
72
72
72
73
73
74
75
74
75
75
75
74
74
73
73
72
72
73
73
74
75
75
74
75
75
76
76
76
76
76
76
76
76
77
77
77
77
76
76
76
77
77
78
78
78
77
77
77
76
76
77
76
76
75
77
78
79
79
80
80
81
79
79
79
80
80
81
80
80
81
81
82
82
81
82
82
81
82
80
80
81
81
82
82
82
81
81
81
81
82
81
79
79
80
79
78
78
76
75
73
73
71
75
76
78
79
79
76
76
76
77
76
78
78
77
77
77
77
77
78
79
80
80
79
79
80
78
80
80
81
82
83
83
82
83
84
84
85
84
83
83
83
83
82
82
84
85
85
85
85
86
86
87
86
86
85
84
84
85
87
86
86
84
85
84
85
85
85
88
87
86
87
85
85
83
82
83
83
83
81
85
89
90
90
90
90
92
91
92
92
92
92
92
92
94
92
92
91
90
90
89
89
89
90
90
89
90
92
92
91
91
88
90
92
91
90
91
91
92
91
91
91
91
91
91
91
90
90
90
90
91
91
92
90
86
86
86
87
86
86
85
87
87
87
87
86
87
87
87
87
86
87
87
85
86
85
85
84
85
85
85
84
84
85
85
85
84
84
84
84
85
84
84
84
83
84
83
82
83
84
83
83
83
83
84
85
86
86
86
86
87
87
87
87
85
83
82
81
82
83
83
82
82
80
79
79
79
79
80
80
79
81
80
79
77
72
77
75
77
77
77
75
76
77
76
78
79
77
78
79
79
78
78
77
76
76
75
73
74
73
71
71
72
71
74
75
75
76
78
78
78
79
76
74
74
74
76
76
78
76
80
81
81
82
81
82
83
82
82
81
80
81
80
79
77
78
77
78
77
77
76
76
76
76
76
76
77
75
76
74
75
75
74
73
74
73
74
72
72
71
72
73
73
74
73
73
71
71
71
69
69
69
70
70
67
65
66
64
65
67
67
64
65
65
63
65
64
63
63
65
62
63
64
64
64
67
68
69
68
70
71
69
71
73
72
74
74
75
76
76
76
74
74
75
77
76
76
77
80
79
76
76
74
75
75
76
76
76
75
75
75
75
75
76
76
77
78
78
77
77
78
78
77
76
71
71
72
72
71
71
70
70
70
70
70
71
70
69
67
68
68
67
67
67
67
67
68
67
68
67
67
68
68
68
68
68
68
67
67
67
68
69
71
71
70
71
68
66
66
69
70
71
71
70
71
72
73
74
75
75
76
75
76
76
76
76
77
77
73
70
71
71
70
69
69
69
70
70
70
70
69
70
70
70
71
71
72
72
71
71
71
71
72
71
71
71
71
70
70
69
66
67
67
67
68
68
68
68
68
68
68
67
67
67
67
67
67
67
67
68
67
68
68
66
68
68
68
68
69
68
69
68
66
64
64
65
66
65
65
65
65
66
66
69
69
70
72
71
71
72
72
73
74
75
74
73
73
72
74
73
74
75
77
77
78
78
77
77
77
78
78
78
78
77
77
77
77
77
77
76
76
76
77
77
77
77
77
77
76
77
78
78
79
79
80
80
79
78
79
79
79
80
80
80
81
82
82
82
82
86
86
85
85
84
83
84
84
84
84
83
82
82
82
82
82
83
83
82
84
84
84
85
82
84
84
84
84
84
84
85
84
84
85
84
85
85
86
86
87
88
88
89
89
90
91
92
94
100
96
95
96
96
96
96
96
97
97
96
96
95
97
95
94
96
96
96
97
98
99
100
100
102
103
103
101
100
99
99
99
99
101
100
101
102
103
102
103
104
105
105
103
103
101
101
101
101
100
101
101
102
102
102
102
103
103
102
102
103
104
105
104
104
104
101
105
105
101
103
103
100
100
98
98
99
100
99
96
97
97
98
98
97
97
96
97
99
100
100
99
98
97
99
100
101
102
102
102
102
102
103
103
105
104
105
105
105
105
106
106
106
107
107
108
109
109
110
110
110
110
109
110
109
108
102
105
106
106
106
109
108
107
109
110
109
108
107
106
106
107
107
108
109
110
111
109
109
109
111
112
112
113
112
113
112
113
113
113
112
112
111
114
114
114
114
113
114
114
116
117
117
117
118
116
113
114
113
113
117
118
117
120
124
127
127
128
126
126
124
125
124
123
125
120
114
119
