124
127
124
124
123
123
121
120
116
116
119
116
116
117
117
116
117
116
117
118
118
118
118
119
120
119
120
121
122
122
123
123
124
124
125
124
123
121
117
118
123
124
126
127
128
125
126
125
125
128
129
130
134
135
136
136
137
137
138
139
138
139
138
140
139
140
142
139
141
141
143
143
140
137
140
140
139
137
136
138
136
134
136
138
137
135
134
136
137
139
140
136
133
127
126
128
128
128
129
128
125
127
127
127
126
130
131
131
133
133
132
133
132
133
133
131
129
129
132
134
135
137
139
141
139
138
139
137
139
140
139
139
138
139
140
140
141
142
141
139
140
143
142
142
142
144
143
146
150
151
150
152
150
150
154
155
155
155
157
158
159
156
158
159
162
159
159
160
158
159
162
166
168
168
168
171
172
173
170
168
168
168
169
170
169
167
168
165
167
165
160
164
165
166
170
169
165
163
160
160
164
163
164
164
166
166
164
163
168
173
174
178
181
181
181
183
183
184
187
186
187
186
189
191
191
193
194
198
198
197
203
206
204
206
204
208
209
209
217
209
206
204
195
193
196
196
205
216
212
203
213
218
222
222
225
219
220
222
223
221
224
230
237
236
238
242
240
245
249
249
249
247
242
239
240
230
231
233
234
227
228
227
225
221
212
214
220
229
230
227
223
213
211
217
222
208
213
210
205
205
208
208
217
209
211
202
196
200
205
214
220
216
207
198
199
201
204
205
201
202
200
202
201
206
209
208
217
218
220
215
213
207
210
206
200
197
199
201
198
198
198
196
201
203
199
202
201
207
210
208
208
210
212
209
207
202
202
203
205
205
204
199
201
200
204
207
207
204
206
211
218
216
213
210
212
205
200
196
201
200
201
202
203
203
204
205
203
199
201
199
199
195
197
189
185
186
184
186
185
183
181
186
182
175
178
185
190
182
180
183
184
184
182
179
185
183
183
188
180
181
184
178
176
171
171
173
186
183
183
185
184
184
184
183
191
184
191
190
187
182
180
178
178
179
179
181
183
183
181
182
180
182
180
181
178
178
177
174
171
169
163
161
156
157
148
147
149
144
138
142
145
150
148
152
151
150
153
151
149
146
144
144
147
150
149
150
148
149
145
147
139
144
147
147
156
156
154
151
148
150
152
147
149
146
151
153
152
155
159
158
159
158
155
150
145
143
143
142
142
139
138
138
136
131
129
128
125
125
126
124
125
132
130
132
130
128
127
127
127
126
126
128
131
130
132
136
135
131
127
130
126
127
129
127
127
129
131
129
116
109
112
113
117
116
113
115
118
114
112
112
108
106
107
107
108
108
106
105
103
103
101
98
101
106
109
106
102
103
103
104
102
102
103
104
105
104
100
100
99
98
94
96
103
104
102
104
109
106
107
109
108
107
104
104
101
100
101
104
105
100
99
98
99
104
103
101
101
101
100
105
102
97
98
95
92
92
90
89
84
75
79
78
76
78
77
73
73
72
72
75
76
72
70
68
68
71
73
70
69
65
63
60
61
58
53
54
53
55
64
65
69
72
75
75
71
71
76
67
71
69
67
66
64
67
66
64
69
69
72
72
75
73
74
71
67
68
65
64
62
64
61
61
62
60
60
63
62
61
64
66
68
65
64
63
67
70
66
63
64
67
69
64
64
66
68
69
69
69
70
69
67
69
68
64
62
59
58
56
53
53
60
58
56
59
61
62
63
65
64
67
66
62
62
63
61
57
59
58
63
71
75
76
76
79
80
78
79
81
82
84
85
84
88
84
83
81
83
84
86
86
83
87
92
93
94
95
90
94
95
96
94
92
95
92
92
95
101
100
98
96
101
97
97
97
99
97
96
96
91
89
88
88
91
93
92
91
92
92
90
94
94
93
90
91
90
88
89
89
92
94
97
95
96
94
97
99
97
98
102
100
100
100
99
102
101
102
104
101
102
102
98
91
90
90
91
91
91
89
90
90
91
96
96
94
93
92
96
94
94
94
97
100
103
103
96
98
98
96
98
99
98
100
100
100
100
101
104
102
101
99
98
98
96
92
91
89
91
89
94
94
93
93
96
96
98
103
104
107
109
108
104
104
104
101
102
100
102
101
98
100
99
96
98
98
97
100
97
96
96
91
94
93
95
96
97
97
95
97
94
95
96
98
92
88
90
88
85
89
85
84
85
87
88
91
95
97
98
102
101
101
102
101
98
100
99
101
102
96
92
93
94
92
91
92
90
89
89
88
89
88
87
87
87
88
91
91
94
94
94
93
92
90
93
92
91
91
93
95
96
102
103
102
100
97
98
98
97
97
98
99
99
101
97
100
96
96
96
95
93
94
95
100
103
100
101
100
99
99
99
102
104
105
105
107
110
113
112
113
113
111
115
115
115
113
118
116
118
116
118
116
116
117
115
114
114
116
116
116
117
116
123
125
125
124
127
125
126
123
121
120
123
123
125
125
126
126
121
123
124
126
124
124
124
126
127
132
134
134
134
133
133
135
129
132
134
131
134
137
138
137
137
136
138
137
136
136
133
133
132
132
131
133
135
136
136
130
130
130
134
133
132
136
139
132
132
128
130
130
128
126
127
128
131
130
129
126
127
131
137
136
135
136
136
134
135
134
135
133
135
137
141
143
144
144
146
146
146
146
145
144
144
144
147
145
145
143
142
145
145
147
147
148
147
148
145
142
144
142
144
141
144
147
146
144
147
144
145
145
146
143
143
144
152
152
150
150
153
152
152
153
154
155
152
152
153
154
157
159
159
159
159
158
156
159
160
159
158
158
160
163
162
164
166
166
166
166
166
170
168
168
168
171
168
165
165
163
164
164
163
162
162
163
171
172
173
177
188
197
197
201
202
171
161
173
166
168
166
164
176
