66
66
67
67
67
67
66
67
69
70
69
67
67
68
67
65
64
65
65
68
70
71
72
74
77
77
78
76
74
75
76
76
75
76
74
74
72
69
69
71
72
73
73
72
72
69
70
69
71
70
71
71
73
72
71
73
73
72
73
74
75
73
73
71
70
70
70
70
69
71
72
71
68
71
73
73
73
72
70
70
71
71
73
75
74
73
71
72
73
73
72
69
67
65
65
69
68
65
66
67
68
68
69
69
70
71
71
72
72
73
73
74
76
75
75
75
76
75
76
75
78
80
80
79
81
79
80
80
80
82
79
79
80
78
79
79
81
81
82
83
85
85
85
84
85
86
87
90
89
91
92
91
91
91
92
91
91
93
94
96
96
93
97
99
100
100
101
100
97
97
98
99
101
102
106
107
111
109
104
103
105
106
106
108
106
104
104
107
113
101
101
103
105
101
103
104
105
98
98
99
101
101
98
100
96
96
98
99
97
101
96
95
96
95
98
98
99
100
100
103
104
103
104
103
104
102
103
101
101
99
100
101
97
95
96
100
99
102
102
104
105
102
98
97
98
99
97
98
96
97
100
104
103
104
106
107
110
110
111
111
116
114
113
114
111
114
116
116
116
113
113
113
114
108
110
110
112
113
116
114
117
120
117
117
116
117
120
119
119
118
118
115
113
116
117
114
115
115
119
119
120
120
122
123
121
120
120
120
119
118
117
119
137
130
128
129
129
128
127
125
124
125
125
129
128
127
129
130
131
130
130
130
132
133
134
134
133
137
137
139
140
139
139
139
142
142
138
141
142
142
144
143
142
141
140
141
142
142
141
141
140
143
140
142
144
147
149
147
148
147
147
143
138
138
140
134
139
135
140
139
137
136
134
137
136
135
143
134
136
140
141
141
144
144
143
143
139
137
135
134
134
134
133
135
138
137
135
133
127
128
129
126
125
129
127
123
123
121
118
117
116
113
112
107
101
104
112
108
111
113
109
110
107
106
112
111
109
115
108
107
110
115
120
116
114
114
114
116
115
116
116
122
121
122
117
110
104
103
104
106
107
103
99
101
101
97
100
98
101
111
110
108
113
112
113
112
109
106
105
105
100
101
99
101
99
97
96
98
93
96
99
103
102
100
102
103
101
100
106
110
111
111
114
111
108
104
109
113
111
109
109
117
114
117
114
115
113
109
110
111
109
110
109
107
108
108
106
106
107
105
109
109
111
109
111
113
113
114
114
116
116
120
123
125
123
126
125
125
127
129
127
128
127
125
124
123
123
121
122
127
124
123
132
121
120
120
120
116
119
117
114
115
115
111
117
119
117
117
116
114
115
116
116
114
114
116
118
120
121
119
117
119
122
121
119
118
117
117
117
115
111
110
111
109
106
105
106
106
107
105
106
108
107
105
103
102
103
104
105
101
100
102
105
105
103
103
106
107
112
112
112
115
118
116
116
115
116
112
110
100
102
101
104
105
106
107
108
109
107
109
111
108
106
106
105
106
109
107
105
102
104
101
104
101
98
101
104
103
111
112
115
117
122
122
121
119
119
122
121
116
115
116
117
117
112
114
116
118
118
119
121
116
115
118
116
118
112
112
113
116
118
117
116
115
120
121
119
119
119
121
117
114
110
103
106
104
104
101
103
105
101
96
91
87
87
93
90
91
89
89
89
91
88
83
82
83
82
81
81
83
85
79
77
85
82
78
81
90
89
91
84
86
90
88
83
84
82
81
84
87
82
86
81
87
86
84
84
87
86
85
86
89
89
90
94
93
92
94
93
93
96
99
99
98
96
96
92
96
93
99
96
95
99
94
96
98
101
103
104
107
107
107
102
109
107
110
107
108
108
113
112
110
109
108
106
110
113
110
111
113
116
115
116
117
116
114
116
116
118
119
120
118
119
115
115
117
117
118
123
120
119
114
113
114
113
113
117
116
120
120
114
112
113
117
118
120
117
115
118
116
119
120
121
119
120
119
119
118
119
118
117
114
115
113
114
119
117
117
121
123
128
128
129
128
131
131
131
129
130
130
130
131
132
132
133
133
134
134
132
136
135
135
136
134
129
130
126
126
126
129
127
127
131
127
124
122
124
128
132
134
137
137
139
140
140
141
138
138
139
138
139
139
138
137
137
135
132
135
133
130
131
128
125
121
124
122
122
124
124
124
127
128
130
126
129
129
128
129
129
120
133
141
137
141
140
143
144
144
147
142
140
137
138
138
138
137
136
137
136
137
136
137
138
138
138
140
138
140
142
144
139
140
138
138
140
137
139
138
141
141
138
135
136
134
133
136
130
126
128
131
132
133
136
134
133
134
129
131
126
127
125
127
127
125
125
126
124
119
122
119
119
122
123
122
120
120
118
118
118
115
117
119
123
120
119
118
121
118
118
119
119
121
122
119
119
118
117
117
120
119
120
118
118
117
116
115
117
117
120
122
124
121
118
120
118
116
116
116
118
116
115
113
111
110
107
108
107
103
102
103
99
99
101
100
100
97
94
94
92
93
92
91
93
93
93
94
95
95
96
95
92
91
92
95
92
93
93
95
94
97
96
95
96
98
96
99
98
99
98
98
93
94
92
91
101
98
98
96
97
96
97
98
98
99
99
99
100
99
98
99
100
102
102
102
101
100
101
102
107
107
106
108
108
109
109
112
113
114
116
114
112
116
116
116
115
116
117
115
114
116
116
116
117
115
116
118
115
113
114
112
116
117
118
121
121
123
126
126
125
125
124
121
116
116
116
116
116
116
117
116
113
114
116
117
117
113
112
110
112
112
113
114
114
113
113
114
113
114
119
120
122
122
124
123
126
126
128
128
128
128
126
128
128
126
126
124
125
127
126
124
121
119
117
114
113
112
110
108
108
