64
65
65
65
64
64
64
65
64
65
66
65
65
66
65
65
66
66
67
68
68
71
69
69
70
69
69
69
69
69
71
71
71
71
72
71
70
68
66
66
67
67
66
67
67
66
66
66
65
65
64
68
69
67
67
68
68
68
68
68
69
69
69
69
69
69
70
70
70
70
70
70
69
69
70
70
70
68
68
69
69
68
72
73
72
72
72
72
72
72
72
71
70
68
69
69
70
70
70
70
70
72
72
73
73
71
71
71
72
72
71
72
72
71
71
72
72
74
74
73
74
74
74
75
74
74
74
74
72
72
73
72
72
72
73
72
73
73
71
71
71
71
71
69
70
70
70
72
72
72
73
73
73
73
74
73
72
72
72
72
72
72
72
71
70
71
71
71
66
67
66
67
67
66
66
68
67
67
67
65
66
67
67
67
68
68
69
69
70
70
70
71
72
71
73
73
74
74
74
72
76
78
77
77
78
78
75
76
75
75
74
74
74
73
72
73
73
72
72
73
74
74
74
74
74
75
75
75
76
77
77
75
75
75
74
73
73
72
73
72
71
69
69
68
68
67
66
67
72
72
71
72
72
73
73
73
74
73
74
73
73
73
73
73
73
74
73
74
75
76
77
77
77
77
77
75
75
75
75
74
76
75
75
74
74
73
75
76
78
77
77
75
75
76
77
75
75
76
76
77
75
76
80
77
77
78
78
77
77
76
76
76
76
76
76
76
77
77
76
75
75
75
75
75
75
75
76
77
77
77
78
79
79
79
80
80
79
80
79
79
79
80
80
80
81
80
81
82
82
82
82
82
82
82
82
82
82
82
83
83
83
81
77
76
75
75
75
74
74
74
74
69
71
71
71
70
70
70
70
70
70
71
71
72
72
72
73
72
73
73
73
72
72
72
72
70
72
72
72
72
73
72
71
72
72
73
73
73
72
72
73
72
72
73
72
72
72
72
71
70
71
69
69
68
66
66
68
68
69
70
70
69
70
70
70
70
71
72
72
72
73
73
73
73
73
75
75
74
74
74
74
76
76
76
76
77
76
77
79
78
78
77
76
71
71
72
73
70
69
71
71
72
72
73
73
73
74
73
73
72
71
71
73
74
73
74
71
72
71
72
71
72
74
74
73
74
73
74
72
73
73
73
75
73
74
74
74
75
74
76
77
77
78
77
78
79
79
81
81
80
80
80
79
79
78
77
78
78
78
78
79
79
79
80
80
79
79
78
79
79
79
79
80
79
78
79
80
80
80
80
79
80
81
84
84
84
87
86
86
86
86
92
90
90
89
91
90
89
90
90
92
94
94
95
95
93
91
93
92
92
90
90
91
91
90
91
90
90
92
91
90
91
92
91
92
93
93
92
92
92
92
90
91
92
91
91
88
89
89
91
91
91
90
88
88
88
88
89
88
86
87
87
88
89
88
88
89
89
87
88
86
82
82
84
83
85
86
85
81
74
79
78
80
82
81
78
80
81
79
81
83
81
80
81
81
82
83
81
80
80
79
79
79
78
76
78
80
78
83
83
70
67
68
70
70
70
69
71
72
75
73
74
73
73
74
73
73
73
71
71
72
72
71
71
69
69
68
69
69
69
70
71
72
73
72
73
73
73
73
74
75
74
76
75
76
74
73
71
72
73
74
72
72
74
73
74
74
74
74
74
71
73
71
70
69
69
69
71
69
68
67
68
68
69
69
68
69
70
71
72
73
73
72
72
69
67
67
66
66
68
70
71
71
71
71
71
72
72
71
73
76
76
76
78
77
77
77
77
78
77
78
79
79
78
79
79
80
80
80
81
82
81
82
82
81
82
82
82
82
81
82
82
82
81
82
85
82
81
82
82
81
80
80
81
79
81
81
81
82
82
81
81
80
81
81
80
80
80
80
82
83
83
82
82
82
82
83
83
84
84
83
82
82
83
82
83
85
84
84
85
83
81
80
82
83
83
83
83
84
85
86
87
86
90
88
88
87
88
88
88
90
89
89
90
90
89
89
88
88
89
89
89
89
89
90
90
90
90
90
90
89
90
90
90
90
90
91
90
91
91
92
91
90
88
87
88
87
87
87
88
89
89
90
90
90
90
90
90
90
91
91
91
87
88
88
90
88
89
90
89
87
87
87
86
87
87
85
86
85
86
62
61
60
60
61
62
61
62
61
61
61
60
61
62
62
62
62
63
63
63
64
63
63
63
63
63
64
64
64
65
65
64
64
64
64
64
64
64
64
64
64
64
64
63
63
64
64
65
64
64
65
64
64
65
64
64
65
66
66
65
66
66
65
65
66
66
66
66
66
67
68
68
68
69
68
68
66
66
66
66
65
66
65
65
65
64
64
64
65
64
64
64
64
64
64
64
64
63
63
63
64
64
64
64
64
63
64
64
64
64
64
64
64
64
64
64
65
65
65
66
66
66
66
66
66
67
68
69
69
69
69
69
69
69
70
69
69
69
70
71
71
72
72
72
72
73
74
74
74
74
74
74
73
72
73
73
73
73
74
74
74
75
75
75
74
74
74
74
73
73
73
73
74
74
74
73
73
74
74
74
74
75
75
75
74
75
75
76
75
75
75
75
75
74
75
75
76
76
76
76
75
76
76
76
77
77
76
76
76
76
77
76
76
76
76
77
78
77
77
77
75
76
76
77
76
76
74
73
73
74
73
74
74
74
75
76
76
76
76
76
77
76
76
76
76
76
76
75
75
76
75
75
75
79
79
79
80
81
81
79
80
80
79
79
78
79
79
79
79
79
80
81
82
83
84
84
83
83
83
83
82
82
82
83
83
83
83
82
83
82
82
83
83
82
81
82
83
83
83
83
83
83
84
83
83
83
84
85
86
85
86
86
85
85
84
84
82
78
80
