75
76
76
76
76
76
76
76
75
74
74
74
74
74
75
75
75
76
75
75
75
76
76
76
75
73
73
74
73
73
74
73
74
74
75
75
75
75
74
74
75
75
76
76
75
73
73
73
73
74
74
74
75
75
75
76
76
76
76
77
77
77
78
78
79
80
80
80
80
80
81
81
79
79
80
80
79
80
79
79
77
77
79
79
78
78
77
78
79
80
80
77
76
76
76
75
76
75
75
75
76
76
76
77
77
78
78
79
80
81
82
82
84
84
84
84
83
84
84
83
84
84
84
84
83
83
83
82
82
82
80
80
79
80
80
80
81
81
80
78
78
79
80
79
79
80
80
81
81
80
81
83
83
83
84
84
84
84
84
82
82
82
82
82
83
83
82
84
84
85
86
86
88
87
87
88
89
88
89
81
85
86
88
89
88
88
88
88
89
89
88
89
89
89
89
90
91
89
90
90
89
90
90
90
91
91
91
90
90
92
92
92
92
90
90
91
91
91
94
93
93
93
93
93
93
94
93
93
94
93
96
98
96
97
96
97
98
97
97
96
96
94
94
93
93
94
93
94
91
91
92
93
94
95
96
95
96
96
96
95
95
96
95
95
95
95
93
96
97
97
99
98
98
96
97
95
94
94
95
95
96
94
93
93
93
93
94
94
95
97
98
97
95
94
96
92
93
93
93
91
92
92
92
107
101
100
99
98
97
98
97
99
100
100
99
101
102
102
102
100
101
102
102
102
102
102
103
103
104
104
105
106
106
107
108
106
106
106
106
106
105
104
106
105
106
105
104
105
105
104
104
104
105
104
104
104
103
104
104
103
103
102
101
102
104
102
99
100
102
101
101
101
100
100
100
98
97
96
97
96
97
98
98
98
100
100
100
100
100
101
101
99
100
100
100
101
100
101
102
103
104
105
105
104
105
104
105
104
102
102
103
101
101
102
101
101
102
103
102
102
103
102
101
99
96
96
97
98
100
102
103
105
105
106
108
108
110
111
110
110
111
110
109
110
111
111
111
110
110
111
110
111
110
110
111
112
112
112
114
113
114
115
113
114
112
112
112
110
110
113
116
115
116
114
114
114
113
115
114
114
117
116
119
118
118
119
117
117
115
118
116
116
118
117
116
116
113
112
112
115
115
116
117
115
116
117
118
118
119
121
120
120
122
121
121
121
121
121
121
119
119
119
117
116
116
117
118
117
117
115
119
119
119
118
117
115
116
118
118
118
116
116
117
116
116
118
118
116
116
115
115
115
116
117
117
118
119
116
116
112
110
111
111
111
110
112
113
113
113
113
114
113
114
114
114
114
114
114
114
113
115
114
114
113
113
114
113
113
114
113
112
112
113
113
113
113
114
112
114
114
107
110
110
110
108
109
109
109
108
107
108
108
108
107
108
108
108
108
108
106
105
107
107
105
104
104
104
104
102
103
103
103
106
104
105
106
105
105
105
101
104
99
101
103
104
103
101
102
101
102
103
99
100
99
100
100
101
100
99
98
97
97
96
94
92
95
94
89
96
95
95
95
96
96
96
96
95
98
98
98
98
97
95
94
94
95
102
105
105
107
108
107
107
107
107
107
102
105
105
105
105
105
105
104
102
102
102
101
102
103
102
100
100
100
99
101
99
99
100
101
102
100
99
101
102
102
102
101
103
102
101
102
103
102
102
102
101
104
101
100
102
98
99
99
98
100
102
103
98
98
98
99
98
96
95
92
92
92
88
92
94
95
95
96
95
93
95
97
98
97
97
97
98
98
100
101
102
102
104
104
104
104
104
104
103
105
104
105
104
106
107
106
108
106
106
108
108
109
110
112
114
115
114
114
114
115
115
114
115
116
116
115
116
116
114
115
116
116
117
117
117
117
117
119
118
118
119
119
120
121
122
122
123
122
122
123
122
121
119
119
119
118
115
117
116
117
118
119
118
119
118
117
117
118
120
121
121
120
122
123
125
125
125
126
127
125
125
125
126
125
124
123
124
126
127
131
131
131
131
131
131
132
129
129
130
129
129
129
128
127
128
129
130
128
129
130
131
130
130
129
130
130
130
129
125
126
123
123
125
125
126
125
128
128
128
127
128
129
129
130
130
130
130
131
132
132
127
126
128
127
128
129
128
127
128
128
125
121
121
107
107
104
102
103
104
103
104
102
100
98
98
101
101
101
101
101
100
102
102
104
103
102
100
101
101
104
104
105
105
106
106
102
102
103
103
102
102
102
102
103
103
103
104
104
105
105
105
111
114
114
115
114
116
115
115
113
114
115
116
116
117
116
119
118
118
118
118
118
117
118
117
117
117
118
116
117
117
117
116
117
117
118
118
118
117
117
117
118
119
120
119
119
120
119
122
122
121
121
120
120
121
121
121
121
122
122
121
120
120
120
120
119
119
120
121
120
120
122
122
123
125
116
118
120
121
120
119
117
117
117
118
120
121
121
120
119
118
118
118
118
118
119
119
119
118
120
122
124
124
124
125
125
125
125
126
125
126
126
127
128
129
130
129
129
129
129
128
129
129
127
126
127
127
128
127
129
133
132
131
131
130
130
129
129
128
125
124
117
120
117
117
118
117
114
112
110
113
113
114
113
112
112
113
113
113
113
114
112
113
114
114
114
115
116
115
116
116
116
116
116
116
116
116
116
113
114
115
115
116
116
117
118
116
118
119
119
118
118
118
120
120
120
120
121
122
123
122
121
122
122
123
122
112
115
110
109
110
113
109
111
110
113
112
111
112
112
113
114
113
113
113
116
117
117
115
115
115
116
115
113
114
113
114
114
116
119
121
122
120
120
120
120
122
121
125
125
125
126
127
124
123
123
122
122
122
122
124
126
125
126
125
126
123
127
126
127
125
121
122
