32
33
33
34
33
33
34
34
32
33
33
32
32
33
33
35
34
34
34
34
34
34
34
34
35
33
33
33
34
34
33
33
32
33
33
33
33
32
32
32
33
34
33
33
33
32
33
33
33
33
33
32
31
32
33
34
33
33
34
33
33
33
33
34
33
33
33
33
33
34
34
33
33
33
34
34
33
32
32
33
32
32
32
32
32
32
31
31
31
31
31
31
31
30
31
32
31
31
31
30
30
30
30
31
31
31
31
31
32
31
31
31
30
30
30
30
30
30
30
30
30
30
30
32
31
31
31
31
30
30
30
30
30
30
30
30
30
30
30
29
29
29
29
29
30
30
31
31
31
31
31
31
32
32
33
33
32
32
31
31
32
31
31
32
32
32
32
32
32
32
32
32
32
32
33
33
33
33
32
33
33
33
32
32
32
32
32
32
32
31
31
32
32
32
32
32
32
32
31
31
32
31
31
31
31
31
31
31
31
32
32
32
31
31
31
32
32
32
32
32
33
32
32
33
33
33
33
32
32
32
32
32
32
32
32
32
32
32
32
31
31
32
32
31
31
31
30
30
31
30
30
30
31
30
29
30
30
30
30
30
30
30
30
30
30
31
31
31
31
31
31
31
30
30
30
29
29
29
29
30
30
29
29
29
29
29
29
29
29
30
30
29
29
29
29
29
28
29
29
29
29
30
30
29
30
31
30
30
30
30
30
30
30
31
30
31
31
31
31
30
31
31
30
30
30
31
31
31
31
31
31
31
31
32
32
32
32
32
32
32
32
33
33
32
33
33
32
32
32
32
32
32
33
33
32
32
32
32
33
33
32
32
32
33
33
33
33
33
33
33
33
33
33
33
33
32
32
32
32
32
33
33
33
34
34
35
35
35
35
35
35
35
35
35
37
36
36
36
36
36
36
36
36
36
37
37
37
37
36
36
37
36
36
37
37
37
37
38
37
37
37
37
37
36
35
35
35
35
36
36
36
36
37
37
37
37
38
37
38
39
39
40
40
40
44
43
43
44
45
44
43
43
44
45
44
45
45
44
45
45
44
44
43
44
43
43
42
42
41
42
43
44
44
43
44
44
44
43
43
43
43
43
45
44
44
44
42
43
43
44
44
44
45
44
44
44
43
43
43
44
44
44
43
44
43
45
47
45
46
46
46
46
46
46
46
46
47
47
47
46
47
46
46
46
46
46
47
47
47
47
47
47
48
47
47
46
46
46
47
46
46
46
46
46
46
47
47
47
47
47
47
47
47
47
47
47
48
47
46
45
45
45
47
46
45
46
46
46
46
46
47
46
47
47
47
48
48
48
49
49
50
50
50
49
49
49
49
49
50
50
49
49
50
50
50
51
50
50
50
54
49
48
49
49
48
49
47
47
47
47
47
48
47
48
48
50
49
50
50
49
50
49
48
49
49
49
49
50
48
48
48
48
48
48
47
49
47
47
46
43
45
44
45
46
46
44
44
45
44
45
45
44
45
45
45
45
45
45
45
44
44
44
44
42
40
41
41
41
43
43
42
43
43
43
43
42
42
43
44
44
43
42
41
42
43
43
43
43
44
46
47
47
45
46
46
46
45
44
45
45
46
47
47
47
47
47
47
47
47
47
46
45
46
45
46
45
45
46
47
47
47
47
47
48
48
48
48
48
48
48
47
48
47
47
47
46
44
45
43
43
44
43
44
44
43
43
44
43
43
43
42
42
41
41
40
40
40
39
40
42
41
42
42
42
43
42
42
43
42
41
42
42
41
41
41
41
40
40
42
41
41
40
40
41
42
43
42
42
42
43
43
44
45
45
46
47
47
47
47
47
47
48
48
49
49
48
49
48
47
48
47
47
47
48
48
47
47
47
46
46
46
46
46
47
46
47
47
47
47
47
47
48
47
47
48
48
48
48
48
48
47
47
46
47
47
47
47
47
47
48
46
46
46
47
47
48
47
47
48
48
49
49
49
50
50
50
50
50
50
50
50
50
50
50
50
50
50
52
52
52
51
51
51
52
52
52
52
52
52
52
52
51
51
51
51
51
51
51
51
51
51
51
52
51
50
51
50
51
51
51
51
51
51
52
51
51
52
52
51
52
52
52
52
52
52
52
51
51
51
50
51
51
51
51
51
50
50
49
48
49
48
51
50
49
51
50
52
52
51
51
49
49
49
49
50
50
49
50
50
50
51
50
49
49
50
51
51
52
52
51
51
52
52
52
53
53
53
53
54
54
53
54
54
54
54
54
54
54
54
53
54
54
53
53
54
54
54
54
54
54
54
54
55
55
56
56
56
56
56
56
54
55
55
55
53
52
53
54
54
54
53
54
54
53
53
53
53
53
54
53
53
53
54
55
54
54
53
54
54
53
54
54
54
53
53
53
53
53
53
53
53
53
53
53
53
54
54
54
55
55
55
56
56
56
56
56
55
59
59
59
59
60
60
60
60
60
60
60
60
60
61
63
63
62
63
62
63
62
62
63
63
62
63
62
62
62
63
63
63
63
63
64
63
63
63
63
62
62
63
62
62
62
62
62
63
63
63
63
63
63
63
63
63
61
62
62
62
62
62
61
62
62
60
60
61
60
60
61
61
61
61
61
61
61
62
62
62
61
62
62
63
63
64
64
65
65
65
65
65
65
65
65
65
64
64
64
64
63
63
63
64
64
64
63
64
64
64
64
64
65
66
66
66
66
66
66
65
65
65
64
64
63
64
64
68
69
70
68
69
69
69
69
70
70
70
71
71
71
71
71
72
72
72
72
72
71
71
71
72
72
72
72
72
72
72
73
73
73
72
72
73
72
73
73
72
73
73
73
75
75
74
75
76
76
77
77
77
77
78
78
79
80
78
78
77
78
77
73
73
